#!ascii label  , from subject sub-01 vox2ras=TkReg
1666
56412  -36.581  -9.294  78.400 0.0000000000
63375  -47.175  -0.626  60.054 0.0000000000
53920  -37.827  -13.060  66.724 0.0000000000
50234  -4.573  -17.041  81.591 0.0000000000
46439  -23.700  -18.697  80.874 0.0000000000
53793  -5.963  -11.442  80.973 0.0000000000
56337  -8.615  -8.922  87.389 0.0000000000
57372  -44.320  -8.412  61.907 0.0000000000
55613  -5.813  -11.177  75.058 0.0000000000
51127  -5.875  -15.759  90.085 0.0000000000
52994  -35.863  -12.697  73.229 0.0000000000
54728  -32.867  -10.951  77.231 0.0000000000
53801  -30.399  -10.947  81.547 0.0000000000
65026  -49.817  0.804  57.251 0.0000000000
53106  -41.331  -13.539  62.866 0.0000000000
46471  -18.499  -19.260  79.419 0.0000000000
58089  -4.151  -7.179  78.013 0.0000000000
51193  -9.675  -15.098  81.219 0.0000000000
51221  -8.397  -16.219  75.524 0.0000000000
104545  -4.120  -17.890  77.947 0.0000000000
49244  -13.477  -16.106  90.606 0.0000000000
53724  -11.017  -13.530  92.221 0.0000000000
110575  -37.598  -10.105  69.979 0.0000000000
52894  -28.345  -12.047  83.588 0.0000000000
106948  -24.512  -16.588  78.365 0.0000000000
54641  -7.485  -10.334  84.641 0.0000000000
52038  -9.329  -14.295  85.468 0.0000000000
102614  -44.612  -3.858  62.261 0.0000000000
46352  -15.061  -18.344  86.942 0.0000000000
45454  -16.623  -19.344  83.466 0.0000000000
52936  -5.728  -12.655  77.289 0.0000000000
108599  -5.307  -15.051  72.096 0.0000000000
57976  -11.922  -7.719  89.099 0.0000000000
53743  -8.833  -13.162  89.724 0.0000000000
107140  -4.051  -16.120  85.997 0.0000000000
55600  -38.053  -9.336  77.480 0.0000000000
53842  -36.029  -11.379  77.190 0.0000000000
113986  -37.407  -11.787  76.010 0.0000000000
54718  -34.621  -10.330  78.647 0.0000000000
52948  -33.975  -12.429  76.121 0.0000000000
55580  -33.230  -9.729  79.741 0.0000000000
64182  -48.525  -0.095  58.114 0.0000000000
63371  -43.785  -1.499  59.122 0.0000000000
63385  -46.050  -0.611  57.434 0.0000000000
63393  -46.422  -0.877  55.717 0.0000000000
100802  -39.390  -14.096  64.898 0.0000000000
54808  -36.036  -11.826  67.039 0.0000000000
53065  -36.049  -13.124  65.044 0.0000000000
53087  -37.781  -13.402  63.026 0.0000000000
50237  -7.605  -16.205  81.520 0.0000000000
50276  -7.112  -16.911  78.761 0.0000000000
49321  -4.466  -17.386  79.360 0.0000000000
47506  -2.714  -19.020  77.813 0.0000000000
48413  -2.682  -18.598  80.186 0.0000000000
100788  -12.354  -17.786  89.058 0.0000000000
48333  -11.177  -17.089  91.221 0.0000000000
57304  -37.365  -8.803  70.983 0.0000000000
101163  -37.036  -9.711  74.405 0.0000000000
54765  -35.214  -11.514  71.906 0.0000000000
57286  -35.654  -8.546  72.425 0.0000000000
57302  -35.113  -8.683  70.717 0.0000000000
56375  -29.349  -9.614  83.218 0.0000000000
53826  -28.061  -11.613  79.117 0.0000000000
52082  -26.631  -12.822  79.856 0.0000000000
63410  -49.304  -0.892  52.494 0.0000000000
65063  -48.884  0.170  51.906 0.0000000000
55518  -7.877  -9.820  85.835 0.0000000000
54656  -9.385  -12.059  85.011 0.0000000000
54635  -9.911  -11.849  86.632 0.0000000000
107347  -44.152  -6.206  62.083 0.0000000000
55745  -41.375  -10.315  60.314 0.0000000000
57379  -42.322  -8.121  60.564 0.0000000000
60063  -42.506  -5.796  60.870 0.0000000000
50180  -15.456  -16.250  87.477 0.0000000000
117399  -16.582  -17.322  85.803 0.0000000000
54678  -4.268  -10.212  81.062 0.0000000000
55584  -4.144  -9.863  80.055 0.0000000000
53813  -5.625  -11.985  79.357 0.0000000000
49402  -5.578  -17.337  74.643 0.0000000000
50331  -7.140  -16.077  73.353 0.0000000000
50345  -3.298  -16.482  72.041 0.0000000000
56329  -13.660  -9.265  88.881 0.0000000000
107739  -8.044  -14.574  91.938 0.0000000000
54611  -9.294  -13.019  91.005 0.0000000000
101906  -7.136  -14.653  90.085 0.0000000000
52865  -6.385  -14.643  88.137 0.0000000000
52009  -5.150  -15.614  88.658 0.0000000000
54747  -37.576  -11.018  74.926 0.0000000000
57208  -30.779  -9.411  82.536 0.0000000000
55569  -32.207  -9.808  81.072 0.0000000000
105678  -31.373  -10.405  79.357 0.0000000000
65048  -50.603  1.343  55.088 0.0000000000
63402  -48.505  -0.693  54.031 0.0000000000
54862  -42.544  -11.581  61.502 0.0000000000
53990  -39.149  -12.781  61.273 0.0000000000
100991  -22.729  -19.501  78.308 0.0000000000
119876  -21.459  -19.491  80.464 0.0000000000
56423  -6.390  -9.115  77.693 0.0000000000
53806  -8.398  -12.965  80.961 0.0000000000
52939  -7.817  -13.646  78.436 0.0000000000
50279  -9.348  -16.148  78.483 0.0000000000
49369  -6.612  -17.366  76.821 0.0000000000
49366  -3.079  -17.843  75.611 0.0000000000
52856  -14.234  -13.562  89.589 0.0000000000
117995  -13.034  -12.327  90.791 0.0000000000
51119  -12.450  -15.051  91.562 0.0000000000
51116  -9.394  -15.097  92.732 0.0000000000
54787  -37.560  -11.190  68.124 0.0000000000
55661  -35.240  -10.263  68.363 0.0000000000
112155  -25.382  -15.438  82.678 0.0000000000
52908  -29.409  -11.823  82.336 0.0000000000
51197  -26.580  -13.724  81.417 0.0000000000
48425  -24.409  -17.674  79.973 0.0000000000
108324  -4.219  -9.450  82.640 0.0000000000
56356  -4.679  -8.812  84.163 0.0000000000
54675  -6.422  -11.041  82.410 0.0000000000
109141  -9.351  -12.890  82.943 0.0000000000
51175  -9.445  -14.675  83.340 0.0000000000
51173  -7.430  -15.674  83.728 0.0000000000
63359  -45.769  -1.467  61.036 0.0000000000
61767  -43.319  -3.515  60.886 0.0000000000
51136  -14.707  -14.758  88.116 0.0000000000
48363  -14.156  -17.230  89.132 0.0000000000
47419  -12.586  -18.398  86.848 0.0000000000
102799  -20.358  -19.537  82.359 0.0000000000
45444  -18.982  -19.716  83.106 0.0000000000
47428  -18.053  -18.540  84.752 0.0000000000
46377  -15.892  -18.991  84.698 0.0000000000
47437  -13.416  -18.554  85.137 0.0000000000
58070  -3.204  -7.565  79.128 0.0000000000
55591  -4.980  -10.298  78.747 0.0000000000
54733  -5.474  -11.573  76.223 0.0000000000
52088  -7.034  -14.276  76.445 0.0000000000
52976  -5.954  -13.573  74.341 0.0000000000
52980  -4.666  -12.492  73.031 0.0000000000
57973  -9.869  -7.869  88.556 0.0000000000
55502  -11.541  -11.316  90.684 0.0000000000
55505  -10.871  -10.699  89.888 0.0000000000
55511  -10.452  -10.755  88.586 0.0000000000
52869  -9.470  -13.292  87.354 0.0000000000
52035  -6.901  -14.952  85.881 0.0000000000
51170  -4.113  -16.102  84.013 0.0000000000
49250  -4.104  -18.014  88.612 0.0000000000
49260  -3.599  -17.367  86.449 0.0000000000
111497  -3.130  -18.568  82.587 0.0000000000
56420  -37.153  -9.152  78.194 0.0000000000
58068  -36.898  -8.221  78.420 0.0000000000
54721  -36.534  -10.444  77.929 0.0000000000
54730  -37.145  -10.550  77.570 0.0000000000
54706  -35.658  -10.072  78.628 0.0000000000
53831  -35.599  -10.821  77.740 0.0000000000
114410  -35.823  -8.892  78.848 0.0000000000
55582  -35.047  -9.647  79.196 0.0000000000
64177  -48.451  -0.193  59.140 0.0000000000
63373  -45.318  -0.950  59.574 0.0000000000
63380  -45.040  -0.784  58.730 0.0000000000
64180  -46.860  -0.494  58.617 0.0000000000
64186  -46.912  -0.475  57.788 0.0000000000
53068  -38.710  -13.828  65.536 0.0000000000
99584  -40.437  -13.881  65.315 0.0000000000
53059  -40.019  -13.565  66.802 0.0000000000
53918  -35.688  -12.480  66.309 0.0000000000
53056  -37.249  -13.088  66.087 0.0000000000
53067  -37.782  -13.489  65.311 0.0000000000
50235  -5.521  -16.817  81.257 0.0000000000
115046  -5.481  -16.964  80.415 0.0000000000
50246  -4.785  -17.094  80.703 0.0000000000
49319  -3.046  -18.136  79.912 0.0000000000
49307  -3.151  -18.310  80.751 0.0000000000
47417  -11.410  -18.370  87.800 0.0000000000
118856  -11.229  -17.845  88.867 0.0000000000
56446  -37.488  -8.612  74.320 0.0000000000
56444  -35.932  -9.381  73.501 0.0000000000
57287  -36.476  -8.210  72.729 0.0000000000
57296  -36.208  -8.240  71.969 0.0000000000
64211  -49.986  0.585  53.101 0.0000000000
64216  -49.366  -1.099  51.758 0.0000000000
65901  -49.216  1.545  52.744 0.0000000000
56342  -8.012  -9.294  86.622 0.0000000000
55519  -8.574  -10.190  86.368 0.0000000000
55513  -9.019  -9.723  87.045 0.0000000000
58189  -44.274  -7.667  61.887 0.0000000000
59059  -45.182  -6.885  62.787 0.0000000000
55734  -42.678  -10.159  60.836 0.0000000000
56545  -41.623  -9.421  60.294 0.0000000000
57380  -43.035  -8.530  60.914 0.0000000000
58188  -43.636  -7.166  61.563 0.0000000000
50187  -16.625  -16.836  85.215 0.0000000000
49276  -17.059  -17.118  84.778 0.0000000000
47465  -24.354  -17.953  82.016 0.0000000000
46424  -23.371  -18.818  81.417 0.0000000000
56431  -6.967  -9.820  76.156 0.0000000000
54679  -4.762  -10.561  81.246 0.0000000000
54686  -4.897  -10.728  80.775 0.0000000000
53803  -5.696  -11.708  80.186 0.0000000000
113147  -3.578  -17.138  74.306 0.0000000000
49410  -4.109  -16.985  73.658 0.0000000000
50328  -2.827  -17.140  72.837 0.0000000000
57170  -14.112  -9.104  87.277 0.0000000000
55512  -14.520  -9.996  88.138 0.0000000000
51121  -6.978  -15.148  91.026 0.0000000000
53731  -7.563  -14.381  90.848 0.0000000000
52002  -6.191  -15.187  89.965 0.0000000000
52848  -6.291  -14.945  89.143 0.0000000000
51132  -5.348  -15.493  89.128 0.0000000000
54738  -38.034  -10.710  76.140 0.0000000000
53860  -37.514  -11.739  75.528 0.0000000000
99629  -37.871  -10.539  75.553 0.0000000000
55617  -37.808  -9.988  75.318 0.0000000000
54703  -32.879  -10.183  78.887 0.0000000000
107586  -32.835  -9.907  79.599 0.0000000000
54716  -32.081  -10.224  78.721 0.0000000000
99131  -30.143  -10.576  78.196 0.0000000000
65038  -50.385  1.386  55.809 0.0000000000
64194  -48.455  -0.174  56.589 0.0000000000
63394  -47.445  -0.612  55.270 0.0000000000
64198  -49.043  -0.072  55.224 0.0000000000
105631  -49.552  0.162  54.667 0.0000000000
54844  -42.218  -12.423  61.953 0.0000000000
54846  -43.790  -11.656  62.834 0.0000000000
53969  -42.768  -12.880  62.955 0.0000000000
53105  -39.280  -13.385  62.418 0.0000000000
100133  -38.310  -13.336  62.312 0.0000000000
53967  -40.861  -13.410  61.841 0.0000000000
53992  -41.382  -12.769  61.383 0.0000000000
58903  -4.365  -6.719  77.326 0.0000000000
58098  -6.200  -7.329  77.137 0.0000000000
107200  -5.794  -7.859  77.838 0.0000000000
99969  -9.705  -13.775  80.930 0.0000000000
52077  -9.784  -14.599  79.626 0.0000000000
51201  -9.624  -15.477  79.834 0.0000000000
49334  -5.817  -17.088  78.378 0.0000000000
49336  -7.222  -16.986  78.028 0.0000000000
100715  -5.619  -17.392  77.150 0.0000000000
99661  -4.625  -17.549  76.571 0.0000000000
48437  -3.568  -18.133  76.481 0.0000000000
48436  -3.258  -18.563  77.261 0.0000000000
52005  -13.608  -14.902  90.559 0.0000000000
106853  -13.107  -14.169  91.106 0.0000000000
109310  -13.111  -15.668  91.319 0.0000000000
49242  -10.414  -17.116  91.262 0.0000000000
50164  -10.272  -16.230  91.994 0.0000000000
49231  -9.219  -16.658  91.620 0.0000000000
50161  -8.358  -16.134  91.733 0.0000000000
55663  -37.825  -10.751  68.724 0.0000000000
56460  -35.954  -9.133  70.316 0.0000000000
56471  -35.152  -9.259  69.894 0.0000000000
55662  -36.021  -10.375  68.856 0.0000000000
55676  -35.957  -10.811  68.107 0.0000000000
53766  -27.463  -12.066  84.283 0.0000000000
51168  -26.235  -14.067  83.812 0.0000000000
51169  -26.648  -13.634  83.493 0.0000000000
54671  -30.691  -10.594  82.245 0.0000000000
54670  -30.281  -10.793  82.875 0.0000000000
53791  -29.971  -11.396  81.963 0.0000000000
51207  -25.559  -14.404  79.549 0.0000000000
51203  -26.432  -13.732  80.757 0.0000000000
50266  -25.167  -15.317  79.711 0.0000000000
49312  -24.936  -16.067  80.918 0.0000000000
48431  -24.350  -17.568  78.863 0.0000000000
47512  -23.841  -19.016  78.236 0.0000000000
56347  -5.983  -9.027  85.560 0.0000000000
55542  -5.959  -9.679  84.170 0.0000000000
55554  -5.583  -10.062  83.291 0.0000000000
54653  -7.118  -10.593  83.869 0.0000000000
53777  -8.083  -11.891  83.049 0.0000000000
54667  -8.326  -11.745  83.845 0.0000000000
101164  -9.740  -13.228  85.014 0.0000000000
53770  -9.705  -13.510  84.314 0.0000000000
51166  -9.276  -14.757  84.083 0.0000000000
99538  -8.111  -15.746  83.156 0.0000000000
51165  -8.679  -15.174  84.228 0.0000000000
62556  -45.529  -2.081  61.711 0.0000000000
62557  -46.536  -1.982  62.243 0.0000000000
62552  -45.848  -2.688  62.499 0.0000000000
60055  -43.453  -5.000  61.580 0.0000000000
107041  -42.502  -4.873  60.727 0.0000000000
60952  -43.748  -4.082  61.502 0.0000000000
62561  -44.235  -2.132  60.750 0.0000000000
52020  -15.037  -14.236  86.571 0.0000000000
48365  -15.530  -17.697  87.726 0.0000000000
49251  -14.703  -16.795  88.756 0.0000000000
47402  -14.719  -17.694  88.327 0.0000000000
118061  -13.568  -17.895  88.514 0.0000000000
46350  -13.620  -18.341  86.858 0.0000000000
45519  -19.740  -19.408  79.882 0.0000000000
99364  -21.069  -19.467  80.960 0.0000000000
45504  -19.402  -19.483  80.720 0.0000000000
45471  -17.539  -19.373  82.507 0.0000000000
100517  -18.075  -19.430  82.890 0.0000000000
105168  -17.689  -19.429  83.394 0.0000000000
46378  -18.464  -19.416  84.096 0.0000000000
45428  -16.937  -19.298  84.087 0.0000000000
46367  -16.811  -18.976  85.170 0.0000000000
45427  -16.384  -19.218  84.122 0.0000000000
47462  -13.766  -18.567  83.681 0.0000000000
58051  -2.918  -7.861  80.050 0.0000000000
54723  -5.256  -11.442  78.498 0.0000000000
56413  -4.466  -9.743  79.570 0.0000000000
55601  -5.184  -11.145  78.133 0.0000000000
55602  -5.382  -10.710  77.753 0.0000000000
53833  -5.510  -12.349  76.870 0.0000000000
52084  -8.821  -14.502  77.417 0.0000000000
52944  -7.885  -14.046  77.664 0.0000000000
52102  -8.429  -15.334  75.709 0.0000000000
50348  -5.781  -15.771  72.500 0.0000000000
52111  -6.806  -14.458  74.063 0.0000000000
52123  -5.919  -13.917  73.397 0.0000000000
100078  -5.172  -12.985  73.744 0.0000000000
52981  -5.131  -13.444  72.668 0.0000000000
52990  -4.532  -13.042  71.809 0.0000000000
57975  -11.099  -7.725  89.050 0.0000000000
54609  -11.854  -12.913  91.771 0.0000000000
55504  -12.668  -11.250  90.572 0.0000000000
54614  -11.473  -12.038  91.396 0.0000000000
115624  -9.202  -12.918  90.788 0.0000000000
54619  -10.510  -11.908  90.283 0.0000000000
54624  -10.112  -12.008  89.992 0.0000000000
55508  -10.708  -10.580  89.644 0.0000000000
53744  -10.085  -12.156  89.393 0.0000000000
53749  -10.142  -12.123  88.412 0.0000000000
53747  -8.916  -13.097  88.965 0.0000000000
52022  -5.154  -15.512  87.004 0.0000000000
102589  -6.416  -14.556  87.470 0.0000000000
51143  -5.273  -15.361  86.256 0.0000000000
51162  -5.533  -15.607  84.470 0.0000000000
51151  -4.186  -15.912  85.371 0.0000000000
101150  -2.966  -19.407  87.807 0.0000000000
49256  -3.733  -17.676  87.334 0.0000000000
56426  -38.648  -9.072  76.827 0.0000000000
52962  -35.900  -12.694  75.802 0.0000000000
52099  -36.074  -13.266  75.327 0.0000000000
52952  -37.098  -11.685  76.397 0.0000000000
54731  -37.722  -10.533  77.099 0.0000000000
54717  -33.525  -10.558  78.157 0.0000000000
53840  -34.322  -11.544  76.807 0.0000000000
52949  -34.763  -12.258  76.358 0.0000000000
54704  -34.433  -10.068  79.080 0.0000000000
64189  -49.246  0.328  57.763 0.0000000000
63383  -44.278  -1.270  57.392 0.0000000000
63388  -44.766  -1.372  56.375 0.0000000000
63392  -45.389  -1.407  55.659 0.0000000000
63390  -46.743  -0.574  56.835 0.0000000000
64187  -47.805  -0.375  57.338 0.0000000000
53090  -40.749  -13.773  63.586 0.0000000000
53948  -42.513  -12.759  63.594 0.0000000000
53079  -41.119  -13.574  64.750 0.0000000000
53931  -42.191  -12.377  65.087 0.0000000000
54795  -34.516  -11.301  67.046 0.0000000000
117654  -34.386  -11.867  66.672 0.0000000000
118581  -34.717  -13.027  65.438 0.0000000000
53064  -35.177  -13.172  64.936 0.0000000000
53086  -36.457  -13.125  63.372 0.0000000000
53076  -36.672  -13.155  64.316 0.0000000000
117392  -38.461  -13.843  63.832 0.0000000000
50225  -8.602  -15.908  81.631 0.0000000000
109715  -8.087  -16.509  80.034 0.0000000000
110886  -7.278  -16.731  80.025 0.0000000000
49322  -5.328  -17.077  79.120 0.0000000000
49332  -3.924  -17.809  78.833 0.0000000000
49348  -3.486  -18.243  78.239 0.0000000000
49331  -3.202  -18.167  79.155 0.0000000000
48412  -2.468  -19.045  79.769 0.0000000000
48344  -12.666  -17.019  90.482 0.0000000000
49235  -12.655  -16.313  91.221 0.0000000000
48356  -11.850  -17.388  90.260 0.0000000000
56461  -37.514  -9.544  70.418 0.0000000000
54751  -36.533  -11.445  73.539 0.0000000000
53873  -36.001  -12.225  72.640 0.0000000000
55633  -36.149  -10.792  73.315 0.0000000000
113250  -34.716  -9.971  72.625 0.0000000000
56449  -34.432  -9.516  72.245 0.0000000000
57295  -35.362  -8.514  71.638 0.0000000000
57303  -36.190  -8.525  71.064 0.0000000000
54660  -28.938  -10.717  83.669 0.0000000000
53821  -29.224  -11.396  79.981 0.0000000000
52934  -28.667  -11.866  80.627 0.0000000000
52941  -27.336  -12.165  79.528 0.0000000000
52087  -25.516  -13.563  78.642 0.0000000000
62603  -48.989  -2.179  51.440 0.0000000000
63416  -48.675  -1.730  50.809 0.0000000000
64221  -47.644  -0.782  50.588 0.0000000000
65074  -47.072  0.033  50.999 0.0000000000
55528  -7.200  -9.635  85.226 0.0000000000
54655  -8.650  -11.553  84.618 0.0000000000
55530  -8.331  -10.658  85.718 0.0000000000
54644  -9.682  -11.792  85.856 0.0000000000
109355  -9.914  -12.499  86.118 0.0000000000
60948  -44.431  -4.690  62.285 0.0000000000
60949  -44.879  -5.081  62.772 0.0000000000
56555  -40.033  -9.087  60.322 0.0000000000
57378  -41.520  -7.641  60.346 0.0000000000
58204  -41.670  -6.740  60.320 0.0000000000
58195  -42.171  -7.325  60.544 0.0000000000
59066  -43.686  -6.369  61.743 0.0000000000
52028  -15.324  -14.975  85.910 0.0000000000
51156  -15.767  -15.682  85.422 0.0000000000
49261  -16.396  -17.028  86.185 0.0000000000
48366  -16.198  -17.831  86.917 0.0000000000
46437  -16.398  -19.326  81.405 0.0000000000
100008  -15.574  -19.165  82.938 0.0000000000
56399  -3.356  -8.946  80.965 0.0000000000
57224  -3.408  -9.021  80.759 0.0000000000
54685  -4.319  -10.259  80.683 0.0000000000
54695  -4.789  -10.775  80.172 0.0000000000
53824  -5.752  -12.246  78.677 0.0000000000
113697  -6.865  -17.162  74.442 0.0000000000
50316  -8.023  -16.103  74.578 0.0000000000
50314  -6.713  -16.657  73.558 0.0000000000
50347  -5.411  -16.277  72.563 0.0000000000
51254  -3.865  -15.727  71.578 0.0000000000
57173  -13.646  -8.461  86.416 0.0000000000
101810  -13.317  -8.446  87.861 0.0000000000
57158  -13.023  -8.715  89.111 0.0000000000
53719  -9.083  -13.983  92.773 0.0000000000
54607  -9.999  -12.940  91.811 0.0000000000
99531  -8.574  -13.756  91.940 0.0000000000
53732  -8.559  -13.739  90.597 0.0000000000
53737  -8.623  -13.702  90.029 0.0000000000
52854  -7.792  -13.904  88.855 0.0000000000
52853  -7.224  -14.401  88.903 0.0000000000
52014  -5.948  -15.091  88.259 0.0000000000
114281  -4.818  -15.869  87.346 0.0000000000
52985  -36.071  -12.837  73.797 0.0000000000
52973  -36.877  -12.724  75.177 0.0000000000
53865  -37.170  -12.252  74.837 0.0000000000
53869  -36.874  -12.045  74.400 0.0000000000
55623  -37.354  -10.635  74.613 0.0000000000
56438  -37.767  -9.404  74.912 0.0000000000
117620  -31.054  -10.552  81.250 0.0000000000
55574  -32.638  -9.682  80.264 0.0000000000
54692  -31.835  -10.154  80.416 0.0000000000
54701  -30.855  -10.725  80.148 0.0000000000
53828  -29.885  -11.019  79.442 0.0000000000
62594  -46.899  -1.644  53.982 0.0000000000
63407  -49.008  -0.686  53.252 0.0000000000
64206  -50.196  0.697  53.862 0.0000000000
55735  -43.448  -10.407  61.481 0.0000000000
57363  -44.998  -8.805  62.438 0.0000000000
55720  -44.008  -10.980  62.307 0.0000000000
53103  -36.699  -12.948  62.493 0.0000000000
54010  -39.954  -12.117  60.792 0.0000000000
55733  -42.071  -10.883  60.765 0.0000000000
45523  -22.856  -19.469  79.591 0.0000000000
45507  -22.921  -19.373  80.159 0.0000000000
99362  -21.773  -19.558  78.887 0.0000000000
45539  -20.878  -19.563  78.898 0.0000000000
57268  -6.974  -8.746  77.068 0.0000000000
55607  -6.303  -10.326  76.526 0.0000000000
53805  -7.434  -12.654  80.713 0.0000000000
53815  -7.094  -12.827  79.917 0.0000000000
114515  -8.699  -13.455  79.677 0.0000000000
52080  -9.424  -14.704  78.011 0.0000000000
50301  -8.980  -16.112  76.875 0.0000000000
50263  -8.752  -16.524  79.130 0.0000000000
50291  -8.494  -16.709  77.647 0.0000000000
49370  -7.510  -17.163  76.361 0.0000000000
49391  -6.301  -17.427  75.415 0.0000000000
54626  -14.386  -11.349  89.172 0.0000000000
53740  -13.704  -12.907  90.325 0.0000000000
53729  -12.924  -13.486  91.169 0.0000000000
52842  -11.825  -13.972  91.841 0.0000000000
50157  -12.141  -15.941  91.543 0.0000000000
110953  -10.974  -15.326  91.964 0.0000000000
51112  -10.079  -14.782  92.536 0.0000000000
51110  -8.704  -14.512  93.261 0.0000000000
51122  -7.568  -15.344  91.558 0.0000000000
50168  -6.370  -16.297  90.464 0.0000000000
53909  -37.965  -12.622  67.280 0.0000000000
53910  -38.924  -12.686  67.488 0.0000000000
53901  -39.186  -11.930  67.730 0.0000000000
53002  -35.198  -13.057  71.373 0.0000000000
101207  -33.973  -10.228  67.655 0.0000000000
54797  -36.750  -11.346  67.678 0.0000000000
50207  -25.297  -15.699  83.164 0.0000000000
48399  -24.522  -17.514  81.885 0.0000000000
57197  -30.245  -9.300  82.760 0.0000000000
54662  -29.901  -11.000  83.299 0.0000000000
53775  -29.200  -11.708  83.240 0.0000000000
52923  -28.678  -12.097  81.413 0.0000000000
105161  -27.761  -13.009  82.087 0.0000000000
52062  -27.332  -13.203  82.581 0.0000000000
116319  -26.046  -14.320  82.378 0.0000000000
49311  -24.690  -16.880  81.187 0.0000000000
46453  -24.017  -18.599  80.482 0.0000000000
102067  -23.533  -19.323  79.083 0.0000000000
65909  -45.940  1.107  50.723 0.0000000000
118866  -45.638  1.251  50.103 0.0000000000
65912  -45.777  1.707  49.452 0.0000000000
55563  -4.149  -9.702  82.059 0.0000000000
54673  -4.882  -10.582  81.887 0.0000000000
55540  -4.428  -9.184  83.378 0.0000000000
54663  -5.200  -10.419  82.522 0.0000000000
53784  -6.177  -11.239  81.746 0.0000000000
53786  -7.823  -12.085  82.179 0.0000000000
53796  -8.591  -12.731  81.755 0.0000000000
52064  -9.765  -14.146  82.059 0.0000000000
53768  -9.143  -12.272  84.208 0.0000000000
52903  -9.739  -13.963  82.771 0.0000000000
103610  -9.689  -14.781  81.935 0.0000000000
51184  -8.746  -15.619  82.532 0.0000000000
50223  -6.889  -16.219  82.192 0.0000000000
51181  -5.322  -16.429  82.722 0.0000000000
63367  -46.414  -1.069  60.628 0.0000000000
59083  -41.807  -6.076  60.381 0.0000000000
60962  -41.970  -4.399  60.160 0.0000000000
61771  -42.169  -3.431  59.914 0.0000000000
62560  -43.578  -2.568  60.499 0.0000000000
63365  -44.737  -1.478  60.182 0.0000000000
52008  -14.266  -14.345  89.347 0.0000000000
111429  -14.012  -15.624  90.086 0.0000000000
51137  -15.017  -15.466  87.833 0.0000000000
50174  -14.404  -16.320  89.297 0.0000000000
49248  -13.908  -16.306  90.035 0.0000000000
116624  -12.521  -18.115  88.307 0.0000000000
45491  -21.885  -19.466  81.033 0.0000000000
45460  -21.822  -19.418  82.277 0.0000000000
45447  -21.414  -19.471  82.886 0.0000000000
45473  -18.860  -19.565  81.999 0.0000000000
45457  -19.348  -19.720  82.923 0.0000000000
101117  -20.848  -18.921  83.745 0.0000000000
46379  -20.031  -19.013  84.026 0.0000000000
120070  -19.011  -18.170  84.055 0.0000000000
48376  -18.439  -17.859  84.057 0.0000000000
48369  -17.469  -18.196  85.160 0.0000000000
46360  -16.587  -18.560  85.608 0.0000000000
46359  -15.206  -18.635  86.037 0.0000000000
109520  -15.194  -18.959  83.891 0.0000000000
46375  -14.753  -18.803  84.994 0.0000000000
46357  -13.999  -18.526  86.053 0.0000000000
47427  -13.044  -18.463  85.899 0.0000000000
58088  -3.298  -7.084  78.234 0.0000000000
57238  -3.859  -9.068  79.980 0.0000000000
57251  -4.295  -8.853  79.514 0.0000000000
57252  -4.881  -8.489  78.950 0.0000000000
56422  -5.627  -9.630  78.256 0.0000000000
55606  -5.663  -10.908  76.819 0.0000000000
54740  -5.366  -11.634  75.381 0.0000000000
52938  -6.888  -13.343  78.647 0.0000000000
118830  -6.381  -13.344  78.097 0.0000000000
52942  -5.803  -13.438  77.110 0.0000000000
52101  -8.034  -14.828  75.051 0.0000000000
52955  -6.348  -13.949  76.014 0.0000000000
52954  -5.712  -13.485  76.403 0.0000000000
52965  -5.399  -12.892  75.850 0.0000000000
54745  -4.966  -11.949  74.881 0.0000000000
54749  -4.791  -11.902  74.057 0.0000000000
53867  -4.508  -11.993  73.341 0.0000000000
55509  -13.570  -10.158  89.768 0.0000000000
56326  -13.021  -9.788  90.099 0.0000000000
57153  -11.867  -8.881  89.795 0.0000000000
55498  -11.016  -11.948  91.183 0.0000000000
56320  -11.271  -10.416  90.194 0.0000000000
57152  -11.166  -8.914  89.647 0.0000000000
57151  -10.733  -9.024  89.323 0.0000000000
56332  -10.016  -9.052  88.545 0.0000000000
55510  -10.187  -10.074  88.285 0.0000000000
55515  -10.259  -10.929  87.826 0.0000000000
52870  -9.785  -12.877  87.092 0.0000000000
52026  -9.268  -14.009  86.348 0.0000000000
52867  -7.882  -13.957  87.833 0.0000000000
52019  -8.441  -14.119  86.931 0.0000000000
52036  -7.967  -14.925  85.643 0.0000000000
51163  -6.734  -15.469  84.422 0.0000000000
51171  -4.987  -16.024  83.550 0.0000000000
119162  -4.706  -16.523  82.897 0.0000000000
50167  -5.751  -16.946  89.880 0.0000000000
103723  -4.107  -18.544  89.039 0.0000000000
50171  -4.829  -16.345  89.094 0.0000000000
50175  -4.603  -16.481  88.536 0.0000000000
50182  -4.084  -16.656  87.033 0.0000000000
50185  -3.851  -16.547  86.258 0.0000000000
49268  -3.436  -17.417  85.502 0.0000000000
50193  -3.474  -16.970  85.159 0.0000000000
50200  -3.544  -17.099  84.436 0.0000000000
50219  -3.606  -17.500  83.007 0.0000000000
50220  -3.817  -17.442  82.453 0.0000000000
47480  -2.839  -19.381  81.073 0.0000000000
47486  -2.688  -19.680  80.438 0.0000000000
57249  -36.703  -8.837  78.420 0.0000000000
55597  -36.172  -10.000  78.456 0.0000000000
55598  -36.864  -9.828  78.142 0.0000000000
55590  -36.247  -9.572  78.505 0.0000000000
56411  -36.072  -9.155  78.619 0.0000000000
55589  -35.671  -9.668  78.786 0.0000000000
57248  -36.275  -8.593  78.618 0.0000000000
64176  -47.491  -0.443  59.210 0.0000000000
105703  -48.678  -0.143  60.124 0.0000000000
114356  -47.998  -0.388  59.814 0.0000000000
63374  -46.190  -0.775  59.801 0.0000000000
63381  -45.992  -0.605  58.897 0.0000000000
64175  -46.731  -0.583  59.310 0.0000000000
53057  -38.186  -13.392  66.202 0.0000000000
53058  -39.091  -13.662  66.503 0.0000000000
104669  -37.333  -12.745  66.756 0.0000000000
49298  -4.188  -17.454  81.042 0.0000000000
114684  -36.865  -8.319  73.481 0.0000000000
58182  -44.752  -7.301  62.301 0.0000000000
105449  -44.907  -8.064  62.263 0.0000000000
56536  -43.189  -9.464  61.095 0.0000000000
56546  -42.420  -9.193  60.486 0.0000000000
56537  -43.738  -8.855  61.461 0.0000000000
57371  -43.675  -8.019  61.419 0.0000000000
102956  -17.996  -16.878  82.898 0.0000000000
50203  -17.065  -16.845  84.285 0.0000000000
50204  -17.824  -17.222  83.643 0.0000000000
47474  -24.079  -18.287  81.656 0.0000000000
46425  -23.690  -18.541  81.751 0.0000000000
46438  -23.369  -18.897  81.117 0.0000000000
55610  -6.433  -10.535  75.628 0.0000000000
55614  -6.568  -10.773  74.754 0.0000000000
54687  -5.217  -11.014  80.754 0.0000000000
111458  -2.527  -17.383  73.783 0.0000000000
118152  -14.724  -10.336  87.746 0.0000000000
107013  -6.498  -15.326  90.412 0.0000000000
52003  -6.778  -14.918  90.467 0.0000000000
116659  -5.664  -15.454  89.585 0.0000000000
51130  -5.217  -15.809  89.427 0.0000000000
99973  -38.630  -9.487  76.166 0.0000000000
55612  -38.252  -10.260  75.984 0.0000000000
115715  -38.519  -9.482  75.752 0.0000000000
105615  -32.858  -10.498  78.039 0.0000000000
100035  -32.215  -10.466  77.844 0.0000000000
65037  -49.844  0.801  56.191 0.0000000000
105757  -49.201  0.336  56.850 0.0000000000
102332  -49.088  0.208  55.988 0.0000000000
64199  -49.702  0.467  55.364 0.0000000000
53968  -41.841  -13.186  62.396 0.0000000000
100485  -40.278  -13.790  62.470 0.0000000000
58902  -3.510  -6.614  77.427 0.0000000000
58090  -5.132  -7.184  77.606 0.0000000000
58072  -5.011  -7.818  78.367 0.0000000000
100073  -9.863  -14.305  81.184 0.0000000000
52071  -9.851  -14.801  80.448 0.0000000000
51200  -9.449  -15.573  80.641 0.0000000000
49333  -4.813  -17.401  78.445 0.0000000000
104889  -5.485  -17.271  77.834 0.0000000000
49350  -4.743  -17.519  77.527 0.0000000000
99014  -4.064  -17.805  77.025 0.0000000000
49349  -3.744  -18.178  77.384 0.0000000000
50170  -13.596  -15.742  90.584 0.0000000000
51126  -13.361  -15.414  90.946 0.0000000000
50166  -13.353  -15.892  90.885 0.0000000000
49241  -9.606  -17.101  91.216 0.0000000000
55651  -37.033  -10.314  69.356 0.0000000000
55652  -38.159  -10.370  69.546 0.0000000000
52153  -35.385  -13.158  72.615 0.0000000000
56483  -35.988  -9.865  69.643 0.0000000000
54650  -28.126  -11.043  84.011 0.0000000000
52888  -27.726  -12.215  84.009 0.0000000000
52044  -27.045  -13.046  84.121 0.0000000000
52051  -27.275  -12.969  83.614 0.0000000000
53792  -30.437  -10.904  81.977 0.0000000000
53800  -29.986  -11.264  81.412 0.0000000000
50281  -25.218  -15.052  79.085 0.0000000000
50280  -24.895  -15.859  78.914 0.0000000000
50265  -24.830  -16.193  79.467 0.0000000000
49337  -24.623  -16.748  78.933 0.0000000000
48438  -24.057  -17.932  78.172 0.0000000000
49354  -24.284  -17.249  78.414 0.0000000000
55527  -6.288  -9.460  85.056 0.0000000000
55543  -6.779  -9.898  84.379 0.0000000000
54666  -7.542  -11.243  83.436 0.0000000000
54654  -7.857  -11.047  84.256 0.0000000000
52889  -9.666  -13.800  85.029 0.0000000000
52046  -9.441  -14.347  84.674 0.0000000000
52045  -9.054  -14.773  84.802 0.0000000000
61765  -44.936  -2.970  62.136 0.0000000000
119290  -44.199  -4.213  61.917 0.0000000000
61764  -44.305  -3.448  61.721 0.0000000000
47411  -15.376  -18.078  87.502 0.0000000000
47410  -14.399  -18.138  87.895 0.0000000000
46351  -14.326  -18.400  86.721 0.0000000000
45518  -18.990  -19.340  80.046 0.0000000000
45470  -16.681  -19.378  82.770 0.0000000000
45455  -17.225  -19.407  83.036 0.0000000000
112143  -16.990  -19.363  83.588 0.0000000000
45443  -17.624  -19.428  83.655 0.0000000000
45442  -17.000  -19.333  83.842 0.0000000000
45441  -16.480  -19.272  83.861 0.0000000000
57236  -3.267  -8.433  80.480 0.0000000000
112107  -5.576  -12.098  77.586 0.0000000000
110012  -5.461  -11.768  77.393 0.0000000000
51214  -8.777  -15.787  76.393 0.0000000000
52090  -8.795  -15.036  76.654 0.0000000000
116905  -5.959  -15.157  72.675 0.0000000000
52137  -5.656  -14.382  72.642 0.0000000000
52136  -4.885  -14.056  71.898 0.0000000000
51255  -4.293  -14.800  71.401 0.0000000000
57981  -12.193  -7.625  88.531 0.0000000000
105120  -11.419  -13.067  91.984 0.0000000000
54615  -11.873  -12.246  91.547 0.0000000000
102375  -11.030  -12.890  92.064 0.0000000000
53738  -8.907  -13.234  90.351 0.0000000000
54620  -9.851  -12.461  90.391 0.0000000000
53739  -9.462  -12.674  90.150 0.0000000000
119051  -9.421  -12.763  89.464 0.0000000000
53748  -9.674  -12.672  88.702 0.0000000000
52023  -5.802  -14.983  86.884 0.0000000000
51142  -4.554  -15.726  86.136 0.0000000000
115997  -3.834  -16.271  85.310 0.0000000000
47413  -2.644  -20.086  87.688 0.0000000000
47403  -2.767  -20.109  88.295 0.0000000000
108745  -38.380  -9.485  77.102 0.0000000000
52951  -36.407  -11.868  76.488 0.0000000000
54722  -37.464  -10.060  77.638 0.0000000000
113516  -37.952  -9.843  77.357 0.0000000000
55604  -38.226  -10.060  76.887 0.0000000000
113207  -34.144  -10.589  78.266 0.0000000000
53829  -33.901  -11.062  77.449 0.0000000000
53830  -34.723  -10.834  77.787 0.0000000000
53841  -35.181  -11.423  77.044 0.0000000000
52950  -35.609  -12.077  76.463 0.0000000000
54705  -35.083  -10.014  78.943 0.0000000000
55588  -34.584  -9.849  79.237 0.0000000000
99666  -33.837  -10.214  78.939 0.0000000000
65014  -49.808  0.745  58.237 0.0000000000
64183  -49.216  0.267  58.704 0.0000000000
62565  -43.283  -2.102  59.733 0.0000000000
116951  -43.133  -1.762  58.947 0.0000000000
115111  -45.528  -0.663  58.072 0.0000000000
118911  -44.830  -0.873  57.964 0.0000000000
63384  -45.166  -0.902  57.281 0.0000000000
63389  -45.731  -0.903  56.539 0.0000000000
64181  -47.675  -0.365  58.370 0.0000000000
64188  -48.652  -0.035  57.339 0.0000000000
100558  -40.136  -14.062  64.290 0.0000000000
104497  -40.605  -13.490  66.209 0.0000000000
53070  -41.237  -13.258  65.729 0.0000000000
53930  -41.493  -12.717  65.814 0.0000000000
54796  -35.245  -11.206  67.224 0.0000000000
54807  -35.087  -11.909  66.811 0.0000000000
53929  -36.284  -13.015  65.805 0.0000000000
53928  -35.434  -13.006  65.640 0.0000000000
53078  -38.357  -13.827  64.513 0.0000000000
99308  -39.088  -13.983  63.978 0.0000000000
53089  -39.693  -13.931  63.298 0.0000000000
50248  -7.379  -16.478  80.716 0.0000000000
49310  -4.963  -17.051  79.900 0.0000000000
50260  -5.871  -16.979  79.734 0.0000000000
49320  -3.722  -17.803  79.643 0.0000000000
48424  -2.753  -18.492  79.453 0.0000000000
47497  -2.522  -19.633  79.453 0.0000000000
111704  -2.497  -19.604  80.043 0.0000000000
111954  -12.436  -17.454  89.672 0.0000000000
47380  -12.345  -17.313  90.147 0.0000000000
47389  -11.964  -17.517  89.682 0.0000000000
101804  -36.725  -10.675  74.046 0.0000000000
57282  -36.048  -8.704  73.185 0.0000000000
55632  -35.694  -9.933  73.421 0.0000000000
56450  -35.268  -9.305  72.848 0.0000000000
57285  -34.795  -8.845  72.096 0.0000000000
114499  -36.866  -8.277  71.539 0.0000000000
56363  -28.811  -10.110  83.559 0.0000000000
53827  -29.071  -11.292  79.203 0.0000000000
53820  -28.346  -11.815  79.814 0.0000000000
62598  -48.809  -1.477  52.680 0.0000000000
62601  -49.125  -1.863  52.062 0.0000000000
65069  -49.440  -0.226  52.074 0.0000000000
64215  -48.984  -0.688  51.522 0.0000000000
64222  -48.486  -1.036  50.877 0.0000000000
64214  -48.102  -0.302  51.265 0.0000000000
55529  -7.819  -10.227  85.261 0.0000000000
54634  -9.613  -11.338  86.534 0.0000000000
54633  -9.103  -10.997  86.129 0.0000000000
60051  -44.393  -5.588  62.297 0.0000000000
55744  -40.442  -10.581  60.390 0.0000000000
56544  -40.774  -9.649  60.339 0.0000000000
101416  -41.796  -8.582  60.383 0.0000000000
59067  -44.205  -6.882  61.980 0.0000000000
60056  -43.828  -5.639  61.884 0.0000000000
51167  -15.931  -15.613  84.771 0.0000000000
50186  -16.405  -16.796  85.783 0.0000000000
49258  -16.391  -17.413  86.426 0.0000000000
46436  -15.671  -19.291  81.552 0.0000000000
56390  -3.610  -9.402  81.193 0.0000000000
56400  -3.593  -9.487  80.892 0.0000000000
55576  -3.944  -9.948  81.137 0.0000000000
53802  -5.160  -11.250  80.049 0.0000000000
53812  -5.271  -11.544  79.259 0.0000000000
49412  -6.156  -17.128  73.819 0.0000000000
50329  -3.747  -16.859  72.804 0.0000000000
50330  -4.826  -16.777  72.897 0.0000000000
50346  -4.365  -16.324  72.237 0.0000000000
57164  -13.784  -8.855  87.820 0.0000000000
57169  -13.596  -8.592  87.229 0.0000000000
57163  -13.320  -8.620  88.409 0.0000000000
52840  -8.678  -14.347  92.572 0.0000000000
104408  -8.929  -13.935  92.600 0.0000000000
52839  -8.268  -14.085  91.802 0.0000000000
53730  -7.615  -14.359  90.279 0.0000000000
99610  -8.060  -14.052  90.926 0.0000000000
109312  -8.064  -14.136  90.447 0.0000000000
53736  -7.884  -14.224  89.936 0.0000000000
53741  -7.915  -14.151  89.407 0.0000000000
52850  -7.319  -14.471  89.381 0.0000000000
52010  -5.661  -15.256  88.879 0.0000000000
52858  -6.059  -15.023  88.699 0.0000000000
52013  -5.519  -15.384  88.439 0.0000000000
52016  -5.376  -15.476  87.864 0.0000000000
52012  -5.029  -15.758  88.083 0.0000000000
52129  -35.759  -13.335  73.653 0.0000000000
52130  -36.275  -12.979  74.361 0.0000000000
52964  -37.095  -12.202  75.798 0.0000000000
52972  -36.665  -12.793  75.366 0.0000000000
53851  -37.220  -12.220  75.539 0.0000000000
54748  -37.598  -11.363  75.265 0.0000000000
53866  -37.455  -11.933  75.134 0.0000000000
53870  -37.388  -11.729  74.844 0.0000000000
54752  -37.111  -11.459  74.454 0.0000000000
52947  -33.354  -12.597  75.919 0.0000000000
57210  -32.060  -9.497  81.573 0.0000000000
55568  -31.584  -10.118  81.758 0.0000000000
55573  -32.074  -9.927  81.098 0.0000000000
56403  -34.080  -9.357  79.764 0.0000000000
55575  -33.476  -9.589  79.807 0.0000000000
54702  -31.857  -10.183  79.689 0.0000000000
54684  -32.158  -9.984  80.092 0.0000000000
54691  -30.891  -10.667  80.299 0.0000000000
53822  -30.017  -11.037  80.084 0.0000000000
54700  -30.661  -10.705  79.454 0.0000000000
65879  -50.895  1.800  54.836 0.0000000000
62586  -45.772  -1.595  54.933 0.0000000000
63395  -48.326  -0.440  54.884 0.0000000000
99901  -47.569  -0.911  54.423 0.0000000000
62595  -47.791  -1.401  53.683 0.0000000000
63406  -48.449  -1.202  53.315 0.0000000000
65058  -50.197  0.726  54.699 0.0000000000
64205  -49.835  0.307  54.083 0.0000000000
65059  -50.568  1.271  54.413 0.0000000000
55736  -44.133  -10.075  62.170 0.0000000000
54863  -43.320  -11.271  61.865 0.0000000000
119462  -44.255  -11.921  63.643 0.0000000000
54847  -44.488  -11.487  63.359 0.0000000000
53941  -42.488  -12.502  64.471 0.0000000000
53949  -43.389  -12.359  63.872 0.0000000000
104236  -37.159  -13.172  62.981 0.0000000000
53120  -38.817  -13.071  61.713 0.0000000000
53989  -38.541  -12.313  61.363 0.0000000000
99001  -39.619  -12.764  61.000 0.0000000000
54861  -41.710  -11.851  61.105 0.0000000000
116537  -42.898  -10.926  61.156 0.0000000000
45522  -22.367  -19.516  79.155 0.0000000000
45540  -22.458  -19.546  78.502 0.0000000000
108938  -20.904  -19.633  78.205 0.0000000000
99144  -6.212  -6.585  76.495 0.0000000000
57262  -6.444  -8.326  77.509 0.0000000000
56428  -6.751  -9.506  76.979 0.0000000000
52916  -8.124  -13.091  80.150 0.0000000000
52917  -9.217  -13.481  80.397 0.0000000000
51206  -9.642  -15.298  78.844 0.0000000000
52928  -9.383  -14.303  78.850 0.0000000000
51210  -9.502  -15.528  77.856 0.0000000000
50292  -9.132  -16.231  77.580 0.0000000000
50262  -7.694  -16.765  79.315 0.0000000000
49352  -7.302  -17.145  77.272 0.0000000000
116812  -7.851  -16.954  77.678 0.0000000000
49353  -8.065  -16.932  77.032 0.0000000000
108742  -6.758  -17.394  76.067 0.0000000000
49368  -5.861  -17.486  76.294 0.0000000000
49367  -3.727  -17.763  76.094 0.0000000000
49389  -3.986  -17.534  75.716 0.0000000000
48430  -2.960  -18.550  78.585 0.0000000000
116343  -14.352  -12.211  89.281 0.0000000000
52851  -13.868  -13.605  90.223 0.0000000000
51998  -12.918  -14.692  91.388 0.0000000000
52844  -12.675  -14.064  91.371 0.0000000000
104161  -12.272  -13.998  91.587 0.0000000000
51996  -12.098  -14.533  91.653 0.0000000000
49228  -11.625  -16.207  91.554 0.0000000000
50154  -9.813  -15.712  92.403 0.0000000000
50155  -10.564  -15.773  92.087 0.0000000000
51117  -10.028  -15.228  92.453 0.0000000000
51113  -10.515  -14.853  92.274 0.0000000000
112737  -9.507  -15.000  92.759 0.0000000000
112394  -9.138  -14.695  92.959 0.0000000000
51115  -8.959  -15.064  92.813 0.0000000000
51123  -8.239  -15.493  92.018 0.0000000000
50160  -7.666  -16.107  91.269 0.0000000000
50159  -7.043  -15.831  90.948 0.0000000000
54798  -37.705  -11.907  67.774 0.0000000000
54799  -38.448  -12.104  67.660 0.0000000000
107951  -38.424  -11.353  68.099 0.0000000000
54766  -35.926  -12.009  72.145 0.0000000000
53879  -35.514  -12.572  72.058 0.0000000000
53878  -35.466  -12.324  71.528 0.0000000000
56482  -35.211  -9.855  69.144 0.0000000000
56470  -34.463  -9.298  69.414 0.0000000000
56481  -34.433  -9.682  68.653 0.0000000000
55660  -34.597  -10.195  67.950 0.0000000000
53908  -37.086  -12.132  67.131 0.0000000000
100940  -26.025  -14.358  83.289 0.0000000000
50208  -25.681  -14.837  83.483 0.0000000000
49286  -25.166  -15.997  82.776 0.0000000000
49290  -24.817  -16.811  82.385 0.0000000000
101228  -29.920  -11.408  82.477 0.0000000000
55561  -30.137  -10.391  83.157 0.0000000000
53782  -29.863  -11.339  83.001 0.0000000000
117451  -29.525  -11.339  83.320 0.0000000000
52901  -29.392  -11.783  82.834 0.0000000000
52933  -27.642  -12.348  80.267 0.0000000000
52922  -27.866  -12.483  80.981 0.0000000000
52076  -27.202  -13.123  81.177 0.0000000000
52069  -27.302  -13.248  81.679 0.0000000000
52063  -28.023  -12.657  82.512 0.0000000000
51191  -26.767  -13.637  82.114 0.0000000000
51190  -25.974  -14.386  81.762 0.0000000000
105764  -24.594  -16.887  80.456 0.0000000000
48414  -24.438  -17.601  80.701 0.0000000000
116814  -24.265  -18.343  79.977 0.0000000000
45525  -23.661  -19.241  79.614 0.0000000000
46473  -24.117  -18.835  79.369 0.0000000000
45562  -23.361  -19.294  77.946 0.0000000000
117676  -23.164  -19.394  78.241 0.0000000000
65067  -46.590  0.836  51.274 0.0000000000
65073  -46.205  0.307  50.665 0.0000000000
66740  -46.127  2.471  49.980 0.0000000000
56365  -3.787  -9.062  82.481 0.0000000000
55564  -4.541  -10.059  82.230 0.0000000000
57176  -4.694  -8.482  85.006 0.0000000000
54664  -5.960  -10.632  82.792 0.0000000000
54674  -5.605  -10.820  82.159 0.0000000000
53785  -6.995  -11.578  82.020 0.0000000000
53776  -7.249  -11.426  82.697 0.0000000000
53787  -8.766  -12.489  82.576 0.0000000000
53788  -9.365  -13.194  82.199 0.0000000000
52910  -9.660  -13.749  81.632 0.0000000000
104110  -9.648  -13.716  82.306 0.0000000000
52047  -9.633  -14.183  84.031 0.0000000000
52895  -9.706  -13.756  83.491 0.0000000000
52053  -9.661  -14.213  83.251 0.0000000000
52059  -9.636  -14.482  82.654 0.0000000000
51185  -9.362  -15.101  82.635 0.0000000000
104139  -8.246  -15.496  83.778 0.0000000000
51183  -7.160  -16.028  83.022 0.0000000000
51182  -6.127  -16.247  82.889 0.0000000000
63368  -47.397  -0.917  61.101 0.0000000000
63360  -46.476  -1.472  61.446 0.0000000000
53048  -40.258  -12.990  67.388 0.0000000000
60956  -43.096  -4.446  61.117 0.0000000000
60955  -42.651  -3.947  60.549 0.0000000000
61772  -42.870  -2.956  60.246 0.0000000000
62562  -44.980  -1.706  60.981 0.0000000000
63366  -45.559  -1.223  60.368 0.0000000000
52864  -14.682  -13.466  87.837 0.0000000000
52011  -14.521  -14.159  88.416 0.0000000000
51133  -14.257  -15.158  89.444 0.0000000000
51144  -15.600  -15.697  86.139 0.0000000000
52021  -15.271  -15.048  86.541 0.0000000000
51141  -15.410  -15.597  86.943 0.0000000000
50177  -14.805  -16.151  88.496 0.0000000000
49249  -14.172  -16.546  89.571 0.0000000000
48359  -13.788  -16.785  89.786 0.0000000000
47390  -13.451  -17.170  89.628 0.0000000000
104764  -12.967  -18.221  87.689 0.0000000000
47399  -12.927  -17.907  88.596 0.0000000000
110401  -12.503  -18.295  87.669 0.0000000000
47418  -12.021  -18.368  87.740 0.0000000000
99363  -22.324  -19.459  79.827 0.0000000000
101261  -22.573  -19.394  80.459 0.0000000000
45506  -21.881  -19.476  80.662 0.0000000000
45489  -20.445  -19.475  81.728 0.0000000000
45490  -21.362  -19.477  81.459 0.0000000000
114182  -20.934  -19.511  82.059 0.0000000000
45459  -20.828  -19.532  82.585 0.0000000000
45487  -18.665  -19.534  81.466 0.0000000000
45486  -17.791  -19.400  81.769 0.0000000000
45456  -18.590  -19.596  83.118 0.0000000000
99844  -18.840  -19.627  82.672 0.0000000000
45445  -19.861  -19.694  83.237 0.0000000000
45431  -19.959  -19.470  83.634 0.0000000000
47438  -20.522  -18.468  83.800 0.0000000000
113499  -19.311  -19.403  84.010 0.0000000000
101202  -18.086  -19.104  84.599 0.0000000000
46368  -19.007  -19.094  84.335 0.0000000000
47429  -19.054  -18.303  84.103 0.0000000000
48371  -18.244  -18.066  84.386 0.0000000000
49263  -17.567  -17.740  84.761 0.0000000000
46366  -16.192  -19.001  84.907 0.0000000000
100368  -15.999  -18.731  85.492 0.0000000000
100973  -15.507  -18.836  85.258 0.0000000000
46403  -15.062  -18.917  83.340 0.0000000000
46404  -15.648  -19.130  83.586 0.0000000000
47448  -13.654  -18.600  84.371 0.0000000000
46374  -14.249  -18.694  84.752 0.0000000000
46364  -14.770  -18.751  85.329 0.0000000000
46363  -13.896  -18.589  85.425 0.0000000000
46356  -13.483  -18.460  86.104 0.0000000000
58069  -2.922  -7.447  79.257 0.0000000000
58087  -2.914  -6.923  78.314 0.0000000000
56405  -3.687  -9.439  80.600 0.0000000000
57237  -3.431  -8.767  80.354 0.0000000000
56414  -5.096  -9.212  79.063 0.0000000000
55605  -5.443  -11.445  77.114 0.0000000000
52926  -7.702  -13.281  79.295 0.0000000000
104109  -6.690  -13.028  79.271 0.0000000000
52943  -6.824  -14.163  77.240 0.0000000000
98960  -6.895  -13.758  77.940 0.0000000000
103779  -6.149  -13.808  77.516 0.0000000000
100438  -6.050  -14.078  76.915 0.0000000000
51234  -7.693  -15.761  74.064 0.0000000000
51220  -8.134  -15.497  74.797 0.0000000000
52112  -7.659  -15.054  74.353 0.0000000000
52967  -6.628  -14.007  75.001 0.0000000000
52966  -5.811  -13.399  75.444 0.0000000000
52975  -5.283  -12.811  74.856 0.0000000000
53861  -4.808  -12.246  74.201 0.0000000000
57161  -9.579  -8.196  88.418 0.0000000000
54623  -13.420  -12.172  90.324 0.0000000000
55507  -13.661  -11.169  89.846 0.0000000000
54622  -13.106  -11.580  90.456 0.0000000000
55503  -12.146  -11.106  90.664 0.0000000000
56322  -12.590  -10.355  90.391 0.0000000000
56325  -12.285  -9.579  90.146 0.0000000000
56321  -11.908  -10.293  90.390 0.0000000000
54606  -9.338  -13.163  91.601 0.0000000000
54613  -10.532  -12.483  91.468 0.0000000000
111390  -9.858  -12.697  91.236 0.0000000000
55501  -10.989  -11.438  90.461 0.0000000000
56324  -11.543  -9.529  90.054 0.0000000000
56323  -11.019  -9.638  89.749 0.0000000000
56328  -10.779  -9.732  89.451 0.0000000000
116884  -10.590  -10.739  89.273 0.0000000000
56333  -10.533  -9.891  89.101 0.0000000000
54627  -10.282  -11.513  88.114 0.0000000000
53752  -9.748  -12.735  87.842 0.0000000000
53753  -10.006  -12.241  87.624 0.0000000000
52873  -9.574  -13.421  86.661 0.0000000000
52872  -9.204  -13.741  86.979 0.0000000000
52860  -7.000  -14.353  88.578 0.0000000000
52861  -7.639  -13.984  88.559 0.0000000000
52866  -6.989  -14.198  87.983 0.0000000000
52024  -6.610  -14.673  86.671 0.0000000000
52018  -7.230  -14.254  87.248 0.0000000000
52025  -7.630  -14.611  86.427 0.0000000000
51154  -7.289  -15.178  85.075 0.0000000000
51153  -6.109  -15.338  85.327 0.0000000000
51161  -4.500  -15.855  84.579 0.0000000000
50211  -4.213  -16.499  83.400 0.0000000000
49246  -5.088  -17.827  89.426 0.0000000000
48361  -3.753  -18.868  88.821 0.0000000000
49245  -4.460  -17.915  89.092 0.0000000000
100965  -4.533  -17.154  88.756 0.0000000000
49253  -4.208  -17.150  88.229 0.0000000000
50178  -3.972  -17.106  87.564 0.0000000000
116695  -3.808  -17.095  86.938 0.0000000000
50181  -3.737  -16.884  86.476 0.0000000000
117916  -3.454  -17.352  84.746 0.0000000000
50201  -3.631  -16.625  84.878 0.0000000000
49281  -3.434  -17.705  84.019 0.0000000000
49288  -3.288  -17.901  83.239 0.0000000000
49289  -3.405  -17.963  82.471 0.0000000000
49296  -3.207  -18.499  81.718 0.0000000000
55599  -37.540  -9.499  77.789 0.0000000000
108360  -37.848  -8.899  77.760 0.0000000000
57258  -37.375  -8.566  78.182 0.0000000000
53832  -36.205  -10.815  77.687 0.0000000000
53843  -36.741  -11.155  77.245 0.0000000000
54719  -35.314  -10.391  78.405 0.0000000000
54720  -35.950  -10.388  78.196 0.0000000000
57235  -35.420  -8.872  79.281 0.0000000000
56410  -35.513  -9.294  79.048 0.0000000000
63372  -44.506  -1.226  59.356 0.0000000000
118438  -46.276  -0.541  58.156 0.0000000000
53069  -39.701  -13.909  65.882 0.0000000000
53919  -36.593  -12.533  66.482 0.0000000000
53066  -36.896  -13.229  65.197 0.0000000000
50236  -6.625  -16.467  81.368 0.0000000000
49309  -4.259  -17.404  80.157 0.0000000000
49308  -3.674  -17.878  80.461 0.0000000000
47408  -11.661  -18.174  88.351 0.0000000000
47398  -11.745  -17.767  89.113 0.0000000000
47407  -10.975  -18.128  88.379 0.0000000000
56445  -36.521  -9.093  73.901 0.0000000000
116012  -36.268  -9.932  73.900 0.0000000000
57288  -36.984  -8.005  72.271 0.0000000000
57206  -29.665  -8.665  82.412 0.0000000000
53825  -27.133  -11.830  78.840 0.0000000000
64210  -49.442  -0.282  52.373 0.0000000000
65064  -49.740  0.479  52.564 0.0000000000
66731  -49.993  1.778  53.380 0.0000000000
55520  -9.317  -10.631  86.805 0.0000000000
54629  -9.827  -11.175  87.157 0.0000000000
59058  -44.591  -6.484  62.358 0.0000000000
55746  -42.066  -10.003  60.388 0.0000000000
58196  -42.866  -7.466  61.013 0.0000000000
50202  -16.484  -16.216  84.199 0.0000000000
119044  -16.945  -16.960  84.742 0.0000000000
49262  -16.840  -17.297  85.277 0.0000000000
48387  -24.744  -17.034  82.661 0.0000000000
56429  -7.239  -9.168  76.549 0.0000000000
56432  -7.645  -9.278  75.834 0.0000000000
55611  -7.221  -10.130  75.364 0.0000000000
53814  -6.185  -12.474  79.620 0.0000000000
108743  -4.441  -17.188  74.433 0.0000000000
49411  -5.209  -17.049  73.745 0.0000000000
49409  -3.157  -17.100  73.751 0.0000000000
115390  -14.217  -9.376  87.784 0.0000000000
56334  -13.981  -9.294  88.299 0.0000000000
52000  -7.616  -14.789  91.590 0.0000000000
52843  -7.812  -14.357  91.422 0.0000000000
51999  -7.279  -14.646  91.023 0.0000000000
52845  -7.186  -14.568  90.387 0.0000000000
52007  -6.572  -14.870  89.800 0.0000000000
52849  -6.861  -14.700  89.394 0.0000000000
52006  -5.939  -15.181  89.370 0.0000000000
53852  -37.729  -11.332  76.037 0.0000000000
117701  -37.467  -11.799  75.778 0.0000000000
54744  -37.834  -11.026  75.771 0.0000000000
52959  -33.718  -13.279  75.765 0.0000000000
54693  -33.917  -9.901  79.371 0.0000000000
54714  -30.481  -10.679  78.829 0.0000000000
54715  -31.325  -10.379  78.591 0.0000000000
113957  -50.221  0.947  55.425 0.0000000000
64193  -47.543  -0.478  56.250 0.0000000000
64197  -48.343  -0.299  55.717 0.0000000000
104715  -48.992  -0.263  54.588 0.0000000000
54845  -43.013  -12.039  62.439 0.0000000000
53970  -43.566  -12.212  63.412 0.0000000000
53121  -39.724  -13.394  61.508 0.0000000000
53991  -40.397  -12.988  60.979 0.0000000000
45559  -22.239  -19.722  77.681 0.0000000000
58919  -5.151  -6.537  76.811 0.0000000000
52918  -9.869  -14.071  80.331 0.0000000000
50264  -9.409  -16.050  79.294 0.0000000000
49323  -6.270  -16.972  78.962 0.0000000000
49335  -6.575  -16.973  78.351 0.0000000000
49351  -6.396  -17.162  77.687 0.0000000000
48444  -2.908  -18.311  76.045 0.0000000000
52847  -13.949  -14.301  90.093 0.0000000000
52004  -13.522  -14.257  90.645 0.0000000000
52001  -13.276  -14.821  91.071 0.0000000000
51125  -13.069  -15.223  91.385 0.0000000000
51120  -12.718  -14.979  91.525 0.0000000000
49232  -10.718  -16.672  91.551 0.0000000000
102188  -9.962  -16.693  91.671 0.0000000000
50163  -9.566  -16.207  92.134 0.0000000000
50153  -9.082  -15.741  92.435 0.0000000000
50162  -8.943  -16.189  92.069 0.0000000000
49230  -8.539  -16.638  91.393 0.0000000000
54764  -34.285  -10.982  71.724 0.0000000000
54786  -36.878  -10.793  68.441 0.0000000000
107524  -26.862  -13.042  84.459 0.0000000000
52050  -26.763  -13.456  83.929 0.0000000000
110087  -31.159  -9.908  82.394 0.0000000000
55562  -30.672  -10.294  82.670 0.0000000000
53783  -30.243  -11.018  82.541 0.0000000000
51208  -26.164  -13.637  80.076 0.0000000000
52078  -26.949  -12.964  80.561 0.0000000000
51202  -25.716  -14.452  80.282 0.0000000000
51196  -25.907  -14.470  81.023 0.0000000000
50251  -25.290  -15.254  80.577 0.0000000000
49324  -24.535  -16.955  79.625 0.0000000000
119980  -24.399  -17.646  79.424 0.0000000000
47507  -24.067  -18.858  78.725 0.0000000000
114923  -24.145  -18.333  78.583 0.0000000000
109845  -23.939  -18.757  78.013 0.0000000000
61822  -48.166  -3.050  50.223 0.0000000000
115162  -5.390  -9.158  84.892 0.0000000000
55541  -5.180  -9.430  83.795 0.0000000000
54652  -6.362  -10.273  83.565 0.0000000000
54665  -6.761  -10.853  83.069 0.0000000000
53778  -8.955  -12.342  83.393 0.0000000000
53769  -9.628  -12.798  84.604 0.0000000000
51174  -8.928  -15.289  83.410 0.0000000000
60064  -43.218  -5.765  61.465 0.0000000000
113884  -42.914  -5.190  61.205 0.0000000000
61768  -43.903  -3.024  61.183 0.0000000000
62555  -44.587  -2.518  61.446 0.0000000000
52015  -14.737  -14.199  87.729 0.0000000000
108112  -15.465  -16.869  87.932 0.0000000000
49254  -15.324  -17.236  88.097 0.0000000000
106859  -14.771  -17.270  88.555 0.0000000000
47401  -13.892  -17.611  88.861 0.0000000000
47409  -13.571  -18.208  87.743 0.0000000000
46349  -13.136  -18.350  86.863 0.0000000000
45520  -20.495  -19.497  79.671 0.0000000000
101260  -20.126  -19.449  80.303 0.0000000000
99517  -20.231  -19.450  80.949 0.0000000000
45488  -19.539  -19.509  81.588 0.0000000000
45485  -16.976  -19.283  82.002 0.0000000000
45472  -18.335  -19.501  82.273 0.0000000000
116520  -18.295  -19.528  83.359 0.0000000000
45430  -19.185  -19.653  83.550 0.0000000000
103461  -18.387  -19.543  83.563 0.0000000000
45429  -17.677  -19.381  84.148 0.0000000000
45422  -17.537  -19.216  84.588 0.0000000000
103414  -17.373  -18.885  85.081 0.0000000000
45421  -16.934  -19.221  84.633 0.0000000000
45420  -16.415  -19.168  84.484 0.0000000000
45426  -15.950  -19.070  84.348 0.0000000000
46402  -14.273  -18.581  83.124 0.0000000000
47447  -12.847  -18.531  84.709 0.0000000000
58052  -3.130  -8.081  79.868 0.0000000000
54707  -4.788  -10.801  79.717 0.0000000000
105110  -4.789  -10.632  79.259 0.0000000000
54732  -5.367  -11.970  76.533 0.0000000000
52079  -8.742  -14.055  78.189 0.0000000000
52083  -7.977  -14.406  76.868 0.0000000000
52089  -8.020  -14.665  75.993 0.0000000000
51247  -6.563  -15.673  72.933 0.0000000000
51233  -7.145  -15.337  73.596 0.0000000000
52124  -6.385  -14.808  73.228 0.0000000000
54616  -12.299  -12.617  91.449 0.0000000000
103512  -12.692  -12.086  90.946 0.0000000000
55500  -12.257  -11.821  91.107 0.0000000000
55499  -11.871  -11.702  91.153 0.0000000000
54617  -9.258  -12.943  90.661 0.0000000000
54618  -9.837  -12.602  90.687 0.0000000000
54621  -10.524  -11.547  89.952 0.0000000000
54625  -10.479  -11.363  89.665 0.0000000000
108897  -10.446  -11.432  88.914 0.0000000000
52863  -9.265  -13.207  88.135 0.0000000000
52017  -5.846  -15.055  87.673 0.0000000000
115460  -5.962  -15.053  86.140 0.0000000000
51152  -5.005  -15.577  85.427 0.0000000000
51160  -3.918  -16.174  84.687 0.0000000000
105330  -3.226  -19.292  88.427 0.0000000000
114245  -3.645  -18.423  88.284 0.0000000000
49252  -3.878  -17.726  88.000 0.0000000000
48364  -3.432  -18.518  87.709 0.0000000000
102819  -3.568  -18.021  86.969 0.0000000000
48384  -3.380  -18.205  84.022 0.0000000000
52098  -35.484  -13.707  75.367 0.0000000000
52963  -36.659  -12.429  75.828 0.0000000000
112976  -37.308  -11.064  76.992 0.0000000000
110336  -37.569  -11.206  76.495 0.0000000000
53844  -37.944  -10.671  76.500 0.0000000000
55608  -38.289  -10.117  76.388 0.0000000000
54729  -33.337  -11.099  77.208 0.0000000000
53839  -33.617  -11.697  76.503 0.0000000000
52961  -35.159  -12.979  75.820 0.0000000000
55581  -34.246  -9.654  79.492 0.0000000000
56404  -34.928  -9.320  79.446 0.0000000000
63379  -44.320  -1.146  58.454 0.0000000000
63378  -43.589  -1.480  58.200 0.0000000000
62573  -43.264  -1.743  57.201 0.0000000000
62574  -43.985  -1.611  56.556 0.0000000000
53947  -42.117  -13.173  63.072 0.0000000000
53080  -41.697  -13.041  63.949 0.0000000000
53940  -41.772  -12.809  65.132 0.0000000000
53927  -34.729  -12.500  66.134 0.0000000000
53939  -34.277  -13.111  64.845 0.0000000000
53074  -34.868  -13.124  64.150 0.0000000000
53075  -35.830  -13.104  64.214 0.0000000000
53077  -37.468  -13.428  64.445 0.0000000000
114411  -37.947  -13.621  63.757 0.0000000000
53088  -38.620  -13.723  63.193 0.0000000000
114943  -3.056  -6.583  77.605 0.0000000000
51192  -9.233  -15.645  81.270 0.0000000000
115272  -8.978  -15.990  80.919 0.0000000000
50249  -8.314  -16.238  80.834 0.0000000000
50261  -6.793  -16.896  79.539 0.0000000000
50247  -6.425  -16.779  80.448 0.0000000000
48423  -2.596  -18.984  78.954 0.0000000000
119576  -13.189  -16.337  90.718 0.0000000000
119709  -12.873  -16.418  90.948 0.0000000000
49243  -12.754  -16.643  90.815 0.0000000000
48343  -12.157  -17.192  90.686 0.0000000000
48342  -11.562  -17.300  90.800 0.0000000000
106059  -11.622  -17.513  89.808 0.0000000000
48355  -11.273  -17.471  90.312 0.0000000000
48341  -10.861  -17.374  90.843 0.0000000000
56473  -38.489  -9.934  70.204 0.0000000000
105784  -38.261  -9.413  70.717 0.0000000000
54757  -36.332  -11.915  73.181 0.0000000000
54756  -36.224  -11.691  72.843 0.0000000000
103397  -35.703  -11.203  72.551 0.0000000000
101208  -35.339  -10.324  72.946 0.0000000000
106778  -34.885  -10.698  72.352 0.0000000000
55631  -34.210  -10.217  72.191 0.0000000000
55630  -33.767  -9.829  71.827 0.0000000000
56454  -34.054  -9.141  71.736 0.0000000000
57294  -34.538  -8.720  71.354 0.0000000000
54651  -28.612  -11.268  83.759 0.0000000000
53810  -30.057  -11.119  80.764 0.0000000000
52924  -29.384  -11.569  81.141 0.0000000000
52935  -29.467  -11.390  80.553 0.0000000000
52940  -26.296  -12.628  79.061 0.0000000000
52081  -25.855  -13.553  79.362 0.0000000000
51211  -25.011  -15.202  78.543 0.0000000000
50293  -24.772  -15.892  78.317 0.0000000000
106091  -48.715  -2.923  50.932 0.0000000000
116068  -49.250  -1.618  51.703 0.0000000000
63417  -49.073  -1.754  51.366 0.0000000000
62605  -48.824  -2.334  50.899 0.0000000000
63423  -48.304  -2.337  50.289 0.0000000000
63415  -48.033  -1.533  50.359 0.0000000000
64228  -47.199  -1.344  50.084 0.0000000000
65068  -47.564  0.547  51.621 0.0000000000
65907  -48.126  1.217  52.190 0.0000000000
54642  -8.134  -10.883  85.023 0.0000000000
54643  -8.917  -11.312  85.399 0.0000000000
53762  -9.772  -12.628  85.386 0.0000000000
52883  -9.805  -13.179  85.673 0.0000000000
52882  -9.631  -13.631  85.934 0.0000000000
61761  -45.363  -3.565  62.810 0.0000000000
116535  -44.862  -4.330  62.676 0.0000000000
60052  -45.005  -5.972  62.818 0.0000000000
115180  -39.989  -9.838  60.390 0.0000000000
59073  -42.336  -6.651  60.700 0.0000000000
59074  -42.991  -6.546  61.291 0.0000000000
60953  -44.001  -4.880  61.946 0.0000000000
52040  -15.488  -14.924  85.252 0.0000000000
50195  -16.401  -16.382  84.922 0.0000000000
110748  -16.142  -16.324  85.668 0.0000000000
50183  -15.977  -16.410  86.503 0.0000000000
49257  -16.105  -16.922  87.099 0.0000000000
49255  -15.922  -17.364  87.426 0.0000000000
47412  -15.983  -18.068  87.100 0.0000000000
46470  -17.642  -19.268  79.579 0.0000000000
46451  -17.399  -19.281  80.412 0.0000000000
45501  -17.189  -19.278  81.218 0.0000000000
46422  -16.216  -19.372  82.141 0.0000000000
46421  -16.029  -19.351  82.681 0.0000000000
45469  -15.990  -19.309  83.143 0.0000000000
46420  -14.861  -18.854  82.489 0.0000000000
57223  -3.326  -8.653  80.901 0.0000000000
55583  -3.966  -9.909  80.676 0.0000000000
54694  -4.399  -10.334  80.357 0.0000000000
53823  -5.658  -12.132  78.165 0.0000000000
102683  -7.752  -16.713  74.895 0.0000000000
50315  -7.481  -16.445  74.060 0.0000000000
102997  -5.847  -16.732  73.178 0.0000000000
102540  -6.345  -16.228  72.918 0.0000000000
107460  -4.895  -15.676  72.046 0.0000000000
117645  -13.207  -8.208  86.860 0.0000000000
57982  -12.812  -8.075  88.201 0.0000000000
57162  -12.618  -8.077  88.802 0.0000000000
57157  -12.287  -8.335  89.385 0.0000000000
53720  -9.998  -13.823  92.478 0.0000000000
53723  -10.358  -13.345  92.236 0.0000000000
53722  -9.477  -13.566  92.296 0.0000000000
108594  -9.049  -13.505  92.118 0.0000000000
53728  -8.893  -13.382  91.345 0.0000000000
114672  -8.361  -13.844  91.486 0.0000000000
53727  -8.561  -13.637  91.139 0.0000000000
54610  -8.920  -13.321  90.865 0.0000000000
53733  -9.000  -13.243  90.663 0.0000000000
53742  -8.413  -13.705  89.640 0.0000000000
52859  -6.528  -14.734  88.582 0.0000000000
52852  -6.717  -14.724  88.984 0.0000000000
114453  -4.543  -15.923  86.633 0.0000000000
107334  -35.667  -13.089  73.204 0.0000000000
52109  -35.991  -13.573  75.144 0.0000000000
52119  -36.426  -13.143  74.886 0.0000000000
52974  -37.260  -12.309  75.201 0.0000000000
52979  -36.854  -12.682  74.864 0.0000000000
52986  -36.602  -12.514  74.399 0.0000000000
52995  -36.353  -12.368  73.824 0.0000000000
53868  -36.586  -11.869  73.843 0.0000000000
103123  -36.852  -11.280  74.127 0.0000000000
54677  -31.287  -10.357  81.618 0.0000000000
54683  -31.720  -10.219  80.957 0.0000000000
53811  -30.603  -10.840  80.977 0.0000000000
54713  -29.337  -10.841  78.377 0.0000000000
63401  -46.654  -1.208  54.750 0.0000000000
62593  -46.080  -1.998  54.236 0.0000000000
61804  -46.387  -2.436  53.573 0.0000000000
63403  -49.311  -0.200  53.991 0.0000000000
64208  -49.612  0.009  53.252 0.0000000000
65061  -50.400  1.145  53.724 0.0000000000
117510  -43.775  -9.614  61.614 0.0000000000
56538  -44.285  -9.209  62.043 0.0000000000
56527  -44.887  -9.677  62.756 0.0000000000
54874  -40.269  -11.406  60.500 0.0000000000
54860  -40.832  -12.105  60.784 0.0000000000
54875  -41.136  -11.235  60.511 0.0000000000
45508  -23.332  -19.265  80.112 0.0000000000
45493  -23.021  -19.220  81.006 0.0000000000
99501  -22.815  -19.437  79.737 0.0000000000
45521  -21.808  -19.480  79.851 0.0000000000
101685  -21.520  -19.657  78.230 0.0000000000
118524  -21.431  -19.566  78.829 0.0000000000
100415  -21.258  -19.536  79.389 0.0000000000
101155  -20.139  -19.480  79.274 0.0000000000
45537  -19.415  -19.364  79.170 0.0000000000
46490  -17.895  -19.301  78.701 0.0000000000
53794  -6.896  -11.938  81.287 0.0000000000
53804  -6.527  -12.207  80.437 0.0000000000
52927  -8.686  -13.698  78.985 0.0000000000
101959  -9.421  -13.886  79.625 0.0000000000
115945  -9.188  -15.622  77.106 0.0000000000
109025  -8.660  -16.285  76.407 0.0000000000
50250  -9.053  -16.176  80.121 0.0000000000
50278  -8.873  -16.556  78.240 0.0000000000
50277  -8.063  -16.836  78.402 0.0000000000
103970  -8.636  -16.500  76.971 0.0000000000
50300  -8.259  -16.718  76.312 0.0000000000
49392  -7.271  -17.220  75.439 0.0000000000
49390  -5.121  -17.470  75.660 0.0000000000
113115  -4.531  -17.388  75.112 0.0000000000
49401  -3.701  -17.409  74.928 0.0000000000
109205  -13.927  -12.129  89.757 0.0000000000
52846  -13.379  -13.572  90.747 0.0000000000
53734  -12.775  -12.809  91.175 0.0000000000
110954  -12.447  -13.364  91.469 0.0000000000
53725  -11.592  -13.474  91.952 0.0000000000
52841  -11.293  -13.970  92.138 0.0000000000
50165  -12.790  -15.820  91.457 0.0000000000
50158  -12.361  -15.473  91.567 0.0000000000
49227  -10.999  -16.200  91.713 0.0000000000
110679  -11.723  -15.472  91.690 0.0000000000
51118  -11.866  -15.025  91.691 0.0000000000
106410  -11.223  -14.883  91.944 0.0000000000
51992  -10.919  -14.426  92.201 0.0000000000
52837  -10.065  -14.268  92.543 0.0000000000
52836  -9.725  -14.215  92.690 0.0000000000
51988  -8.838  -14.691  93.075 0.0000000000
51994  -8.607  -14.854  92.547 0.0000000000
50152  -8.815  -15.560  92.396 0.0000000000
51114  -8.791  -15.011  92.678 0.0000000000
51993  -8.088  -15.021  92.105 0.0000000000
53921  -38.541  -13.229  67.003 0.0000000000
53887  -35.180  -12.695  70.830 0.0000000000
55674  -34.602  -10.717  67.447 0.0000000000
104239  -35.843  -11.127  67.477 0.0000000000
51159  -26.011  -14.124  84.192 0.0000000000
50199  -25.787  -14.590  83.857 0.0000000000
50198  -25.382  -15.324  83.746 0.0000000000
49285  -24.944  -16.579  82.753 0.0000000000
47475  -24.326  -17.996  81.774 0.0000000000
47481  -24.105  -18.258  81.161 0.0000000000
57196  -29.755  -9.176  82.840 0.0000000000
56377  -30.536  -9.859  82.838 0.0000000000
56376  -30.000  -9.732  83.136 0.0000000000
56364  -29.540  -10.206  83.418 0.0000000000
55552  -29.642  -10.717  83.430 0.0000000000
54661  -29.340  -11.108  83.518 0.0000000000
52915  -29.391  -11.757  81.780 0.0000000000
52070  -27.933  -12.673  81.602 0.0000000000
52914  -28.628  -12.313  82.082 0.0000000000
52907  -28.752  -12.214  82.658 0.0000000000
52058  -27.915  -12.580  82.990 0.0000000000
52052  -27.926  -12.394  83.445 0.0000000000
52057  -27.195  -13.163  83.094 0.0000000000
51180  -26.494  -13.827  82.861 0.0000000000
50230  -25.434  -15.147  82.185 0.0000000000
50239  -25.367  -15.211  81.374 0.0000000000
49300  -25.010  -16.062  81.678 0.0000000000
49291  -25.074  -16.096  82.325 0.0000000000
49299  -24.744  -16.874  81.854 0.0000000000
103173  -24.051  -18.333  80.969 0.0000000000
46440  -23.842  -18.664  80.700 0.0000000000
45509  -23.518  -19.220  79.981 0.0000000000
45524  -23.236  -19.422  79.333 0.0000000000
45541  -22.934  -19.496  78.905 0.0000000000
45543  -23.479  -19.310  78.550 0.0000000000
45560  -22.895  -19.460  78.105 0.0000000000
64220  -46.634  -0.516  50.418 0.0000000000
64219  -45.750  -0.295  50.168 0.0000000000
65911  -45.389  0.862  49.501 0.0000000000
65915  -45.979  1.878  48.293 0.0000000000
56379  -3.721  -9.222  81.749 0.0000000000
55570  -3.918  -9.771  81.343 0.0000000000
54672  -4.347  -10.169  81.578 0.0000000000
54680  -5.348  -10.925  81.512 0.0000000000
55553  -4.838  -9.797  82.959 0.0000000000
53795  -7.740  -12.436  81.423 0.0000000000
52909  -9.265  -13.326  81.300 0.0000000000
53779  -9.559  -13.003  83.681 0.0000000000
52902  -9.604  -13.445  82.899 0.0000000000
100462  -9.293  -15.426  81.886 0.0000000000
50224  -7.863  -15.969  82.353 0.0000000000
50222  -5.897  -16.501  82.091 0.0000000000
100052  -4.973  -16.698  82.185 0.0000000000
64171  -48.090  -0.500  60.559 0.0000000000
115369  -45.445  -8.466  62.720 0.0000000000
53047  -39.479  -13.248  67.259 0.0000000000
59082  -41.194  -6.160  59.989 0.0000000000
101997  -41.349  -5.647  60.017 0.0000000000
60074  -41.874  -5.311  60.335 0.0000000000
60073  -41.241  -4.823  59.694 0.0000000000
60961  -41.505  -3.858  59.489 0.0000000000
62566  -43.989  -1.780  59.972 0.0000000000
52857  -14.464  -13.493  88.760 0.0000000000
108227  -13.966  -14.981  90.036 0.0000000000
105319  -13.887  -15.893  90.245 0.0000000000
51140  -15.036  -14.732  87.263 0.0000000000
51134  -14.563  -15.350  88.698 0.0000000000
50176  -14.379  -15.821  89.407 0.0000000000
50173  -14.143  -16.120  89.880 0.0000000000
48346  -13.434  -16.480  90.334 0.0000000000
108593  -13.237  -16.933  90.074 0.0000000000
48358  -13.014  -17.055  90.104 0.0000000000
99842  -12.741  -17.526  89.409 0.0000000000
47400  -13.217  -17.552  89.201 0.0000000000
100246  -12.123  -18.154  88.383 0.0000000000
45477  -22.768  -19.206  81.406 0.0000000000
45461  -22.476  -19.243  81.943 0.0000000000
45476  -22.287  -19.343  81.597 0.0000000000
46380  -21.575  -18.981  83.659 0.0000000000
45503  -18.654  -19.463  80.706 0.0000000000
45474  -19.632  -19.576  82.363 0.0000000000
45458  -20.004  -19.644  82.725 0.0000000000
45446  -20.598  -19.579  83.071 0.0000000000
46390  -21.128  -19.328  83.344 0.0000000000
47439  -21.290  -18.393  83.710 0.0000000000
48378  -19.974  -18.257  83.742 0.0000000000
105662  -19.810  -17.610  83.415 0.0000000000
49269  -17.665  -17.605  84.492 0.0000000000
49259  -16.858  -17.598  85.475 0.0000000000
47422  -17.075  -18.336  85.417 0.0000000000
48368  -16.670  -17.880  85.894 0.0000000000
47421  -16.373  -18.154  86.265 0.0000000000
47420  -15.859  -18.386  86.464 0.0000000000
45440  -16.111  -19.211  83.834 0.0000000000
46389  -15.621  -19.033  84.152 0.0000000000
106026  -15.417  -18.935  84.565 0.0000000000
46387  -14.496  -18.748  83.962 0.0000000000
46388  -14.979  -18.893  84.413 0.0000000000
46376  -15.401  -18.910  84.818 0.0000000000
46358  -14.722  -18.682  85.751 0.0000000000
119020  -14.116  -18.499  86.267 0.0000000000
47436  -12.630  -18.476  85.487 0.0000000000
100601  -12.236  -18.437  86.281 0.0000000000
57250  -3.485  -8.394  79.750 0.0000000000
58071  -3.980  -7.874  78.954 0.0000000000
57261  -5.717  -8.643  78.334 0.0000000000
56427  -6.056  -10.028  77.404 0.0000000000
55609  -5.766  -11.035  75.930 0.0000000000
52925  -6.141  -12.779  78.764 0.0000000000
52937  -6.053  -12.881  77.880 0.0000000000
52100  -7.272  -14.361  75.528 0.0000000000
98965  -7.359  -14.544  74.755 0.0000000000
52953  -5.552  -12.920  76.609 0.0000000000
53845  -5.390  -12.426  76.143 0.0000000000
53853  -5.180  -12.346  75.288 0.0000000000
54739  -5.213  -11.991  75.727 0.0000000000
54746  -5.191  -11.646  74.576 0.0000000000
54750  -5.028  -11.648  73.916 0.0000000000
112684  -4.731  -11.814  73.503 0.0000000000
54753  -4.639  -11.809  72.853 0.0000000000
53872  -4.540  -12.243  72.241 0.0000000000
56331  -9.163  -8.557  88.011 0.0000000000
103488  -14.580  -10.587  88.695 0.0000000000
56330  -14.206  -9.869  88.789 0.0000000000
118456  -13.837  -9.825  89.254 0.0000000000
55506  -13.166  -10.621  90.247 0.0000000000
100721  -13.339  -9.441  89.481 0.0000000000
57154  -12.628  -9.088  89.670 0.0000000000
118750  -10.608  -12.731  91.916 0.0000000000
54612  -10.491  -12.225  90.913 0.0000000000
57156  -11.499  -8.249  89.447 0.0000000000
57155  -10.824  -8.362  89.214 0.0000000000
56327  -10.293  -8.483  88.835 0.0000000000
99795  -10.509  -9.150  89.095 0.0000000000
56338  -9.517  -9.402  87.842 0.0000000000
55514  -9.750  -10.335  87.523 0.0000000000
54630  -10.050  -11.721  87.386 0.0000000000
110570  -9.906  -12.418  86.864 0.0000000000
52874  -9.844  -13.042  86.386 0.0000000000
52855  -8.268  -13.594  89.129 0.0000000000
52862  -8.456  -13.620  88.441 0.0000000000
52868  -8.848  -13.706  87.626 0.0000000000
102239  -8.661  -14.529  86.052 0.0000000000
52037  -8.731  -14.759  85.383 0.0000000000
51155  -8.288  -15.046  84.909 0.0000000000
51164  -7.821  -15.384  84.360 0.0000000000
51172  -6.310  -15.794  83.670 0.0000000000
50221  -4.296  -16.937  82.536 0.0000000000
117686  -5.779  -16.294  90.092 0.0000000000
48362  -3.965  -19.048  89.143 0.0000000000
48347  -4.430  -18.542  89.231 0.0000000000
105948  -5.025  -17.075  89.232 0.0000000000
50172  -5.344  -16.307  89.664 0.0000000000
51131  -4.878  -15.881  88.914 0.0000000000
51135  -4.755  -16.054  88.318 0.0000000000
50179  -4.365  -16.590  87.874 0.0000000000
51138  -4.588  -16.203  87.571 0.0000000000
51139  -4.323  -16.234  86.769 0.0000000000
48370  -3.467  -17.974  86.314 0.0000000000
50184  -3.552  -16.921  85.878 0.0000000000
50194  -3.674  -16.577  85.575 0.0000000000
50210  -3.766  -16.647  84.067 0.0000000000
50209  -3.584  -17.340  83.704 0.0000000000
106747  -3.880  -17.086  83.242 0.0000000000
50233  -4.084  -17.319  81.815 0.0000000000
49297  -3.696  -17.892  81.518 0.0000000000
48404  -2.794  -18.864  81.019 0.0000000000
46442  -2.810  -20.016  80.019 0.0000000000
45475  -21.583  -19.449  81.897 0.0000000000
45478  -23.115  -19.094  81.142 0.0000000000
45492  -22.763  -19.303  80.906 0.0000000000
45494  -23.424  -19.075  80.526 0.0000000000
45505  -20.923  -19.507  80.242 0.0000000000
45542  -23.243  -19.403  78.723 0.0000000000
45558  -21.839  -19.840  77.470 0.0000000000
46365  -15.277  -18.866  85.102 0.0000000000
46369  -19.781  -18.517  83.951 0.0000000000
46452  -23.943  -18.999  80.007 0.0000000000
46472  -24.050  -18.900  79.885 0.0000000000
46493  -23.922  -19.085  78.917 0.0000000000
47464  -24.171  -18.173  82.056 0.0000000000
47479  -2.566  -19.242  80.433 0.0000000000
47482  -24.321  -17.981  81.335 0.0000000000
47487  -24.363  -17.854  80.920 0.0000000000
48335  -12.404  -16.800  90.971 0.0000000000
48345  -12.946  -16.739  90.503 0.0000000000
48357  -12.708  -17.273  89.953 0.0000000000
48360  -14.300  -16.942  89.229 0.0000000000
48392  -24.561  -17.403  82.281 0.0000000000
48405  -24.495  -17.508  81.313 0.0000000000
49233  -11.430  -16.636  91.422 0.0000000000
49236  -13.114  -16.062  91.125 0.0000000000
49277  -17.626  -17.400  84.260 0.0000000000
49280  -25.030  -16.319  83.198 0.0000000000
49325  -24.885  -16.108  80.135 0.0000000000
50156  -11.353  -15.810  91.740 0.0000000000
50217  -25.556  -15.132  83.016 0.0000000000
50305  -7.926  -16.888  75.669 0.0000000000
51111  -8.981  -14.702  93.035 0.0000000000
51124  -12.816  -15.418  91.495 0.0000000000
51128  -6.626  -15.834  90.664 0.0000000000
51129  -13.678  -15.380  90.474 0.0000000000
51179  -25.775  -14.701  82.788 0.0000000000
51212  -25.362  -14.417  78.869 0.0000000000
51989  -8.879  -14.653  93.074 0.0000000000
51990  -10.051  -14.310  92.622 0.0000000000
51991  -10.255  -14.468  92.448 0.0000000000
51995  -11.548  -14.460  91.901 0.0000000000
51997  -12.532  -14.590  91.503 0.0000000000
52043  -26.550  -13.520  84.287 0.0000000000
52085  -9.303  -15.046  77.363 0.0000000000
52835  -8.864  -14.536  93.067 0.0000000000
52838  -10.674  -14.088  92.360 0.0000000000
52887  -27.234  -12.623  84.260 0.0000000000
52893  -27.568  -12.552  83.795 0.0000000000
52900  -28.666  -12.130  83.143 0.0000000000
53721  -10.436  -13.900  92.414 0.0000000000
53726  -12.042  -13.457  91.725 0.0000000000
53735  -13.207  -12.899  90.819 0.0000000000
53745  -14.162  -12.884  89.753 0.0000000000
53767  -28.177  -11.777  83.837 0.0000000000
53774  -28.916  -11.525  83.508 0.0000000000
53874  -36.129  -12.300  73.217 0.0000000000
54608  -11.457  -12.574  91.772 0.0000000000
55596  -30.855  -10.451  78.124 0.0000000000
56374  -28.670  -9.625  83.287 0.0000000000
56388  -31.688  -9.823  81.887 0.0000000000
57987  -13.007  -8.153  87.526 0.0000000000
63413  -49.401  -1.217  51.978 0.0000000000
64223  -48.927  -1.247  51.221 0.0000000000
100672  -23.752  -18.864  80.466 0.0000000000
101050  -19.965  -19.737  82.994 0.0000000000
102033  -29.815  -10.889  78.864 0.0000000000
102397  -23.692  -18.600  81.283 0.0000000000
105155  -38.535  -9.512  76.627 0.0000000000
108174  -24.299  -18.082  79.116 0.0000000000
111273  -24.100  -18.962  79.160 0.0000000000
113910  -14.102  -10.444  89.265 0.0000000000
114167  -27.626  -12.885  82.803 0.0000000000
114278  -12.170  -13.093  91.635 0.0000000000
114287  -9.095  -14.663  92.955 0.0000000000
114641  -20.483  -19.506  83.363 0.0000000000
114655  -14.427  -14.747  88.810 0.0000000000
116922  -7.369  -12.025  81.706 0.0000000000
117492  -30.866  -10.590  81.774 0.0000000000
118098  -11.469  -15.195  91.789 0.0000000000
118784  -8.350  -13.996  90.225 0.0000000000
119143  -11.037  -12.379  91.719 0.0000000000
119327  -14.231  -18.617  85.566 0.0000000000
119399  -48.617  -2.733  50.528 0.0000000000
119563  -23.085  -19.403  79.933 0.0000000000
119749  -5.529  -15.314  85.802 0.0000000000
119988  -3.700  -18.091  87.838 0.0000000000
