#!ascii label  , from subject sub-01 vox2ras=TkReg
1293
49574  -39.737  -17.415  60.775 0.0000000000
59145  -50.975  -6.864  53.483 0.0000000000
55776  -43.486  -10.099  57.234 0.0000000000
42909  -11.580  -24.941  85.442 0.0000000000
49494  -36.762  -17.156  66.512 0.0000000000
99875  -26.305  -24.775  82.786 0.0000000000
49339  -31.427  -18.032  78.240 0.0000000000
47557  -38.206  -19.844  73.833 0.0000000000
48509  -41.787  -18.821  71.967 0.0000000000
112330  -18.257  -25.209  79.352 0.0000000000
41981  -22.326  -25.374  84.549 0.0000000000
114868  -23.103  -25.536  78.905 0.0000000000
45588  -29.627  -21.433  74.796 0.0000000000
46548  -32.671  -20.285  74.247 0.0000000000
50425  -43.542  -16.705  67.400 0.0000000000
50498  -45.719  -16.628  63.570 0.0000000000
57430  -47.264  -8.549  55.664 0.0000000000
52298  -41.043  -13.926  57.999 0.0000000000
57496  -49.651  -9.020  48.268 0.0000000000
41930  -8.378  -25.757  88.518 0.0000000000
52181  -40.818  -15.038  70.200 0.0000000000
49518  -37.304  -17.087  63.324 0.0000000000
43032  -27.478  -25.077  76.926 0.0000000000
44657  -29.533  -22.498  80.568 0.0000000000
53994  -46.422  -12.670  61.355 0.0000000000
58350  -52.655  -7.972  44.558 0.0000000000
99229  -35.871  -20.514  71.688 0.0000000000
46610  -38.043  -20.667  71.219 0.0000000000
99376  -20.560  -25.485  79.019 0.0000000000
45633  -31.616  -21.574  72.371 0.0000000000
45635  -33.415  -21.055  72.464 0.0000000000
46551  -35.261  -19.985  73.780 0.0000000000
50494  -41.682  -16.871  63.844 0.0000000000
50457  -43.890  -16.692  65.059 0.0000000000
50536  -42.579  -16.660  61.541 0.0000000000
58256  -49.680  -8.134  54.662 0.0000000000
59117  -49.818  -7.208  56.937 0.0000000000
60150  -52.113  -5.524  51.637 0.0000000000
119173  -9.146  -24.879  83.762 0.0000000000
42891  -9.976  -25.069  86.791 0.0000000000
49471  -38.891  -17.695  69.263 0.0000000000
50368  -40.579  -16.415  71.310 0.0000000000
50406  -38.266  -16.160  68.336 0.0000000000
50421  -39.702  -16.237  67.232 0.0000000000
50454  -36.979  -16.343  65.634 0.0000000000
42944  -24.602  -25.095  83.967 0.0000000000
42914  -23.683  -24.706  86.522 0.0000000000
43829  -26.005  -23.848  86.458 0.0000000000
43839  -27.520  -23.261  85.173 0.0000000000
42116  -25.352  -25.631  74.453 0.0000000000
43095  -26.553  -24.128  73.320 0.0000000000
46523  -30.973  -20.187  76.477 0.0000000000
105345  -29.873  -22.413  78.113 0.0000000000
46474  -30.825  -20.589  79.678 0.0000000000
46426  -30.688  -20.234  83.300 0.0000000000
41999  -14.713  -25.546  82.274 0.0000000000
41977  -16.784  -26.263  84.269 0.0000000000
41084  -16.990  -26.662  87.034 0.0000000000
54042  -42.479  -12.357  57.632 0.0000000000
53134  -44.361  -13.488  60.252 0.0000000000
54890  -45.590  -11.370  59.432 0.0000000000
59264  -54.144  -7.252  42.855 0.0000000000
99369  -12.438  -24.472  89.478 0.0000000000
48469  -39.131  -18.442  75.583 0.0000000000
48481  -41.800  -18.830  74.944 0.0000000000
46572  -39.934  -20.368  73.260 0.0000000000
47589  -39.991  -20.078  70.026 0.0000000000
99870  -18.926  -26.061  82.122 0.0000000000
98995  -20.585  -25.766  84.283 0.0000000000
42017  -20.947  -25.400  81.378 0.0000000000
42018  -22.646  -25.341  81.458 0.0000000000
42987  -24.663  -25.137  81.083 0.0000000000
44754  -27.513  -21.630  72.743 0.0000000000
46587  -29.191  -20.956  72.749 0.0000000000
46546  -30.806  -20.527  74.473 0.0000000000
48448  -31.495  -18.711  76.565 0.0000000000
48464  -33.946  -19.042  75.861 0.0000000000
48467  -36.453  -18.758  75.735 0.0000000000
99381  -16.923  -25.507  79.645 0.0000000000
53027  -45.133  -13.138  70.397 0.0000000000
110687  -47.238  -14.938  70.532 0.0000000000
52207  -46.562  -14.127  68.153 0.0000000000
51341  -47.381  -15.034  66.391 0.0000000000
57420  -44.864  -8.255  56.699 0.0000000000
102847  -46.321  -8.736  58.701 0.0000000000
102351  -47.124  -7.063  58.011 0.0000000000
41913  -5.027  -25.504  91.330 0.0000000000
51421  -40.638  -15.464  59.512 0.0000000000
54053  -39.846  -12.822  55.978 0.0000000000
56606  -42.360  -10.032  54.878 0.0000000000
56624  -44.563  -10.474  54.038 0.0000000000
56627  -47.319  -9.707  53.413 0.0000000000
56638  -48.880  -9.131  51.851 0.0000000000
58290  -50.874  -7.939  50.609 0.0000000000
55865  -48.112  -10.288  50.103 0.0000000000
42846  -10.588  -24.429  90.684 0.0000000000
42837  -8.964  -24.416  92.279 0.0000000000
104358  -7.224  -25.058  92.721 0.0000000000
112499  -44.841  -16.793  74.274 0.0000000000
50343  -42.692  -16.858  73.989 0.0000000000
52131  -42.713  -14.756  73.309 0.0000000000
53006  -43.821  -13.382  72.041 0.0000000000
51314  -41.589  -16.042  68.679 0.0000000000
50474  -40.546  -16.582  64.884 0.0000000000
101568  -39.152  -17.955  61.934 0.0000000000
41969  -22.318  -25.281  86.463 0.0000000000
119176  -24.845  -25.663  77.768 0.0000000000
43000  -26.885  -25.105  79.827 0.0000000000
43930  -28.498  -23.670  75.885 0.0000000000
101498  -28.858  -23.647  78.981 0.0000000000
115698  -28.489  -24.169  82.038 0.0000000000
44639  -29.428  -22.027  83.857 0.0000000000
100183  -11.038  -24.771  82.712 0.0000000000
42957  -12.852  -25.000  82.446 0.0000000000
107798  -12.696  -25.071  84.813 0.0000000000
51409  -43.225  -15.104  60.895 0.0000000000
104606  -46.444  -15.030  62.423 0.0000000000
52230  -48.852  -15.021  63.201 0.0000000000
55737  -48.041  -10.750  61.394 0.0000000000
58299  -52.284  -6.972  49.059 0.0000000000
60164  -52.023  -5.293  48.233 0.0000000000
60177  -53.035  -4.767  46.454 0.0000000000
114492  -51.347  -7.444  45.261 0.0000000000
59233  -55.143  -6.978  45.930 0.0000000000
45652  -34.996  -21.139  70.931 0.0000000000
46625  -35.849  -20.808  70.858 0.0000000000
103471  -34.679  -21.587  69.657 0.0000000000
45649  -32.554  -21.986  71.307 0.0000000000
45650  -33.436  -21.734  71.169 0.0000000000
46608  -34.656  -20.888  71.630 0.0000000000
115502  -40.399  -17.636  61.967 0.0000000000
49523  -41.925  -17.171  62.987 0.0000000000
50534  -41.143  -16.937  61.184 0.0000000000
114791  -50.113  -7.712  54.167 0.0000000000
58245  -50.586  -7.545  55.551 0.0000000000
59139  -51.630  -6.539  54.131 0.0000000000
60131  -52.148  -5.629  53.514 0.0000000000
59158  -51.410  -6.204  52.151 0.0000000000
42924  -10.535  -24.942  84.345 0.0000000000
42907  -9.128  -25.384  85.158 0.0000000000
120137  -10.325  -25.017  86.106 0.0000000000
48560  -37.924  -17.679  68.172 0.0000000000
102967  -38.626  -16.802  69.427 0.0000000000
50405  -37.833  -16.864  68.242 0.0000000000
50436  -37.089  -16.466  66.431 0.0000000000
50435  -36.501  -16.627  66.030 0.0000000000
41107  -18.611  -26.785  84.945 0.0000000000
42945  -25.703  -24.865  83.166 0.0000000000
42930  -24.900  -24.786  85.003 0.0000000000
42932  -26.329  -24.234  84.385 0.0000000000
43838  -26.681  -23.670  85.612 0.0000000000
43847  -27.094  -23.881  84.498 0.0000000000
104308  -31.075  -19.182  77.589 0.0000000000
101294  -30.968  -20.302  78.630 0.0000000000
47498  -31.096  -19.601  79.265 0.0000000000
47488  -31.173  -19.776  80.286 0.0000000000
42001  -17.506  -26.328  82.730 0.0000000000
117848  -17.505  -26.477  84.003 0.0000000000
41095  -18.094  -26.995  85.787 0.0000000000
49435  -44.844  -16.875  72.354 0.0000000000
54906  -42.759  -11.518  57.268 0.0000000000
54898  -43.881  -11.710  58.237 0.0000000000
54908  -44.144  -10.948  57.983 0.0000000000
47548  -38.486  -19.446  74.488 0.0000000000
47549  -40.246  -19.432  74.603 0.0000000000
46571  -38.953  -20.304  73.258 0.0000000000
46628  -38.714  -20.657  70.436 0.0000000000
46657  -38.127  -20.568  68.837 0.0000000000
47623  -38.443  -19.989  68.187 0.0000000000
42029  -18.983  -25.506  80.524 0.0000000000
42015  -19.630  -25.801  82.016 0.0000000000
42030  -19.677  -25.402  80.684 0.0000000000
99374  -22.289  -25.535  79.060 0.0000000000
42047  -22.024  -25.450  79.955 0.0000000000
42048  -22.906  -25.451  79.693 0.0000000000
42020  -24.042  -25.230  80.893 0.0000000000
119719  -24.184  -25.357  79.819 0.0000000000
46606  -28.003  -20.857  71.793 0.0000000000
45623  -32.019  -21.169  73.040 0.0000000000
45622  -31.088  -21.172  73.055 0.0000000000
46547  -31.757  -20.359  74.345 0.0000000000
47540  -31.205  -20.126  75.147 0.0000000000
47541  -32.126  -19.870  74.908 0.0000000000
48463  -33.026  -18.931  75.801 0.0000000000
47531  -33.545  -19.460  75.318 0.0000000000
46552  -36.209  -19.822  73.839 0.0000000000
47534  -36.113  -19.229  75.147 0.0000000000
47535  -37.027  -19.079  75.141 0.0000000000
48455  -38.352  -18.122  76.088 0.0000000000
42043  -17.575  -25.203  79.126 0.0000000000
51317  -44.386  -15.656  68.707 0.0000000000
52186  -45.526  -13.559  69.644 0.0000000000
51328  -44.654  -15.808  68.054 0.0000000000
113942  -45.124  -16.742  64.119 0.0000000000
51352  -45.958  -15.769  65.900 0.0000000000
100719  -46.286  -16.224  65.179 0.0000000000
51354  -47.757  -15.804  65.688 0.0000000000
50480  -47.661  -16.384  64.306 0.0000000000
57428  -45.233  -8.333  56.221 0.0000000000
58222  -46.079  -7.731  57.092 0.0000000000
58232  -47.321  -7.404  56.852 0.0000000000
60089  -51.279  -5.570  58.287 0.0000000000
114670  -43.565  -9.797  55.192 0.0000000000
55834  -43.027  -10.583  53.250 0.0000000000
55837  -45.923  -10.538  52.984 0.0000000000
55847  -47.027  -10.414  51.923 0.0000000000
56628  -48.103  -9.359  53.101 0.0000000000
56645  -47.787  -10.123  51.684 0.0000000000
56647  -49.031  -9.499  50.940 0.0000000000
41951  -8.157  -25.766  86.847 0.0000000000
104352  -7.545  -25.592  89.259 0.0000000000
100088  -12.662  -23.998  90.761 0.0000000000
42858  -11.093  -24.519  89.760 0.0000000000
42840  -11.403  -24.278  91.370 0.0000000000
42826  -9.214  -24.918  92.643 0.0000000000
41048  -8.398  -25.067  92.781 0.0000000000
109169  -8.026  -24.589  92.861 0.0000000000
116314  -7.783  -25.104  92.866 0.0000000000
41056  -6.696  -26.229  91.755 0.0000000000
48487  -41.981  -18.895  73.981 0.0000000000
48482  -42.410  -18.227  74.795 0.0000000000
49420  -42.361  -17.445  73.185 0.0000000000
51271  -40.448  -15.747  71.106 0.0000000000
51262  -41.757  -15.369  72.165 0.0000000000
52155  -42.003  -14.640  72.000 0.0000000000
52987  -43.402  -13.970  73.134 0.0000000000
111155  -42.080  -14.247  71.414 0.0000000000
52183  -42.612  -14.492  69.963 0.0000000000
51298  -41.011  -15.282  69.449 0.0000000000
100779  -38.878  -16.552  64.912 0.0000000000
50439  -40.164  -16.526  66.566 0.0000000000
118151  -39.263  -16.786  64.025 0.0000000000
112616  -39.886  -17.093  63.576 0.0000000000
49538  -37.863  -17.771  62.534 0.0000000000
41980  -21.450  -25.528  84.423 0.0000000000
41979  -21.129  -25.736  85.279 0.0000000000
109726  -21.841  -25.473  85.466 0.0000000000
111546  -26.344  -25.552  75.829 0.0000000000
42086  -25.165  -25.754  76.478 0.0000000000
42076  -26.347  -25.613  77.444 0.0000000000
42052  -26.277  -25.412  78.936 0.0000000000
43012  -27.381  -25.180  78.577 0.0000000000
45621  -28.194  -21.295  73.132 0.0000000000
44734  -28.373  -22.729  74.404 0.0000000000
44735  -28.923  -21.986  74.586 0.0000000000
44664  -29.549  -22.555  79.632 0.0000000000
44673  -29.100  -23.193  78.251 0.0000000000
44656  -29.128  -23.280  80.159 0.0000000000
43874  -28.921  -23.961  80.919 0.0000000000
112555  -29.312  -23.128  81.972 0.0000000000
44645  -29.004  -23.301  82.681 0.0000000000
44646  -29.481  -22.437  82.660 0.0000000000
50296  -34.421  -16.875  78.010 0.0000000000
112064  -13.997  -25.370  82.551 0.0000000000
42941  -13.995  -25.379  83.907 0.0000000000
111028  -13.095  -25.120  83.986 0.0000000000
41085  -17.652  -27.242  88.020 0.0000000000
52286  -40.693  -14.507  58.347 0.0000000000
51422  -41.440  -15.189  59.654 0.0000000000
52277  -42.465  -14.361  59.489 0.0000000000
53993  -45.677  -12.736  60.774 0.0000000000
52267  -45.319  -14.220  61.514 0.0000000000
113190  -46.730  -13.625  62.199 0.0000000000
52241  -47.869  -14.479  62.900 0.0000000000
53108  -48.123  -13.404  63.041 0.0000000000
57391  -47.238  -8.810  59.697 0.0000000000
55763  -47.115  -9.789  59.878 0.0000000000
57382  -48.159  -8.752  60.959 0.0000000000
56657  -50.000  -9.203  49.828 0.0000000000
58291  -51.587  -7.577  50.186 0.0000000000
57498  -51.266  -8.229  48.825 0.0000000000
58316  -50.993  -6.685  47.730 0.0000000000
59197  -51.210  -6.019  47.422 0.0000000000
61057  -52.793  -4.271  47.011 0.0000000000
59213  -51.757  -5.703  46.615 0.0000000000
58361  -51.117  -7.432  44.024 0.0000000000
59261  -50.337  -7.282  44.030 0.0000000000
58349  -51.700  -7.667  44.619 0.0000000000
59231  -52.735  -7.100  45.746 0.0000000000
58340  -54.428  -7.803  45.287 0.0000000000
58352  -54.992  -8.099  44.266 0.0000000000
58365  -55.352  -8.264  43.584 0.0000000000
114862  -36.854  -20.153  72.693 0.0000000000
100716  -37.859  -20.443  72.159 0.0000000000
99321  -36.550  -20.580  71.286 0.0000000000
46626  -36.827  -20.790  70.388 0.0000000000
42045  -19.941  -25.317  79.417 0.0000000000
44766  -30.825  -22.412  70.966 0.0000000000
45634  -32.532  -21.495  72.279 0.0000000000
45624  -32.852  -20.947  73.084 0.0000000000
46550  -34.308  -20.115  73.995 0.0000000000
46568  -34.572  -20.296  73.319 0.0000000000
46569  -35.213  -20.273  72.913 0.0000000000
99727  -42.173  -16.709  65.500 0.0000000000
50442  -43.534  -16.618  66.448 0.0000000000
50476  -42.518  -16.791  64.346 0.0000000000
113882  -43.130  -16.895  63.646 0.0000000000
100534  -44.285  -16.805  62.866 0.0000000000
57431  -48.245  -8.591  55.388 0.0000000000
58233  -48.350  -7.536  56.553 0.0000000000
58235  -50.271  -7.500  56.214 0.0000000000
59118  -50.756  -7.059  56.835 0.0000000000
61027  -53.138  -4.042  51.068 0.0000000000
41963  -8.666  -25.583  85.975 0.0000000000
41938  -8.750  -25.705  87.583 0.0000000000
49456  -40.517  -17.646  70.459 0.0000000000
49445  -41.054  -17.263  71.077 0.0000000000
113060  -39.654  -17.063  70.382 0.0000000000
50377  -38.958  -16.343  69.930 0.0000000000
51296  -39.123  -15.833  69.432 0.0000000000
51313  -40.504  -15.696  68.680 0.0000000000
50420  -38.679  -16.039  67.569 0.0000000000
50455  -37.883  -16.290  65.821 0.0000000000
50472  -37.793  -16.431  64.897 0.0000000000
42943  -23.755  -25.316  83.838 0.0000000000
108316  -23.492  -25.009  85.598 0.0000000000
42929  -24.062  -25.102  84.780 0.0000000000
42915  -25.120  -24.300  86.222 0.0000000000
112328  -27.343  -23.466  86.483 0.0000000000
43074  -25.992  -25.226  73.918 0.0000000000
43055  -27.520  -24.842  75.762 0.0000000000
46533  -30.322  -21.047  75.370 0.0000000000
44705  -29.754  -22.124  76.422 0.0000000000
46509  -30.455  -21.156  77.140 0.0000000000
45545  -30.691  -21.184  78.804 0.0000000000
45511  -30.348  -21.158  80.408 0.0000000000
45495  -29.911  -21.662  82.093 0.0000000000
46441  -30.899  -20.340  81.631 0.0000000000
101983  -15.834  -25.717  80.885 0.0000000000
102242  -15.736  -25.832  82.411 0.0000000000
41976  -16.103  -25.941  84.868 0.0000000000
41966  -16.130  -26.015  85.655 0.0000000000
111362  -17.325  -26.660  85.550 0.0000000000
53161  -42.108  -13.023  58.001 0.0000000000
53141  -42.823  -13.745  59.170 0.0000000000
53153  -43.221  -13.135  58.841 0.0000000000
54025  -44.617  -12.386  59.431 0.0000000000
54012  -46.196  -12.124  60.599 0.0000000000
107054  -48.422  -8.316  47.331 0.0000000000
114172  -50.075  -8.399  47.923 0.0000000000
58313  -48.267  -7.651  46.817 0.0000000000
110549  -52.430  -7.060  43.213 0.0000000000
109016  -54.231  -7.861  43.632 0.0000000000
59263  -53.309  -6.769  42.763 0.0000000000
59275  -54.049  -6.405  42.224 0.0000000000
100472  -12.424  -25.031  86.343 0.0000000000
42893  -11.831  -24.875  87.017 0.0000000000
49394  -40.877  -18.019  76.297 0.0000000000
48471  -40.663  -18.532  75.674 0.0000000000
47550  -41.232  -19.407  74.348 0.0000000000
47567  -41.490  -19.706  72.528 0.0000000000
46611  -38.648  -20.632  71.738 0.0000000000
46612  -40.421  -20.462  71.730 0.0000000000
47577  -41.025  -19.594  70.794 0.0000000000
48544  -39.628  -18.609  69.260 0.0000000000
48561  -38.403  -18.105  68.558 0.0000000000
42002  -18.497  -26.301  82.814 0.0000000000
41978  -19.737  -26.156  84.174 0.0000000000
42003  -19.387  -25.972  82.707 0.0000000000
100278  -20.518  -25.630  82.713 0.0000000000
98951  -21.889  -25.480  82.737 0.0000000000
99377  -21.038  -25.384  80.295 0.0000000000
99225  -21.855  -25.417  81.853 0.0000000000
42006  -22.627  -25.416  82.328 0.0000000000
111703  -23.945  -25.215  82.403 0.0000000000
42961  -24.610  -25.088  82.392 0.0000000000
42962  -25.466  -24.935  82.332 0.0000000000
46586  -28.285  -20.926  72.452 0.0000000000
46563  -28.932  -21.187  73.337 0.0000000000
45631  -29.696  -21.075  72.210 0.0000000000
46564  -29.636  -20.999  73.622 0.0000000000
107418  -30.143  -21.063  74.808 0.0000000000
47520  -30.781  -20.469  75.796 0.0000000000
47521  -31.218  -19.630  76.520 0.0000000000
48440  -31.186  -18.215  77.035 0.0000000000
98905  -31.844  -17.460  78.240 0.0000000000
49372  -31.556  -17.970  76.922 0.0000000000
49374  -33.730  -17.853  76.805 0.0000000000
49376  -35.341  -17.751  76.850 0.0000000000
47532  -34.398  -19.447  75.292 0.0000000000
48466  -35.646  -18.888  75.732 0.0000000000
48453  -35.932  -17.972  76.640 0.0000000000
112438  -37.526  -17.942  76.367 0.0000000000
112592  -16.546  -25.829  80.904 0.0000000000
53008  -45.587  -13.359  71.299 0.0000000000
53009  -46.402  -13.411  70.560 0.0000000000
53029  -47.308  -13.349  69.866 0.0000000000
53039  -47.728  -13.881  69.429 0.0000000000
51339  -45.559  -15.450  66.628 0.0000000000
52208  -47.121  -14.554  67.215 0.0000000000
113047  -43.890  -9.190  56.875 0.0000000000
56570  -44.824  -9.593  57.980 0.0000000000
106380  -44.992  -8.536  57.513 0.0000000000
57400  -46.380  -7.980  58.178 0.0000000000
115287  -47.547  -7.064  59.274 0.0000000000
59103  -48.274  -6.749  57.722 0.0000000000
59085  -48.053  -6.443  59.412 0.0000000000
114511  -38.519  -16.269  58.790 0.0000000000
104914  -40.079  -15.965  59.724 0.0000000000
51432  -38.825  -15.619  58.250 0.0000000000
51444  -39.240  -15.071  57.653 0.0000000000
52297  -40.361  -14.272  57.617 0.0000000000
101709  -40.284  -13.336  56.528 0.0000000000
54055  -41.312  -12.173  56.566 0.0000000000
54920  -41.611  -11.286  56.176 0.0000000000
55788  -42.537  -10.130  56.192 0.0000000000
56581  -42.877  -9.820  55.876 0.0000000000
57426  -43.916  -9.245  55.993 0.0000000000
57446  -44.775  -9.125  55.687 0.0000000000
57447  -45.727  -9.118  55.460 0.0000000000
55835  -44.032  -10.802  53.272 0.0000000000
56625  -45.579  -10.304  53.865 0.0000000000
56611  -47.063  -9.498  54.306 0.0000000000
56612  -47.921  -9.261  54.031 0.0000000000
101556  -49.200  -8.405  53.023 0.0000000000
58268  -49.713  -7.892  52.764 0.0000000000
58270  -50.850  -6.825  51.752 0.0000000000
57473  -49.508  -8.708  51.426 0.0000000000
56656  -49.437  -9.503  50.209 0.0000000000
110452  -48.808  -9.839  49.338 0.0000000000
57494  -47.710  -9.361  48.401 0.0000000000
42878  -11.258  -24.721  87.810 0.0000000000
42867  -9.898  -25.190  88.368 0.0000000000
41924  -9.297  -25.545  89.013 0.0000000000
42839  -10.609  -24.491  91.562 0.0000000000
42845  -9.556  -24.564  91.411 0.0000000000
109372  -8.747  -25.004  90.580 0.0000000000
106844  -7.042  -24.593  91.288 0.0000000000
99002  -6.778  -24.417  92.104 0.0000000000
106715  -5.920  -24.662  92.064 0.0000000000
41905  -5.361  -25.325  91.823 0.0000000000
50357  -44.879  -16.399  73.376 0.0000000000
51231  -43.899  -15.989  75.289 0.0000000000
99643  -42.190  -16.960  72.540 0.0000000000
103913  -42.832  -15.555  73.868 0.0000000000
52121  -44.011  -14.834  74.286 0.0000000000
52135  -44.383  -14.689  73.627 0.0000000000
52146  -44.706  -14.175  72.652 0.0000000000
53016  -43.977  -13.251  71.185 0.0000000000
52184  -43.607  -14.263  69.833 0.0000000000
50409  -43.136  -16.698  68.197 0.0000000000
50407  -41.151  -16.455  67.955 0.0000000000
50423  -41.616  -16.807  67.185 0.0000000000
50440  -41.644  -16.739  66.236 0.0000000000
114404  -41.178  -16.669  64.555 0.0000000000
49540  -39.794  -17.640  62.618 0.0000000000
113024  -39.279  -17.883  61.262 0.0000000000
49508  -35.017  -16.861  64.869 0.0000000000
50469  -35.175  -16.431  64.565 0.0000000000
50489  -35.732  -16.337  63.963 0.0000000000
117106  -36.423  -16.732  63.360 0.0000000000
49558  -36.898  -18.004  61.572 0.0000000000
49572  -37.445  -18.254  60.782 0.0000000000
100765  -38.080  -17.792  60.039 0.0000000000
50566  -38.324  -17.056  59.289 0.0000000000
42895  -22.898  -24.979  87.053 0.0000000000
99371  -23.071  -25.610  77.618 0.0000000000
42074  -24.542  -25.698  77.115 0.0000000000
99370  -23.975  -25.622  77.857 0.0000000000
42036  -24.845  -25.290  79.797 0.0000000000
99366  -26.080  -24.994  80.680 0.0000000000
99367  -26.370  -24.837  81.738 0.0000000000
44744  -27.344  -22.496  73.141 0.0000000000
43940  -27.783  -23.561  74.241 0.0000000000
43913  -27.951  -24.436  76.372 0.0000000000
44704  -29.110  -22.933  76.331 0.0000000000
43897  -28.612  -23.909  77.698 0.0000000000
43019  -28.151  -24.621  78.103 0.0000000000
43001  -27.858  -24.844  79.482 0.0000000000
42977  -27.852  -24.661  81.209 0.0000000000
42947  -27.754  -24.337  82.959 0.0000000000
43848  -27.888  -23.825  83.885 0.0000000000
44629  -28.302  -22.901  84.748 0.0000000000
100184  -10.175  -24.655  82.874 0.0000000000
42925  -11.401  -24.919  84.190 0.0000000000
99233  -12.777  -24.833  80.993 0.0000000000
99231  -11.678  -24.752  81.668 0.0000000000
100182  -11.928  -24.861  82.461 0.0000000000
42926  -12.239  -24.960  84.077 0.0000000000
42910  -12.238  -24.990  85.537 0.0000000000
117421  -13.740  -25.388  86.238 0.0000000000
41955  -16.085  -26.011  86.636 0.0000000000
50553  -41.278  -16.299  60.615 0.0000000000
51389  -42.922  -16.016  61.179 0.0000000000
50538  -44.182  -16.260  61.938 0.0000000000
52265  -43.664  -14.256  60.385 0.0000000000
51392  -45.158  -15.132  61.904 0.0000000000
50517  -45.870  -16.312  62.770 0.0000000000
51367  -47.336  -16.059  63.241 0.0000000000
55761  -45.826  -10.580  59.123 0.0000000000
54891  -46.263  -11.034  59.704 0.0000000000
54865  -47.562  -11.589  61.546 0.0000000000
102419  -51.522  -6.383  51.270 0.0000000000
59168  -52.250  -6.013  50.647 0.0000000000
60160  -52.712  -5.394  49.835 0.0000000000
58304  -51.700  -7.243  48.479 0.0000000000
58305  -52.123  -6.442  48.630 0.0000000000
103924  -53.094  -4.038  48.664 0.0000000000
61045  -53.320  -3.667  48.108 0.0000000000
115524  -53.892  -4.031  47.442 0.0000000000
113287  -50.728  -7.083  45.840 0.0000000000
60186  -52.351  -5.719  46.257 0.0000000000
60188  -54.672  -5.832  46.080 0.0000000000
45666  -34.486  -21.542  70.352 0.0000000000
44781  -32.962  -22.216  70.302 0.0000000000
106699  -33.787  -21.789  70.532 0.0000000000
45651  -34.226  -21.433  71.090 0.0000000000
49561  -41.055  -17.341  61.803 0.0000000000
50552  -40.524  -16.816  60.694 0.0000000000
59138  -50.793  -7.290  54.195 0.0000000000
59146  -51.416  -6.223  53.077 0.0000000000
60143  -52.015  -5.582  52.608 0.0000000000
105515  -11.109  -24.934  84.970 0.0000000000
105516  -10.196  -25.061  85.255 0.0000000000
42908  -10.968  -24.951  85.765 0.0000000000
49486  -37.439  -17.363  67.477 0.0000000000
50419  -37.416  -16.730  67.289 0.0000000000
49501  -36.027  -16.875  65.792 0.0000000000
115468  -19.555  -26.949  85.427 0.0000000000
41117  -19.411  -26.565  84.715 0.0000000000
111210  -26.158  -24.633  83.546 0.0000000000
104186  -25.509  -24.781  84.053 0.0000000000
42946  -26.991  -24.413  83.510 0.0000000000
48432  -31.100  -18.587  77.888 0.0000000000
111878  -31.041  -19.349  78.327 0.0000000000
48426  -31.239  -18.695  78.776 0.0000000000
48427  -31.724  -18.193  79.265 0.0000000000
54922  -42.921  -10.526  56.897 0.0000000000
54907  -43.497  -11.117  57.594 0.0000000000
117908  -43.843  -10.592  57.647 0.0000000000
101108  -37.298  -20.775  68.777 0.0000000000
99379  -19.413  -25.234  79.977 0.0000000000
42062  -22.612  -25.589  78.275 0.0000000000
42034  -23.621  -25.340  80.269 0.0000000000
42049  -23.672  -25.448  79.433 0.0000000000
46567  -32.334  -20.719  73.686 0.0000000000
46566  -31.424  -20.771  73.720 0.0000000000
47542  -33.102  -19.871  74.786 0.0000000000
47556  -37.118  -19.819  73.669 0.0000000000
47546  -36.623  -19.530  74.480 0.0000000000
47547  -37.583  -19.470  74.485 0.0000000000
112591  -17.768  -25.520  79.862 0.0000000000
50410  -44.010  -16.387  68.214 0.0000000000
50426  -44.262  -16.326  67.602 0.0000000000
50479  -45.729  -16.598  64.515 0.0000000000
110175  -46.652  -16.569  64.205 0.0000000000
57429  -46.178  -8.349  55.935 0.0000000000
58230  -45.836  -7.922  56.586 0.0000000000
58241  -46.738  -7.846  56.364 0.0000000000
60077  -51.418  -5.110  59.203 0.0000000000
56622  -42.466  -10.257  54.155 0.0000000000
55856  -47.317  -10.483  51.122 0.0000000000
41937  -7.975  -25.814  87.708 0.0000000000
41936  -7.300  -25.700  87.355 0.0000000000
41929  -7.292  -25.712  88.282 0.0000000000
42848  -12.030  -23.938  91.136 0.0000000000
42841  -12.305  -24.218  91.267 0.0000000000
41898  -7.929  -25.038  92.852 0.0000000000
41057  -7.661  -26.554  91.947 0.0000000000
48497  -41.943  -18.986  72.939 0.0000000000
107131  -42.211  -18.300  73.285 0.0000000000
49433  -42.101  -17.944  72.431 0.0000000000
52154  -40.842  -15.041  70.872 0.0000000000
51272  -41.231  -15.242  71.564 0.0000000000
104757  -41.482  -14.725  71.335 0.0000000000
52167  -41.502  -14.638  70.746 0.0000000000
52182  -41.662  -14.721  70.074 0.0000000000
50491  -38.505  -16.801  64.081 0.0000000000
49519  -38.216  -17.312  63.349 0.0000000000
41994  -22.027  -25.451  83.613 0.0000000000
43031  -27.006  -25.341  76.222 0.0000000000
100917  -26.148  -25.644  76.571 0.0000000000
113181  -26.860  -25.485  76.954 0.0000000000
42066  -26.600  -25.522  78.145 0.0000000000
42067  -27.103  -25.407  77.626 0.0000000000
45605  -28.949  -21.505  73.937 0.0000000000
44651  -29.271  -23.248  81.171 0.0000000000
44652  -29.586  -22.462  81.560 0.0000000000
49357  -34.958  -17.324  77.366 0.0000000000
41964  -14.901  -25.582  85.406 0.0000000000
52287  -41.437  -14.267  58.619 0.0000000000
52276  -41.790  -14.608  59.247 0.0000000000
52288  -42.150  -14.027  58.868 0.0000000000
53122  -45.825  -13.372  61.401 0.0000000000
53123  -46.398  -13.331  61.801 0.0000000000
53107  -47.323  -13.573  62.569 0.0000000000
53124  -46.890  -13.010  62.094 0.0000000000
57381  -47.709  -8.265  60.271 0.0000000000
56547  -47.661  -9.299  60.381 0.0000000000
56665  -49.971  -9.298  49.004 0.0000000000
57488  -50.644  -8.806  49.323 0.0000000000
57497  -50.484  -8.716  48.514 0.0000000000
59196  -50.672  -6.631  47.159 0.0000000000
60175  -51.650  -5.404  47.061 0.0000000000
59212  -51.133  -6.341  46.722 0.0000000000
58362  -52.056  -7.675  43.904 0.0000000000
58339  -53.233  -7.827  45.246 0.0000000000
58351  -53.764  -8.097  44.483 0.0000000000
100089  -35.926  -20.277  72.434 0.0000000000
46591  -36.455  -20.370  71.976 0.0000000000
45667  -35.325  -21.202  70.103 0.0000000000
115307  -36.099  -20.898  70.066 0.0000000000
46641  -35.893  -20.988  69.401 0.0000000000
44767  -31.674  -22.331  71.109 0.0000000000
112902  -33.170  -21.530  71.819 0.0000000000
46589  -33.715  -20.540  73.314 0.0000000000
46590  -35.195  -20.457  72.077 0.0000000000
102725  -36.000  -20.055  73.179 0.0000000000
50475  -41.738  -16.693  64.734 0.0000000000
99771  -43.049  -16.734  65.155 0.0000000000
50514  -42.493  -17.026  62.290 0.0000000000
50495  -42.532  -16.980  63.298 0.0000000000
50515  -43.382  -16.899  62.780 0.0000000000
50496  -43.868  -16.880  63.539 0.0000000000
57432  -49.044  -8.423  55.097 0.0000000000
58243  -48.789  -8.050  55.842 0.0000000000
58244  -49.762  -7.903  55.508 0.0000000000
59119  -51.586  -6.594  56.636 0.0000000000
103415  -52.080  -5.732  57.134 0.0000000000
60102  -52.295  -5.833  56.358 0.0000000000
61022  -53.261  -3.905  51.949 0.0000000000
118764  -52.647  -4.638  51.555 0.0000000000
42890  -9.581  -25.311  85.993 0.0000000000
41952  -9.131  -25.562  86.777 0.0000000000
42876  -9.574  -25.385  87.541 0.0000000000
49455  -39.789  -17.922  69.882 0.0000000000
49454  -39.035  -17.016  70.098 0.0000000000
112469  -38.232  -16.538  68.947 0.0000000000
114441  -38.704  -16.229  69.332 0.0000000000
110630  -39.564  -15.886  70.117 0.0000000000
51311  -38.663  -15.914  68.878 0.0000000000
51325  -38.843  -15.826  68.276 0.0000000000
50437  -37.996  -16.218  66.858 0.0000000000
50471  -36.828  -16.350  64.871 0.0000000000
42931  -25.748  -24.256  85.313 0.0000000000
43831  -27.364  -23.276  86.200 0.0000000000
116430  -27.051  -23.526  86.610 0.0000000000
102877  -26.445  -24.720  73.722 0.0000000000
43075  -26.736  -24.934  74.386 0.0000000000
43939  -27.080  -24.235  74.015 0.0000000000
46522  -30.475  -20.818  76.251 0.0000000000
46510  -30.802  -20.373  77.019 0.0000000000
45527  -30.398  -21.366  79.575 0.0000000000
46454  -30.838  -20.464  80.778 0.0000000000
47483  -31.224  -19.798  81.329 0.0000000000
42012  -16.280  -25.913  81.628 0.0000000000
42011  -15.345  -25.670  81.562 0.0000000000
118633  -16.393  -25.997  82.246 0.0000000000
41988  -16.432  -26.056  83.592 0.0000000000
41105  -16.784  -26.352  85.170 0.0000000000
54041  -41.733  -12.635  57.325 0.0000000000
54034  -42.844  -12.768  58.258 0.0000000000
54889  -44.916  -11.727  59.121 0.0000000000
54036  -44.266  -12.105  58.810 0.0000000000
114719  -45.620  -12.256  60.250 0.0000000000
54876  -45.922  -11.705  60.015 0.0000000000
60215  -51.101  -5.963  43.087 0.0000000000
60216  -52.007  -6.027  42.919 0.0000000000
112755  -12.541  -24.962  87.107 0.0000000000
42850  -13.395  -24.494  90.732 0.0000000000
48470  -39.928  -18.096  75.898 0.0000000000
48479  -39.953  -18.757  75.302 0.0000000000
47559  -40.538  -19.898  73.813 0.0000000000
47560  -41.424  -19.650  73.468 0.0000000000
46573  -40.840  -20.228  72.987 0.0000000000
46593  -38.740  -20.525  72.456 0.0000000000
46645  -39.260  -20.384  69.790 0.0000000000
46629  -39.505  -20.526  70.645 0.0000000000
46630  -40.352  -20.344  70.897 0.0000000000
47608  -40.228  -19.145  69.656 0.0000000000
47607  -39.607  -19.597  69.300 0.0000000000
47636  -38.280  -18.911  67.845 0.0000000000
41991  -19.196  -26.217  83.436 0.0000000000
42016  -20.013  -25.519  81.375 0.0000000000
99307  -20.374  -25.600  82.058 0.0000000000
42005  -21.109  -25.494  82.339 0.0000000000
99378  -20.163  -25.276  80.146 0.0000000000
42046  -20.600  -25.397  79.632 0.0000000000
42033  -22.742  -25.354  80.564 0.0000000000
42032  -21.872  -25.348  80.912 0.0000000000
42960  -23.362  -25.382  82.918 0.0000000000
42007  -23.361  -25.288  81.973 0.0000000000
42974  -24.124  -25.159  81.654 0.0000000000
119135  -24.845  -25.028  81.751 0.0000000000
42975  -25.419  -24.993  81.341 0.0000000000
45647  -30.296  -21.922  71.614 0.0000000000
45632  -30.702  -21.489  72.347 0.0000000000
46565  -30.454  -20.806  73.759 0.0000000000
46545  -30.088  -20.866  74.403 0.0000000000
119316  -30.517  -20.831  75.209 0.0000000000
46534  -30.564  -20.603  75.161 0.0000000000
47529  -31.603  -19.478  75.785 0.0000000000
47528  -31.074  -20.011  75.895 0.0000000000
47522  -31.309  -19.343  76.397 0.0000000000
48447  -31.252  -18.861  76.821 0.0000000000
48450  -33.372  -18.429  76.295 0.0000000000
48451  -34.314  -18.471  76.322 0.0000000000
49375  -34.635  -17.824  76.796 0.0000000000
47543  -33.958  -19.841  74.715 0.0000000000
47544  -34.818  -19.737  74.600 0.0000000000
118698  -35.987  -18.457  76.148 0.0000000000
48454  -36.676  -18.146  76.354 0.0000000000
48456  -39.267  -17.912  76.298 0.0000000000
42027  -16.323  -25.653  80.234 0.0000000000
42014  -18.045  -26.166  81.837 0.0000000000
53017  -45.484  -13.115  70.898 0.0000000000
52158  -46.123  -13.590  70.990 0.0000000000
53028  -46.035  -13.192  70.197 0.0000000000
52198  -45.659  -14.185  68.722 0.0000000000
52187  -46.603  -13.353  69.501 0.0000000000
53030  -47.543  -13.713  69.989 0.0000000000
53038  -47.330  -13.691  69.012 0.0000000000
99228  -44.233  -16.395  65.878 0.0000000000
99625  -44.182  -16.384  66.820 0.0000000000
50443  -44.777  -15.984  66.422 0.0000000000
51340  -46.484  -15.148  66.489 0.0000000000
52209  -47.931  -14.336  67.648 0.0000000000
52217  -47.901  -14.667  66.965 0.0000000000
52218  -48.682  -14.644  67.308 0.0000000000
112401  -48.727  -15.957  65.459 0.0000000000
57419  -44.322  -8.807  56.510 0.0000000000
57409  -44.475  -8.379  56.947 0.0000000000
57410  -44.923  -8.041  56.995 0.0000000000
58212  -46.536  -7.507  57.691 0.0000000000
58213  -47.060  -7.403  58.582 0.0000000000
59084  -47.575  -6.830  58.656 0.0000000000
59116  -48.835  -7.124  57.015 0.0000000000
59115  -48.017  -7.056  57.092 0.0000000000
59104  -49.248  -6.713  57.602 0.0000000000
107111  -48.748  -6.059  58.922 0.0000000000
41904  -4.713  -25.015  91.633 0.0000000000
41912  -4.512  -25.131  91.129 0.0000000000
52295  -38.985  -14.778  56.862 0.0000000000
52296  -39.680  -14.583  57.224 0.0000000000
119010  -39.393  -14.321  56.630 0.0000000000
53171  -40.975  -12.939  57.003 0.0000000000
54054  -40.588  -12.516  56.234 0.0000000000
54919  -40.896  -11.669  55.923 0.0000000000
54934  -41.230  -10.730  55.485 0.0000000000
54921  -42.303  -10.953  56.503 0.0000000000
55787  -41.961  -10.435  55.864 0.0000000000
56592  -42.428  -10.031  55.317 0.0000000000
56593  -43.141  -9.798  55.588 0.0000000000
56582  -43.583  -9.402  56.184 0.0000000000
56608  -44.218  -9.849  54.991 0.0000000000
56609  -45.169  -9.860  54.793 0.0000000000
56626  -46.473  -9.978  53.640 0.0000000000
56610  -46.159  -9.718  54.573 0.0000000000
57449  -47.635  -8.994  54.855 0.0000000000
57464  -48.747  -8.929  52.694 0.0000000000
57458  -48.752  -8.803  53.651 0.0000000000
57465  -49.320  -8.480  52.285 0.0000000000
57466  -49.915  -8.027  51.871 0.0000000000
56655  -48.805  -9.982  50.073 0.0000000000
56664  -49.386  -9.603  49.535 0.0000000000
41921  -6.618  -25.259  89.003 0.0000000000
42879  -12.242  -24.741  88.064 0.0000000000
42869  -11.603  -24.531  88.954 0.0000000000
42868  -10.727  -24.782  88.612 0.0000000000
42857  -10.181  -25.013  89.391 0.0000000000
42856  -9.491  -25.142  90.065 0.0000000000
42831  -10.767  -24.822  91.785 0.0000000000
42829  -9.144  -24.596  92.462 0.0000000000
42838  -9.787  -24.499  92.062 0.0000000000
98958  -8.308  -24.593  91.578 0.0000000000
41914  -7.827  -25.174  90.331 0.0000000000
99005  -7.337  -24.613  92.636 0.0000000000
42835  -6.118  -24.400  92.005 0.0000000000
42827  -6.415  -24.812  92.308 0.0000000000
41900  -5.809  -24.982  92.109 0.0000000000
41901  -6.268  -25.497  92.156 0.0000000000
40148  -7.297  -27.180  90.822 0.0000000000
49421  -44.900  -17.100  73.872 0.0000000000
110991  -44.739  -16.056  74.043 0.0000000000
48472  -41.513  -18.492  75.677 0.0000000000
110546  -42.016  -17.798  76.628 0.0000000000
48473  -42.323  -18.118  75.706 0.0000000000
49405  -42.744  -17.452  74.689 0.0000000000
109723  -42.943  -17.390  75.528 0.0000000000
50310  -43.698  -16.731  75.896 0.0000000000
109153  -43.280  -16.350  74.937 0.0000000000
50369  -41.400  -16.793  71.903 0.0000000000
50356  -41.746  -16.067  72.370 0.0000000000
51252  -42.323  -15.432  72.875 0.0000000000
52132  -43.153  -14.874  73.888 0.0000000000
51243  -43.501  -15.391  74.515 0.0000000000
52120  -43.632  -14.786  74.132 0.0000000000
51244  -43.948  -15.427  74.722 0.0000000000
52996  -43.126  -13.715  72.442 0.0000000000
52988  -43.928  -13.913  73.267 0.0000000000
52997  -43.723  -13.653  72.765 0.0000000000
52998  -44.356  -13.637  72.536 0.0000000000
53007  -44.800  -13.203  71.594 0.0000000000
51299  -42.069  -15.348  69.352 0.0000000000
51300  -43.159  -15.342  69.368 0.0000000000
51315  -42.639  -16.193  68.771 0.0000000000
51327  -40.131  -15.900  67.892 0.0000000000
114115  -40.433  -16.579  65.780 0.0000000000
50422  -40.661  -16.579  67.214 0.0000000000
108796  -40.958  -16.700  66.432 0.0000000000
99566  -41.236  -16.644  65.451 0.0000000000
49539  -38.781  -17.760  62.653 0.0000000000
49560  -39.824  -17.754  61.620 0.0000000000
50452  -35.565  -16.629  65.198 0.0000000000
50513  -35.665  -16.710  62.957 0.0000000000
117130  -35.262  -16.934  62.245 0.0000000000
117927  -36.334  -17.965  61.304 0.0000000000
113384  -36.596  -18.190  60.789 0.0000000000
41118  -20.279  -26.193  85.083 0.0000000000
41968  -21.699  -25.667  86.065 0.0000000000
42913  -23.039  -24.935  86.472 0.0000000000
42896  -23.473  -24.712  87.103 0.0000000000
42075  -25.480  -25.710  77.247 0.0000000000
42064  -24.647  -25.562  78.466 0.0000000000
42050  -24.397  -25.439  79.216 0.0000000000
42051  -25.246  -25.432  79.070 0.0000000000
42999  -25.738  -25.207  79.808 0.0000000000
42976  -27.035  -24.876  80.909 0.0000000000
43929  -28.208  -23.612  75.028 0.0000000000
107211  -27.957  -24.217  75.592 0.0000000000
105291  -30.090  -21.972  77.248 0.0000000000
44690  -29.487  -22.668  77.270 0.0000000000
43884  -28.581  -24.056  78.530 0.0000000000
43013  -28.147  -24.656  78.810 0.0000000000
43002  -28.511  -24.248  79.343 0.0000000000
42978  -28.484  -24.303  81.467 0.0000000000
42990  -28.401  -24.456  80.678 0.0000000000
42964  -27.955  -24.441  82.087 0.0000000000
43858  -28.454  -23.991  82.750 0.0000000000
103776  -29.107  -22.755  83.387 0.0000000000
43849  -28.654  -23.319  83.615 0.0000000000
44638  -28.984  -22.520  84.343 0.0000000000
45480  -30.241  -20.907  82.703 0.0000000000
45479  -29.830  -21.476  83.267 0.0000000000
46408  -30.245  -20.731  83.882 0.0000000000
50294  -32.595  -16.873  78.174 0.0000000000
42938  -10.823  -24.844  83.535 0.0000000000
42010  -14.507  -25.413  81.357 0.0000000000
42025  -14.341  -25.312  80.590 0.0000000000
42973  -13.939  -25.247  81.887 0.0000000000
114591  -13.491  -25.185  82.351 0.0000000000
42972  -13.203  -24.998  81.746 0.0000000000
42971  -12.391  -24.864  81.707 0.0000000000
105514  -11.898  -24.923  84.836 0.0000000000
42911  -13.109  -25.265  85.691 0.0000000000
41093  -16.761  -26.437  86.006 0.0000000000
109439  -46.776  -15.951  70.553 0.0000000000
51420  -39.856  -15.607  59.196 0.0000000000
50568  -40.581  -16.112  60.138 0.0000000000
50569  -41.145  -15.693  60.050 0.0000000000
51408  -42.497  -15.447  60.557 0.0000000000
51390  -43.702  -15.782  61.403 0.0000000000
53142  -43.603  -13.480  59.594 0.0000000000
52278  -43.073  -14.105  59.734 0.0000000000
52253  -44.678  -14.748  61.421 0.0000000000
113226  -45.788  -14.803  62.072 0.0000000000
52239  -45.845  -15.602  62.345 0.0000000000
51375  -46.601  -15.907  62.755 0.0000000000
52229  -48.054  -15.559  63.230 0.0000000000
104671  -48.872  -15.699  63.646 0.0000000000
119645  -45.371  -9.296  58.253 0.0000000000
55771  -45.353  -10.153  58.541 0.0000000000
56564  -45.985  -9.572  58.806 0.0000000000
55748  -47.559  -10.277  60.532 0.0000000000
55747  -46.893  -10.673  60.090 0.0000000000
54878  -47.285  -11.132  60.759 0.0000000000
58281  -50.459  -7.516  51.393 0.0000000000
58282  -51.076  -7.090  50.957 0.0000000000
58292  -52.122  -7.203  49.753 0.0000000000
59174  -51.958  -6.889  50.464 0.0000000000
59175  -52.399  -6.523  49.773 0.0000000000
58303  -50.755  -7.768  48.016 0.0000000000
59188  -51.419  -6.029  48.046 0.0000000000
99777  -52.725  -4.920  48.882 0.0000000000
61044  -52.602  -4.310  48.078 0.0000000000
61058  -53.542  -4.289  46.950 0.0000000000
61059  -54.742  -4.538  47.377 0.0000000000
60178  -54.063  -4.850  46.409 0.0000000000
58337  -50.660  -7.403  44.730 0.0000000000
59229  -49.916  -7.183  45.482 0.0000000000
59230  -51.610  -6.702  45.957 0.0000000000
59232  -53.909  -7.194  45.747 0.0000000000
60187  -53.455  -5.866  46.000 0.0000000000
60189  -55.508  -5.980  46.456 0.0000000000
58364  -54.920  -7.660  43.007 0.0000000000
46609  -35.315  -20.741  71.441 0.0000000000
44780  -32.124  -22.442  70.556 0.0000000000
45636  -33.873  -21.206  71.784 0.0000000000
49541  -40.749  -17.433  62.521 0.0000000000
49542  -41.575  -17.269  62.372 0.0000000000
50535  -41.832  -16.964  61.578 0.0000000000
58257  -50.409  -7.708  54.880 0.0000000000
58246  -51.267  -7.179  55.102 0.0000000000
60119  -52.484  -5.508  54.559 0.0000000000
61015  -52.864  -4.735  53.758 0.0000000000
61016  -53.793  -4.005  53.918 0.0000000000
60132  -52.527  -4.960  53.015 0.0000000000
42923  -9.612  -25.060  84.422 0.0000000000
49482  -38.129  -17.215  68.902 0.0000000000
109759  -37.942  -16.372  67.751 0.0000000000
50453  -36.212  -16.472  65.452 0.0000000000
40225  -18.984  -27.353  85.891 0.0000000000
100181  -25.032  -25.026  83.166 0.0000000000
47513  -31.070  -19.622  77.032 0.0000000000
47508  -30.992  -19.917  77.722 0.0000000000
48406  -31.496  -19.038  80.896 0.0000000000
41989  -17.101  -26.321  83.470 0.0000000000
41106  -17.604  -26.613  84.792 0.0000000000
54043  -43.180  -12.039  57.934 0.0000000000
54899  -44.540  -11.378  58.536 0.0000000000
109365  -39.197  -19.153  74.862 0.0000000000
47558  -39.354  -19.840  74.064 0.0000000000
46627  -37.828  -20.770  70.352 0.0000000000
46644  -38.443  -20.639  69.609 0.0000000000
47606  -38.948  -20.051  68.868 0.0000000000
99382  -19.061  -25.778  81.320 0.0000000000
42031  -20.368  -25.345  80.783 0.0000000000
99375  -21.318  -25.519  79.233 0.0000000000
42019  -23.418  -25.265  81.132 0.0000000000
42035  -24.413  -25.250  80.385 0.0000000000
48462  -32.194  -19.020  75.999 0.0000000000
47530  -32.601  -19.420  75.401 0.0000000000
47545  -35.713  -19.633  74.528 0.0000000000
48468  -37.340  -18.543  75.836 0.0000000000
47536  -38.140  -18.911  75.205 0.0000000000
42028  -18.117  -25.808  80.721 0.0000000000
52185  -44.559  -13.940  69.730 0.0000000000
52197  -44.817  -14.624  69.089 0.0000000000
51318  -44.966  -15.067  68.446 0.0000000000
51329  -45.473  -14.958  67.715 0.0000000000
50458  -44.855  -16.547  64.999 0.0000000000
50444  -45.157  -16.030  65.857 0.0000000000
50459  -45.589  -16.264  65.334 0.0000000000
51353  -46.782  -15.691  65.833 0.0000000000
50460  -47.193  -16.284  65.018 0.0000000000
50461  -48.010  -16.276  64.942 0.0000000000
118811  -45.301  -8.082  56.627 0.0000000000
58221  -45.352  -7.983  56.871 0.0000000000
58231  -46.492  -7.634  56.879 0.0000000000
58223  -46.790  -7.407  57.385 0.0000000000
59105  -50.210  -6.646  57.522 0.0000000000
59095  -49.596  -6.101  58.296 0.0000000000
60083  -50.440  -5.606  58.736 0.0000000000
61836  -54.815  -3.064  48.891 0.0000000000
54069  -40.196  -12.001  55.744 0.0000000000
56607  -42.993  -9.866  55.003 0.0000000000
56623  -43.469  -10.339  54.284 0.0000000000
55846  -46.226  -10.610  52.149 0.0000000000
56635  -46.751  -10.219  52.765 0.0000000000
56636  -47.533  -9.904  52.529 0.0000000000
56637  -48.253  -9.526  52.229 0.0000000000
56646  -48.441  -9.716  51.519 0.0000000000
55857  -48.190  -10.195  50.842 0.0000000000
41922  -7.044  -25.116  89.942 0.0000000000
42859  -11.893  -24.142  90.260 0.0000000000
115062  -11.415  -23.987  90.781 0.0000000000
42847  -11.191  -24.070  91.195 0.0000000000
41902  -9.802  -25.478  92.524 0.0000000000
42825  -8.414  -24.748  92.741 0.0000000000
42828  -8.099  -24.632  92.830 0.0000000000
42824  -8.017  -24.563  92.985 0.0000000000
41897  -7.945  -24.597  92.868 0.0000000000
41050  -7.237  -25.697  92.523 0.0000000000
48488  -42.426  -17.973  73.989 0.0000000000
50355  -41.083  -15.949  71.759 0.0000000000
52143  -42.292  -14.824  72.626 0.0000000000
110425  -43.220  -14.433  73.501 0.0000000000
52144  -42.714  -14.240  72.786 0.0000000000
52156  -42.490  -13.986  72.077 0.0000000000
53005  -42.934  -13.668  71.499 0.0000000000
52168  -42.316  -14.212  70.685 0.0000000000
50456  -38.901  -16.296  65.946 0.0000000000
100383  -39.740  -16.464  66.046 0.0000000000
50473  -39.762  -16.513  65.315 0.0000000000
50492  -39.858  -16.669  64.405 0.0000000000
49520  -39.104  -17.296  63.399 0.0000000000
42897  -24.343  -24.424  86.930 0.0000000000
42103  -25.959  -25.590  75.224 0.0000000000
118167  -25.217  -25.756  75.219 0.0000000000
110554  -25.622  -25.702  75.856 0.0000000000
42065  -25.655  -25.615  78.156 0.0000000000
115463  -27.894  -21.923  73.300 0.0000000000
45604  -28.374  -21.881  73.823 0.0000000000
44719  -28.869  -22.881  75.235 0.0000000000
44674  -29.602  -22.683  78.848 0.0000000000
44663  -29.187  -23.165  79.238 0.0000000000
43877  -28.888  -23.671  79.559 0.0000000000
103370  -28.718  -24.056  80.111 0.0000000000
43865  -28.910  -23.810  81.854 0.0000000000
114126  -15.116  -25.689  82.982 0.0000000000
41986  -14.368  -25.522  83.106 0.0000000000
42958  -13.472  -25.268  83.089 0.0000000000
42940  -12.555  -25.002  83.246 0.0000000000
42927  -13.564  -25.307  84.763 0.0000000000
42912  -14.049  -25.445  85.503 0.0000000000
40204  -17.919  -27.310  86.863 0.0000000000
51434  -40.287  -15.050  58.776 0.0000000000
51435  -41.053  -14.830  59.031 0.0000000000
51423  -42.138  -14.992  59.871 0.0000000000
52264  -42.832  -14.697  60.146 0.0000000000
53135  -45.116  -13.430  60.830 0.0000000000
52254  -46.163  -14.049  62.049 0.0000000000
51376  -47.215  -15.253  62.822 0.0000000000
52240  -46.943  -14.313  62.523 0.0000000000
119643  -48.690  -14.124  63.138 0.0000000000
56556  -46.688  -9.273  59.248 0.0000000000
55749  -48.161  -9.750  61.047 0.0000000000
57481  -50.502  -8.642  50.221 0.0000000000
57482  -51.198  -8.246  49.714 0.0000000000
58298  -51.779  -7.655  49.312 0.0000000000
60169  -51.597  -5.407  47.611 0.0000000000
60170  -52.151  -4.691  47.388 0.0000000000
60176  -52.253  -4.949  46.797 0.0000000000
106885  -50.600  -6.873  43.513 0.0000000000
58338  -52.226  -7.641  45.232 0.0000000000
115610  -55.263  -7.843  42.770 0.0000000000
46570  -37.919  -20.178  73.027 0.0000000000
46592  -37.142  -20.452  71.729 0.0000000000
115289  -37.256  -20.641  70.995 0.0000000000
46642  -36.698  -20.874  69.468 0.0000000000
42044  -19.047  -25.202  79.132 0.0000000000
42060  -20.918  -25.593  78.382 0.0000000000
42061  -21.769  -25.595  78.333 0.0000000000
44765  -29.951  -22.311  70.776 0.0000000000
45648  -31.199  -21.997  71.711 0.0000000000
99912  -31.937  -21.922  71.772 0.0000000000
104050  -33.023  -20.564  73.701 0.0000000000
46549  -33.477  -20.224  74.138 0.0000000000
113049  -34.361  -20.626  72.492 0.0000000000
118422  -36.541  -19.940  73.348 0.0000000000
101249  -42.959  -16.800  66.783 0.0000000000
99354  -42.887  -16.679  66.017 0.0000000000
50477  -43.440  -16.818  64.326 0.0000000000
50478  -44.326  -16.799  64.255 0.0000000000
50497  -44.766  -16.786  63.493 0.0000000000
101438  -45.076  -16.602  62.821 0.0000000000
58242  -47.799  -7.980  56.118 0.0000000000
58234  -49.332  -7.618  56.347 0.0000000000
59106  -51.207  -6.262  57.483 0.0000000000
60090  -51.895  -5.495  57.812 0.0000000000
108052  -53.339  -4.103  52.951 0.0000000000
61028  -53.910  -3.158  51.349 0.0000000000
61033  -53.703  -3.465  50.224 0.0000000000
42922  -8.539  -25.064  84.322 0.0000000000
42906  -8.188  -25.460  85.191 0.0000000000
41962  -7.777  -25.590  85.979 0.0000000000
48508  -41.406  -18.489  70.914 0.0000000000
49446  -41.711  -17.866  71.568 0.0000000000
50379  -40.078  -16.797  70.869 0.0000000000
50378  -39.569  -16.534  70.441 0.0000000000
50367  -40.066  -16.316  70.909 0.0000000000
51283  -39.909  -15.976  70.662 0.0000000000
51284  -40.204  -15.443  70.423 0.0000000000
51297  -40.043  -15.531  69.584 0.0000000000
51312  -39.451  -15.664  68.658 0.0000000000
51326  -39.350  -15.838  67.885 0.0000000000
50438  -39.189  -16.248  66.695 0.0000000000
50490  -37.585  -16.694  64.091 0.0000000000
42942  -22.891  -25.392  83.739 0.0000000000
42928  -23.214  -25.256  84.634 0.0000000000
109792  -24.268  -24.745  85.857 0.0000000000
42884  -24.898  -24.565  87.177 0.0000000000
43830  -26.750  -23.590  86.628 0.0000000000
42117  -26.211  -25.374  74.652 0.0000000000
43054  -26.827  -25.251  75.266 0.0000000000
117624  -27.511  -24.959  76.319 0.0000000000
45589  -30.006  -21.462  75.747 0.0000000000
45578  -30.151  -21.474  76.550 0.0000000000
46494  -30.814  -20.812  77.872 0.0000000000
45563  -30.428  -21.657  78.039 0.0000000000
45544  -30.127  -21.995  79.002 0.0000000000
45526  -29.894  -21.844  80.023 0.0000000000
45510  -29.889  -21.726  80.995 0.0000000000
45496  -30.355  -20.960  81.523 0.0000000000
111356  -30.701  -20.485  82.285 0.0000000000
42026  -15.042  -25.522  80.740 0.0000000000
41975  -15.335  -25.670  84.699 0.0000000000
118648  -15.575  -25.782  85.323 0.0000000000
41094  -17.397  -26.821  86.187 0.0000000000
53152  -41.778  -13.666  58.295 0.0000000000
110675  -42.500  -13.414  58.556 0.0000000000
54024  -43.930  -12.754  59.146 0.0000000000
54035  -43.559  -12.461  58.529 0.0000000000
53143  -44.298  -12.958  59.705 0.0000000000
54011  -45.008  -12.742  60.141 0.0000000000
57495  -48.631  -9.121  48.068 0.0000000000
57505  -49.335  -8.417  47.602 0.0000000000
58314  -49.137  -7.556  46.924 0.0000000000
59262  -51.514  -7.008  43.405 0.0000000000
58363  -53.143  -7.769  43.647 0.0000000000
117778  -52.734  -6.109  42.686 0.0000000000
100185  -11.661  -24.948  86.135 0.0000000000
118189  -13.037  -24.108  90.867 0.0000000000
48480  -40.979  -19.029  75.086 0.0000000000
47578  -41.403  -19.609  71.603 0.0000000000
118945  -39.498  -20.542  72.653 0.0000000000
102358  -38.930  -20.664  71.132 0.0000000000
107224  -39.559  -20.627  71.715 0.0000000000
46594  -40.232  -20.512  72.440 0.0000000000
47566  -40.942  -20.240  72.140 0.0000000000
48526  -40.764  -18.754  70.173 0.0000000000
108038  -38.764  -19.227  68.293 0.0000000000
48543  -39.184  -18.860  68.738 0.0000000000
48569  -37.116  -17.944  66.998 0.0000000000
41131  -18.926  -26.530  84.131 0.0000000000
41992  -20.056  -25.810  83.315 0.0000000000
42004  -19.986  -25.740  82.560 0.0000000000
41993  -21.073  -25.549  83.334 0.0000000000
42959  -22.577  -25.464  83.049 0.0000000000
101370  -24.234  -25.230  83.112 0.0000000000
46605  -27.355  -21.122  71.516 0.0000000000
46585  -27.530  -20.942  72.009 0.0000000000
45630  -27.703  -21.109  72.425 0.0000000000
46588  -30.118  -21.040  72.987 0.0000000000
46544  -29.519  -21.166  74.168 0.0000000000
48439  -31.208  -18.743  77.137 0.0000000000
49338  -31.223  -18.182  77.458 0.0000000000
49355  -31.407  -17.882  77.545 0.0000000000
104417  -32.108  -17.497  77.516 0.0000000000
48449  -32.339  -18.438  76.358 0.0000000000
49373  -32.678  -17.849  76.835 0.0000000000
105199  -33.120  -17.285  77.397 0.0000000000
49356  -34.086  -17.285  77.339 0.0000000000
47533  -35.253  -19.369  75.215 0.0000000000
48465  -34.808  -18.974  75.808 0.0000000000
48452  -35.248  -18.369  76.330 0.0000000000
49377  -36.480  -17.684  76.959 0.0000000000
49379  -38.258  -17.459  76.816 0.0000000000
42041  -15.540  -25.526  80.134 0.0000000000
99383  -17.150  -25.767  80.429 0.0000000000
42013  -17.195  -25.973  81.262 0.0000000000
51273  -45.815  -14.192  71.393 0.0000000000
53018  -47.169  -13.468  70.220 0.0000000000
52172  -47.402  -13.734  70.155 0.0000000000
51338  -44.775  -15.795  67.174 0.0000000000
51330  -46.228  -14.767  67.165 0.0000000000
109467  -47.405  -14.129  68.111 0.0000000000
52199  -47.915  -14.080  68.535 0.0000000000
51342  -48.455  -15.062  66.431 0.0000000000
55777  -44.165  -9.991  57.657 0.0000000000
113286  -44.399  -8.993  57.355 0.0000000000
56563  -45.751  -8.612  58.157 0.0000000000
57399  -45.698  -7.953  57.346 0.0000000000
57390  -46.841  -8.313  58.984 0.0000000000
58205  -47.352  -7.794  59.498 0.0000000000
58197  -47.864  -7.173  60.105 0.0000000000
59102  -47.501  -7.054  57.547 0.0000000000
114784  -47.684  -6.805  58.118 0.0000000000
59094  -48.752  -6.371  58.212 0.0000000000
59093  -48.116  -6.453  58.514 0.0000000000
103153  -4.730  -24.527  91.486 0.0000000000
99468  -38.943  -16.528  59.310 0.0000000000
50551  -39.908  -16.604  60.150 0.0000000000
50567  -39.512  -16.286  59.543 0.0000000000
50579  -39.171  -15.872  58.980 0.0000000000
51433  -39.556  -15.315  58.487 0.0000000000
51445  -39.977  -14.799  58.007 0.0000000000
52306  -40.002  -14.030  56.904 0.0000000000
53159  -40.692  -13.673  57.286 0.0000000000
53160  -41.393  -13.325  57.677 0.0000000000
54056  -42.055  -11.858  56.945 0.0000000000
55805  -42.367  -10.054  55.637 0.0000000000
102917  -43.188  -9.762  56.521 0.0000000000
57427  -44.569  -8.751  56.195 0.0000000000
106991  -43.546  -9.677  55.566 0.0000000000
57445  -44.072  -9.366  55.683 0.0000000000
57448  -46.701  -9.093  55.154 0.0000000000
57450  -48.473  -8.810  54.584 0.0000000000
57451  -49.107  -8.511  54.383 0.0000000000
58262  -49.558  -8.147  53.726 0.0000000000
58263  -50.291  -7.404  53.339 0.0000000000
59157  -50.829  -6.779  52.671 0.0000000000
58269  -50.305  -7.358  52.314 0.0000000000
57474  -50.119  -8.234  51.010 0.0000000000
57480  -49.778  -8.976  50.616 0.0000000000
56670  -49.171  -9.547  48.794 0.0000000000
56669  -48.353  -9.726  48.835 0.0000000000
57504  -47.683  -8.762  47.717 0.0000000000
42892  -10.892  -24.873  86.744 0.0000000000
42877  -10.377  -24.922  87.624 0.0000000000
41931  -9.200  -25.587  88.187 0.0000000000
106111  -10.469  -24.377  91.430 0.0000000000
42830  -9.955  -24.771  92.287 0.0000000000
41923  -8.549  -25.533  89.586 0.0000000000
42836  -7.831  -24.466  92.576 0.0000000000
42834  -5.319  -24.666  91.912 0.0000000000
41055  -5.725  -25.922  91.530 0.0000000000
48499  -44.727  -17.552  73.065 0.0000000000
50342  -42.411  -16.350  73.139 0.0000000000
51245  -44.203  -15.592  74.686 0.0000000000
109960  -44.566  -16.048  74.642 0.0000000000
52133  -43.726  -14.355  73.679 0.0000000000
52134  -44.077  -14.433  73.762 0.0000000000
51246  -44.485  -15.431  74.185 0.0000000000
51253  -44.711  -15.077  73.335 0.0000000000
110681  -44.915  -15.517  72.872 0.0000000000
52999  -45.017  -13.491  71.970 0.0000000000
119485  -44.774  -12.992  70.947 0.0000000000
52169  -43.240  -13.778  70.567 0.0000000000
52170  -44.202  -13.382  70.426 0.0000000000
51301  -44.086  -15.165  69.307 0.0000000000
51316  -43.641  -16.064  68.803 0.0000000000
50408  -42.129  -16.705  68.085 0.0000000000
50424  -42.600  -16.840  67.416 0.0000000000
50441  -42.289  -16.799  66.537 0.0000000000
50493  -40.695  -16.829  63.923 0.0000000000
49521  -40.472  -17.276  63.157 0.0000000000
112379  -36.120  -17.568  65.880 0.0000000000
50470  -35.935  -16.302  64.765 0.0000000000
111994  -36.632  -16.460  64.090 0.0000000000
49536  -36.025  -17.539  61.885 0.0000000000
49537  -36.800  -17.468  62.536 0.0000000000
101569  -37.876  -18.134  61.616 0.0000000000
107917  -37.034  -18.116  59.994 0.0000000000
100017  -38.270  -18.152  60.877 0.0000000000
49573  -38.900  -17.821  60.683 0.0000000000
49590  -39.093  -17.126  59.942 0.0000000000
110367  -22.677  -25.205  85.526 0.0000000000
118208  -23.314  -25.585  78.276 0.0000000000
42063  -23.844  -25.538  78.697 0.0000000000
42988  -25.174  -25.132  80.504 0.0000000000
43951  -26.693  -23.257  72.909 0.0000000000
104967  -27.879  -22.673  73.722 0.0000000000
43952  -27.247  -23.410  73.563 0.0000000000
43076  -27.520  -24.452  74.877 0.0000000000
45577  -29.411  -22.085  75.473 0.0000000000
44689  -28.957  -23.270  77.277 0.0000000000
43914  -28.559  -23.786  76.805 0.0000000000
43896  -28.071  -24.477  77.265 0.0000000000
43018  -27.650  -25.022  77.708 0.0000000000
42989  -27.737  -24.805  80.349 0.0000000000
103838  -28.278  -24.539  79.988 0.0000000000
100366  -27.261  -24.701  81.681 0.0000000000
42963  -27.115  -24.637  82.460 0.0000000000
109547  -9.295  -24.635  83.078 0.0000000000
42937  -9.949  -24.843  83.666 0.0000000000
42956  -11.191  -24.757  81.995 0.0000000000
42939  -11.682  -24.892  83.376 0.0000000000
42894  -13.128  -25.210  86.659 0.0000000000
114532  -17.034  -26.507  88.281 0.0000000000
117693  -41.601  -16.636  61.080 0.0000000000
51407  -41.780  -15.640  60.259 0.0000000000
50554  -42.082  -16.249  60.968 0.0000000000
50537  -43.363  -16.593  61.841 0.0000000000
50516  -44.535  -16.517  62.388 0.0000000000
51410  -44.001  -14.867  61.164 0.0000000000
52266  -44.542  -14.167  60.893 0.0000000000
51391  -44.454  -15.506  61.669 0.0000000000
51374  -45.025  -16.065  62.232 0.0000000000
50499  -46.605  -16.375  63.334 0.0000000000
50500  -47.284  -16.387  63.743 0.0000000000
111611  -48.122  -16.201  63.786 0.0000000000
55770  -44.724  -10.559  58.268 0.0000000000
54900  -45.187  -11.004  58.817 0.0000000000
55762  -46.509  -10.199  59.428 0.0000000000
54877  -46.585  -11.445  60.339 0.0000000000
54864  -46.862  -11.873  61.051 0.0000000000
53995  -47.189  -12.325  61.822 0.0000000000
54848  -47.862  -12.014  62.419 0.0000000000
53971  -47.613  -12.781  62.561 0.0000000000
59169  -52.530  -4.970  50.869 0.0000000000
61032  -53.051  -4.464  50.292 0.0000000000
61039  -53.183  -4.265  49.494 0.0000000000
59182  -52.485  -6.051  49.008 0.0000000000
61040  -53.636  -3.461  48.997 0.0000000000
61835  -54.017  -3.184  48.549 0.0000000000
112234  -54.534  -3.318  48.181 0.0000000000
61049  -52.838  -4.099  47.536 0.0000000000
61841  -54.010  -3.693  47.765 0.0000000000
119296  -54.989  -3.499  48.120 0.0000000000
61052  -55.059  -4.207  47.862 0.0000000000
59211  -50.328  -7.016  46.468 0.0000000000
102550  -54.964  -5.090  46.731 0.0000000000
47590  -40.561  -19.672  70.247 0.0000000000
49522  -41.197  -17.195  63.150 0.0000000000
49559  -38.689  -18.070  61.392 0.0000000000
49575  -40.458  -17.355  61.323 0.0000000000
52122  -44.222  -14.964  74.208 0.0000000000
52145  -44.259  -14.117  73.214 0.0000000000
52157  -45.400  -13.778  71.721 0.0000000000
52173  -47.829  -14.234  69.873 0.0000000000
54026  -45.291  -12.030  59.739 0.0000000000
61050  -53.419  -3.920  47.565 0.0000000000
61051  -54.435  -3.897  47.748 0.0000000000
98973  -46.919  -13.153  70.045 0.0000000000
101845  -43.962  -16.670  62.304 0.0000000000
109243  -53.861  -3.546  48.006 0.0000000000
112297  -54.227  -4.455  47.119 0.0000000000
114147  -40.875  -20.159  71.432 0.0000000000
116400  -38.488  -18.010  62.031 0.0000000000
116893  -50.516  -6.016  58.028 0.0000000000
117056  -43.501  -16.613  65.714 0.0000000000
117564  -37.395  -17.909  62.053 0.0000000000
