#!ascii label  , from subject sub-01 vox2ras=TkReg
1384
42121  -42.088  -25.240  74.841 0.0000000000
41983  -32.722  -25.340  84.088 0.0000000000
48641  -43.351  -18.349  60.342 0.0000000000
41308  -37.004  -26.230  63.874 0.0000000000
43997  -42.787  -23.252  68.930 0.0000000000
108969  -34.631  -20.730  78.391 0.0000000000
116691  -39.392  -31.519  76.905 0.0000000000
40417  -34.905  -27.449  69.415 0.0000000000
40260  -25.072  -27.909  83.956 0.0000000000
57384  -51.421  -8.204  61.269 0.0000000000
36754  -30.667  -31.173  78.635 0.0000000000
102062  -40.451  -25.705  68.765 0.0000000000
112491  -42.239  -27.514  65.727 0.0000000000
40413  -44.537  -28.014  70.723 0.0000000000
103081  -38.537  -23.708  77.430 0.0000000000
43077  -33.672  -24.857  74.826 0.0000000000
43129  -37.191  -23.917  71.540 0.0000000000
42211  -35.618  -25.181  67.083 0.0000000000
56585  -52.542  -9.357  56.625 0.0000000000
40231  -28.994  -26.958  85.098 0.0000000000
40317  -28.180  -28.021  80.061 0.0000000000
38442  -32.089  -29.642  82.024 0.0000000000
46718  -42.179  -20.377  64.611 0.0000000000
44647  -33.855  -22.575  82.903 0.0000000000
39345  -36.902  -28.635  81.518 0.0000000000
39394  -33.717  -28.320  78.239 0.0000000000
38537  -36.743  -29.777  72.737 0.0000000000
38406  -21.506  -29.488  84.573 0.0000000000
46673  -48.950  -20.726  67.649 0.0000000000
48612  -48.155  -18.194  63.439 0.0000000000
53974  -52.466  -12.569  62.681 0.0000000000
51426  -48.219  -15.298  60.039 0.0000000000
54058  -46.326  -12.356  56.411 0.0000000000
39371  -23.512  -28.138  79.141 0.0000000000
35799  -36.496  -32.681  80.452 0.0000000000
42157  -41.412  -25.016  71.667 0.0000000000
40410  -42.491  -27.611  70.018 0.0000000000
115708  -43.377  -26.880  72.523 0.0000000000
43063  -40.314  -24.471  76.399 0.0000000000
43081  -38.044  -24.299  74.981 0.0000000000
43118  -39.780  -23.815  72.969 0.0000000000
43141  -39.381  -24.089  70.582 0.0000000000
47745  -42.392  -19.542  56.706 0.0000000000
49601  -43.634  -18.012  57.457 0.0000000000
41120  -30.288  -26.984  84.706 0.0000000000
39313  -30.573  -28.415  83.788 0.0000000000
39315  -32.603  -28.707  83.487 0.0000000000
112827  -38.081  -25.727  62.504 0.0000000000
42217  -43.468  -26.429  66.634 0.0000000000
42243  -43.445  -25.858  64.960 0.0000000000
43193  -41.476  -24.213  66.085 0.0000000000
44829  -40.407  -22.537  64.500 0.0000000000
45706  -42.530  -21.447  67.322 0.0000000000
110438  -33.305  -21.480  81.179 0.0000000000
42037  -33.553  -25.254  80.572 0.0000000000
43014  -32.324  -24.252  78.510 0.0000000000
41215  -33.527  -25.911  71.721 0.0000000000
107440  -33.254  -28.293  73.926 0.0000000000
38546  -35.587  -29.059  71.059 0.0000000000
108548  -36.787  -25.306  65.700 0.0000000000
47660  -48.907  -19.532  65.827 0.0000000000
52271  -51.724  -14.086  61.332 0.0000000000
110694  -49.769  -11.893  59.800 0.0000000000
53155  -47.518  -13.310  58.620 0.0000000000
55773  -49.129  -10.445  58.812 0.0000000000
54945  -49.764  -11.388  54.385 0.0000000000
39296  -22.837  -28.857  83.928 0.0000000000
119662  -22.029  -28.910  81.642 0.0000000000
39341  -24.298  -27.896  81.462 0.0000000000
38479  -29.446  -29.134  78.546 0.0000000000
38497  -27.580  -28.905  77.753 0.0000000000
36751  -27.938  -30.969  78.363 0.0000000000
37633  -37.987  -30.177  79.994 0.0000000000
36704  -37.083  -30.862  81.011 0.0000000000
35802  -38.136  -31.916  79.762 0.0000000000
42215  -39.336  -25.977  66.583 0.0000000000
40460  -39.681  -27.459  65.278 0.0000000000
40438  -41.126  -27.725  67.130 0.0000000000
39483  -43.354  -28.271  68.144 0.0000000000
41226  -43.916  -25.810  70.224 0.0000000000
45567  -36.288  -21.829  77.624 0.0000000000
43916  -33.675  -23.626  76.561 0.0000000000
43037  -36.191  -24.216  76.118 0.0000000000
43114  -34.922  -24.358  72.900 0.0000000000
42163  -35.312  -25.315  70.155 0.0000000000
41247  -35.347  -26.093  68.459 0.0000000000
43164  -37.014  -24.688  69.109 0.0000000000
43179  -37.898  -24.612  67.865 0.0000000000
104861  -51.162  -8.135  58.441 0.0000000000
58215  -53.518  -6.733  58.381 0.0000000000
111773  -27.163  -27.192  85.103 0.0000000000
100117  -26.650  -27.528  81.714 0.0000000000
39327  -28.948  -27.796  83.001 0.0000000000
39344  -30.183  -28.669  81.248 0.0000000000
37621  -32.053  -30.068  80.041 0.0000000000
41326  -40.798  -26.509  63.690 0.0000000000
100710  -40.151  -20.815  62.140 0.0000000000
47703  -42.522  -19.353  62.067 0.0000000000
43851  -34.330  -23.953  83.387 0.0000000000
40269  -34.725  -27.022  83.066 0.0000000000
42023  -35.482  -25.955  82.205 0.0000000000
39359  -36.124  -28.070  80.556 0.0000000000
38501  -36.467  -30.006  77.777 0.0000000000
41188  -31.904  -26.470  76.102 0.0000000000
38516  -34.681  -29.394  75.683 0.0000000000
106459  -37.689  -30.407  74.749 0.0000000000
43085  -43.885  -25.068  75.414 0.0000000000
43841  -32.259  -22.871  84.499 0.0000000000
47477  -33.533  -19.014  83.050 0.0000000000
47490  -34.373  -18.964  80.602 0.0000000000
42137  -46.171  -25.655  73.558 0.0000000000
43132  -47.184  -24.941  71.931 0.0000000000
43992  -45.748  -23.382  70.157 0.0000000000
45680  -48.769  -21.482  69.496 0.0000000000
45692  -45.212  -21.701  68.446 0.0000000000
46687  -45.698  -20.458  66.394 0.0000000000
106566  -45.673  -19.346  64.083 0.0000000000
48634  -46.264  -18.069  61.856 0.0000000000
50542  -51.808  -15.676  62.284 0.0000000000
50539  -48.979  -16.537  61.269 0.0000000000
101597  -46.341  -17.339  60.057 0.0000000000
111573  -46.445  -15.868  58.483 0.0000000000
55806  -49.069  -10.449  56.057 0.0000000000
38424  -20.177  -29.833  82.295 0.0000000000
38492  -22.412  -28.927  77.070 0.0000000000
40334  -26.037  -27.683  79.261 0.0000000000
39404  -24.563  -28.783  77.288 0.0000000000
38430  -34.691  -29.352  82.587 0.0000000000
114305  -34.586  -30.605  81.263 0.0000000000
114797  -33.486  -31.787  79.564 0.0000000000
104248  -34.793  -34.640  80.621 0.0000000000
42149  -41.913  -25.250  72.641 0.0000000000
42150  -42.700  -26.202  72.412 0.0000000000
41193  -43.201  -26.025  74.281 0.0000000000
43064  -41.423  -24.849  75.453 0.0000000000
43083  -40.491  -24.443  74.669 0.0000000000
43084  -41.293  -24.731  74.256 0.0000000000
43119  -40.553  -24.184  72.609 0.0000000000
48639  -41.486  -18.877  59.777 0.0000000000
111643  -42.164  -18.457  58.626 0.0000000000
108201  -43.036  -18.517  56.764 0.0000000000
48655  -43.499  -17.997  58.573 0.0000000000
41121  -31.850  -26.218  84.072 0.0000000000
119300  -31.440  -27.686  84.093 0.0000000000
40249  -32.135  -27.182  83.806 0.0000000000
99699  -36.708  -25.826  63.197 0.0000000000
41323  -37.624  -26.365  63.524 0.0000000000
42190  -42.860  -25.684  68.086 0.0000000000
43194  -42.461  -25.137  66.799 0.0000000000
43168  -41.953  -24.115  68.068 0.0000000000
44820  -41.227  -22.938  66.889 0.0000000000
44817  -42.409  -22.057  67.964 0.0000000000
45528  -33.366  -21.006  80.208 0.0000000000
44658  -32.804  -22.740  79.927 0.0000000000
44676  -33.019  -22.239  78.495 0.0000000000
40408  -34.524  -26.766  70.384 0.0000000000
39442  -34.688  -28.047  71.416 0.0000000000
39449  -35.081  -28.454  70.414 0.0000000000
38555  -35.514  -29.326  70.506 0.0000000000
42228  -37.365  -25.952  65.207 0.0000000000
42240  -35.545  -25.428  64.487 0.0000000000
42252  -36.169  -25.625  63.776 0.0000000000
54880  -51.585  -11.535  61.382 0.0000000000
55765  -50.191  -10.350  60.277 0.0000000000
54903  -49.172  -11.385  59.162 0.0000000000
56558  -50.088  -9.346  59.993 0.0000000000
39311  -24.247  -28.180  84.301 0.0000000000
118029  -23.481  -28.512  82.486 0.0000000000
40281  -24.823  -27.936  82.854 0.0000000000
37645  -30.389  -30.427  78.561 0.0000000000
113381  -28.899  -29.749  78.044 0.0000000000
36753  -29.853  -30.981  78.439 0.0000000000
36731  -28.448  -31.636  78.743 0.0000000000
35844  -30.083  -31.879  78.803 0.0000000000
37649  -38.708  -30.860  78.696 0.0000000000
37625  -38.170  -30.712  79.959 0.0000000000
36756  -39.201  -31.807  78.490 0.0000000000
42189  -40.262  -26.031  67.856 0.0000000000
41276  -39.724  -26.955  66.302 0.0000000000
41248  -40.885  -26.658  68.305 0.0000000000
40411  -43.286  -28.139  70.319 0.0000000000
40429  -42.634  -28.379  68.788 0.0000000000
39473  -43.983  -28.430  69.268 0.0000000000
40431  -44.125  -27.868  68.905 0.0000000000
107206  -44.507  -27.979  70.074 0.0000000000
44694  -37.703  -22.779  77.733 0.0000000000
43901  -36.395  -23.319  76.863 0.0000000000
43919  -37.178  -23.821  76.774 0.0000000000
113074  -37.608  -23.816  73.177 0.0000000000
100161  -36.641  -24.197  74.094 0.0000000000
119842  -36.193  -24.061  72.766 0.0000000000
43126  -34.812  -24.548  71.867 0.0000000000
43128  -36.432  -24.151  71.162 0.0000000000
42164  -35.995  -24.910  69.844 0.0000000000
43139  -37.388  -24.188  70.266 0.0000000000
42174  -39.956  -24.839  69.283 0.0000000000
43154  -38.485  -24.383  69.232 0.0000000000
43167  -39.184  -24.817  68.122 0.0000000000
99790  -38.883  -25.236  66.959 0.0000000000
40244  -27.978  -27.193  84.911 0.0000000000
98955  -28.035  -27.465  83.356 0.0000000000
40264  -28.938  -27.663  84.001 0.0000000000
38427  -31.514  -29.378  82.824 0.0000000000
103877  -30.280  -28.562  82.408 0.0000000000
118359  -31.435  -29.339  81.801 0.0000000000
106883  -31.030  -29.336  80.234 0.0000000000
38455  -31.666  -29.582  80.844 0.0000000000
40461  -40.626  -27.659  65.638 0.0000000000
40476  -40.101  -27.005  64.101 0.0000000000
41311  -41.093  -26.852  64.340 0.0000000000
43215  -43.179  -24.942  64.350 0.0000000000
42254  -42.999  -25.768  63.128 0.0000000000
42266  -43.442  -25.173  62.805 0.0000000000
45731  -40.923  -21.271  64.914 0.0000000000
46716  -40.506  -21.237  64.025 0.0000000000
46727  -41.006  -20.536  63.524 0.0000000000
47702  -41.601  -19.745  62.206 0.0000000000
116099  -42.463  -19.883  63.398 0.0000000000
43859  -34.097  -23.361  83.209 0.0000000000
42950  -35.217  -25.159  83.002 0.0000000000
42980  -34.838  -24.782  82.273 0.0000000000
41164  -33.278  -26.508  79.588 0.0000000000
41165  -34.280  -26.868  80.262 0.0000000000
40356  -34.239  -28.075  79.148 0.0000000000
38483  -35.673  -29.054  79.073 0.0000000000
38482  -35.037  -29.265  78.174 0.0000000000
43034  -33.374  -24.405  75.984 0.0000000000
43033  -32.492  -24.802  76.351 0.0000000000
42104  -32.113  -26.043  75.263 0.0000000000
39433  -34.846  -28.829  73.171 0.0000000000
39427  -34.104  -28.864  74.381 0.0000000000
38523  -35.708  -29.489  74.310 0.0000000000
102597  -36.425  -29.814  74.712 0.0000000000
42197  -35.815  -25.507  67.960 0.0000000000
47484  -33.694  -19.001  82.215 0.0000000000
46479  -37.978  -20.212  79.664 0.0000000000
43086  -44.602  -25.512  74.679 0.0000000000
43967  -47.297  -23.403  72.450 0.0000000000
43977  -47.721  -23.448  71.540 0.0000000000
43145  -46.515  -24.848  71.496 0.0000000000
43987  -47.909  -23.221  70.994 0.0000000000
46658  -49.044  -20.964  68.289 0.0000000000
118311  -47.720  -21.982  68.689 0.0000000000
115968  -47.876  -21.232  67.611 0.0000000000
46670  -46.152  -20.878  67.232 0.0000000000
46671  -47.520  -20.831  67.096 0.0000000000
118619  -48.953  -18.659  64.645 0.0000000000
47658  -47.177  -19.658  65.244 0.0000000000
47694  -47.358  -18.756  63.838 0.0000000000
48610  -46.100  -18.707  63.105 0.0000000000
48622  -47.379  -18.169  62.828 0.0000000000
52242  -52.844  -14.222  62.497 0.0000000000
52269  -49.851  -14.198  60.354 0.0000000000
51412  -50.484  -15.150  61.211 0.0000000000
51411  -48.608  -15.716  60.427 0.0000000000
49578  -47.846  -17.021  60.857 0.0000000000
50570  -47.170  -16.239  59.702 0.0000000000
49593  -46.164  -17.084  59.297 0.0000000000
51424  -46.771  -15.636  59.095 0.0000000000
53163  -46.871  -12.913  57.862 0.0000000000
52289  -46.398  -14.398  57.993 0.0000000000
53172  -45.946  -13.755  56.741 0.0000000000
57412  -51.773  -8.295  57.776 0.0000000000
106834  -50.803  -8.961  57.332 0.0000000000
55791  -50.708  -9.987  56.175 0.0000000000
39354  -23.185  -28.262  80.321 0.0000000000
99779  -21.387  -29.128  80.360 0.0000000000
39385  -22.292  -28.601  78.752 0.0000000000
38478  -21.612  -28.818  78.522 0.0000000000
39386  -22.972  -28.387  78.433 0.0000000000
117526  -26.791  -27.586  80.992 0.0000000000
40299  -26.124  -27.557  81.073 0.0000000000
40335  -26.982  -27.679  79.441 0.0000000000
39406  -26.098  -28.620  77.588 0.0000000000
101509  -25.236  -31.385  78.280 0.0000000000
39332  -35.877  -27.835  82.391 0.0000000000
39331  -35.157  -28.520  82.673 0.0000000000
38431  -35.635  -29.194  82.382 0.0000000000
36714  -36.785  -31.713  80.681 0.0000000000
36702  -35.356  -30.996  81.121 0.0000000000
36713  -35.069  -31.832  80.308 0.0000000000
36735  -33.711  -31.133  79.970 0.0000000000
35824  -34.628  -32.568  79.880 0.0000000000
34902  -33.962  -34.079  80.210 0.0000000000
42165  -40.848  -24.948  70.733 0.0000000000
41235  -41.129  -26.290  69.195 0.0000000000
41224  -42.100  -26.675  70.533 0.0000000000
41225  -42.766  -27.367  70.905 0.0000000000
40403  -44.096  -28.005  71.422 0.0000000000
43023  -39.936  -24.074  77.470 0.0000000000
43038  -38.466  -24.347  76.517 0.0000000000
107327  -38.857  -24.365  75.407 0.0000000000
43100  -38.542  -23.821  74.149 0.0000000000
43953  -38.211  -23.695  72.712 0.0000000000
43976  -38.718  -23.802  71.167 0.0000000000
43130  -39.610  -23.926  71.380 0.0000000000
99748  -40.098  -24.287  70.868 0.0000000000
49609  -44.790  -17.912  56.320 0.0000000000
41119  -29.683  -27.078  84.835 0.0000000000
40265  -29.555  -27.644  84.382 0.0000000000
39300  -30.515  -27.999  84.281 0.0000000000
39314  -31.162  -28.420  83.945 0.0000000000
38416  -32.474  -29.202  83.265 0.0000000000
41278  -43.469  -26.860  66.496 0.0000000000
41296  -43.294  -26.435  65.345 0.0000000000
42231  -43.507  -25.897  65.494 0.0000000000
108601  -43.011  -25.175  65.124 0.0000000000
43203  -42.057  -24.531  65.150 0.0000000000
44017  -41.310  -23.843  64.637 0.0000000000
44009  -40.673  -23.050  65.716 0.0000000000
45723  -40.921  -21.952  66.008 0.0000000000
46684  -41.999  -20.923  66.075 0.0000000000
44653  -33.611  -22.062  82.118 0.0000000000
42979  -34.255  -24.200  81.940 0.0000000000
42991  -32.916  -23.565  80.372 0.0000000000
42054  -32.808  -25.241  79.766 0.0000000000
42068  -32.165  -25.641  78.332 0.0000000000
42133  -33.055  -25.520  73.319 0.0000000000
41200  -32.498  -26.706  73.799 0.0000000000
40392  -33.346  -27.199  72.315 0.0000000000
39438  -34.601  -28.360  72.331 0.0000000000
38536  -36.076  -29.397  72.247 0.0000000000
37716  -36.911  -30.461  71.483 0.0000000000
38556  -36.172  -29.818  71.117 0.0000000000
118278  -35.838  -25.053  66.454 0.0000000000
42226  -35.038  -25.352  65.360 0.0000000000
47637  -49.935  -19.670  67.377 0.0000000000
47646  -49.276  -19.916  66.598 0.0000000000
47661  -49.837  -19.164  66.152 0.0000000000
48587  -50.117  -18.512  65.500 0.0000000000
49525  -49.942  -17.618  63.732 0.0000000000
54868  -52.361  -11.634  62.503 0.0000000000
53126  -52.725  -13.482  62.099 0.0000000000
111154  -52.070  -12.232  61.557 0.0000000000
53146  -50.305  -13.043  60.317 0.0000000000
52281  -49.001  -13.933  59.804 0.0000000000
53144  -48.168  -13.612  59.279 0.0000000000
53156  -48.211  -12.942  58.906 0.0000000000
54901  -48.050  -11.581  58.202 0.0000000000
54910  -47.639  -11.156  57.275 0.0000000000
55810  -52.853  -10.139  55.641 0.0000000000
55809  -51.748  -10.362  55.588 0.0000000000
110189  -51.530  -11.022  54.520 0.0000000000
38414  -21.970  -29.247  83.793 0.0000000000
113581  -21.604  -29.336  82.795 0.0000000000
119178  -22.751  -28.861  82.586 0.0000000000
39340  -23.455  -28.271  81.344 0.0000000000
101529  -23.910  -27.938  80.705 0.0000000000
39393  -28.725  -28.438  78.708 0.0000000000
40353  -27.534  -27.888  78.838 0.0000000000
113369  -28.729  -28.987  78.183 0.0000000000
37659  -27.585  -29.676  77.712 0.0000000000
37642  -27.406  -30.431  77.930 0.0000000000
36749  -26.145  -31.249  78.530 0.0000000000
36730  -27.534  -31.670  79.033 0.0000000000
114253  -37.325  -29.066  80.784 0.0000000000
38444  -36.923  -29.386  81.584 0.0000000000
37624  -37.831  -30.359  80.442 0.0000000000
36715  -37.391  -31.516  80.518 0.0000000000
35800  -37.169  -32.496  80.350 0.0000000000
42229  -38.193  -26.194  65.499 0.0000000000
41310  -38.525  -26.920  64.434 0.0000000000
41295  -39.501  -27.160  65.721 0.0000000000
40449  -40.090  -27.505  66.025 0.0000000000
40451  -41.773  -28.121  66.857 0.0000000000
40428  -41.946  -27.988  68.363 0.0000000000
39481  -42.280  -28.273  67.469 0.0000000000
39492  -42.578  -28.205  67.109 0.0000000000
41265  -43.611  -27.059  67.352 0.0000000000
42191  -43.392  -26.275  68.602 0.0000000000
43156  -43.458  -24.773  69.901 0.0000000000
45548  -35.614  -20.993  77.946 0.0000000000
45565  -34.394  -21.930  77.540 0.0000000000
118045  -35.015  -22.377  77.098 0.0000000000
101663  -34.825  -23.649  76.382 0.0000000000
43058  -34.957  -24.459  75.498 0.0000000000
43060  -36.727  -24.429  75.808 0.0000000000
43079  -35.150  -24.607  74.921 0.0000000000
43078  -34.209  -24.704  74.265 0.0000000000
42148  -34.023  -24.829  72.425 0.0000000000
42162  -34.581  -25.745  70.541 0.0000000000
41223  -34.934  -26.232  69.805 0.0000000000
40426  -35.152  -26.841  68.875 0.0000000000
42172  -35.475  -25.671  69.445 0.0000000000
42173  -36.209  -25.204  69.077 0.0000000000
42186  -36.373  -25.159  68.352 0.0000000000
43140  -38.413  -24.085  70.219 0.0000000000
43165  -37.645  -24.565  68.703 0.0000000000
42199  -37.294  -24.719  67.279 0.0000000000
108199  -37.576  -24.916  66.612 0.0000000000
42213  -37.502  -25.372  65.930 0.0000000000
57383  -51.018  -7.951  60.331 0.0000000000
99039  -52.539  -6.464  60.436 0.0000000000
102027  -53.351  -6.998  58.479 0.0000000000
57413  -53.780  -8.205  57.402 0.0000000000
57421  -54.083  -8.558  56.885 0.0000000000
99682  -54.104  -9.523  55.754 0.0000000000
40261  -25.859  -27.575  84.024 0.0000000000
103219  -25.677  -27.657  83.198 0.0000000000
99313  -27.121  -27.383  83.238 0.0000000000
40284  -27.276  -27.479  82.413 0.0000000000
40301  -28.130  -27.906  81.105 0.0000000000
39312  -29.742  -28.098  83.742 0.0000000000
39343  -29.722  -28.303  81.867 0.0000000000
39356  -28.887  -28.135  80.621 0.0000000000
38464  -30.065  -28.914  79.316 0.0000000000
38466  -30.972  -29.895  79.085 0.0000000000
37646  -31.131  -30.501  78.870 0.0000000000
40475  -39.186  -27.018  63.988 0.0000000000
118979  -39.089  -26.016  62.866 0.0000000000
41327  -41.939  -26.232  63.645 0.0000000000
100237  -41.289  -19.513  61.281 0.0000000000
48630  -42.799  -18.695  60.926 0.0000000000
42935  -33.404  -24.530  83.986 0.0000000000
41123  -33.821  -26.086  83.597 0.0000000000
41995  -34.310  -25.417  83.505 0.0000000000
41133  -35.263  -26.404  82.733 0.0000000000
40302  -36.101  -27.196  81.747 0.0000000000
42038  -34.463  -25.750  81.213 0.0000000000
41157  -35.575  -26.746  81.422 0.0000000000
40320  -36.557  -27.929  81.278 0.0000000000
39376  -37.126  -29.113  80.287 0.0000000000
38484  -37.168  -29.939  78.811 0.0000000000
37673  -37.947  -30.605  76.711 0.0000000000
43898  -32.817  -23.550  77.234 0.0000000000
42077  -32.046  -25.194  77.674 0.0000000000
40366  -32.385  -27.254  77.500 0.0000000000
102107  -32.245  -27.464  75.132 0.0000000000
39420  -32.510  -28.041  75.868 0.0000000000
38498  -33.874  -29.027  76.920 0.0000000000
38512  -35.492  -29.673  76.177 0.0000000000
37672  -37.068  -30.231  76.019 0.0000000000
40425  -34.854  -27.155  68.520 0.0000000000
42088  -42.531  -24.962  76.490 0.0000000000
42107  -43.288  -25.449  75.650 0.0000000000
112072  -22.851  -28.731  84.855 0.0000000000
40227  -25.342  -27.343  85.553 0.0000000000
101789  -26.314  -27.234  85.295 0.0000000000
113292  -27.658  -26.958  85.404 0.0000000000
41111  -29.810  -26.405  84.983 0.0000000000
41971  -30.093  -25.281  85.107 0.0000000000
42933  -31.553  -24.301  84.610 0.0000000000
110154  -32.140  -23.714  84.469 0.0000000000
118464  -33.607  -23.399  83.835 0.0000000000
109524  -33.778  -23.233  83.599 0.0000000000
44640  -33.621  -22.535  83.350 0.0000000000
105296  -33.362  -20.662  83.429 0.0000000000
118003  -33.679  -21.903  82.807 0.0000000000
46455  -33.446  -20.534  81.319 0.0000000000
115003  -33.617  -20.275  80.576 0.0000000000
47499  -34.835  -19.371  79.757 0.0000000000
46477  -35.535  -19.792  79.086 0.0000000000
46497  -37.369  -20.681  78.988 0.0000000000
45550  -37.810  -21.410  78.744 0.0000000000
117327  -41.404  -24.455  77.065 0.0000000000
41195  -44.266  -26.339  74.470 0.0000000000
41203  -44.860  -26.763  73.808 0.0000000000
40396  -45.553  -27.188  72.663 0.0000000000
106387  -46.394  -23.935  73.197 0.0000000000
42138  -46.845  -25.547  73.052 0.0000000000
111022  -45.504  -27.084  71.723 0.0000000000
42168  -45.601  -25.604  71.335 0.0000000000
43144  -44.809  -24.888  70.748 0.0000000000
43991  -44.608  -23.460  69.957 0.0000000000
100942  -47.302  -22.717  69.705 0.0000000000
44796  -46.392  -22.768  69.577 0.0000000000
116408  -43.947  -22.243  68.861 0.0000000000
101926  -43.836  -21.310  67.816 0.0000000000
46668  -44.183  -20.780  67.122 0.0000000000
46701  -43.509  -20.346  65.568 0.0000000000
46704  -47.674  -20.104  66.019 0.0000000000
47657  -46.165  -19.893  65.375 0.0000000000
47674  -44.428  -19.805  64.476 0.0000000000
47705  -44.395  -19.155  62.864 0.0000000000
48618  -44.086  -18.830  62.008 0.0000000000
48632  -44.645  -18.449  61.489 0.0000000000
50502  -51.759  -16.671  63.355 0.0000000000
49546  -50.486  -17.032  63.056 0.0000000000
52255  -51.497  -14.794  61.481 0.0000000000
50541  -50.693  -15.970  62.028 0.0000000000
107900  -48.806  -17.363  62.366 0.0000000000
104894  -47.598  -17.414  61.409 0.0000000000
48644  -45.951  -17.877  61.159 0.0000000000
113136  -44.819  -17.909  60.303 0.0000000000
103362  -45.071  -17.547  58.835 0.0000000000
49603  -45.312  -17.329  57.978 0.0000000000
49607  -46.072  -17.063  56.804 0.0000000000
52290  -46.737  -14.466  58.574 0.0000000000
51446  -46.335  -15.675  57.715 0.0000000000
49611  -46.667  -17.205  56.259 0.0000000000
57401  -50.442  -8.452  58.759 0.0000000000
56571  -49.095  -9.697  57.434 0.0000000000
54924  -47.660  -11.026  56.347 0.0000000000
55807  -49.763  -10.803  55.529 0.0000000000
54935  -47.618  -11.525  55.374 0.0000000000
54071  -46.756  -12.103  55.133 0.0000000000
106689  -20.926  -29.631  82.061 0.0000000000
40298  -25.288  -27.659  81.350 0.0000000000
40313  -24.688  -27.714  80.533 0.0000000000
39372  -24.416  -27.963  78.804 0.0000000000
40352  -26.778  -27.858  78.580 0.0000000000
39389  -25.700  -28.186  77.868 0.0000000000
39387  -23.809  -28.227  78.134 0.0000000000
39403  -23.765  -28.982  76.946 0.0000000000
40268  -33.852  -27.518  83.370 0.0000000000
38417  -33.267  -29.066  83.145 0.0000000000
38429  -33.643  -29.689  82.414 0.0000000000
37606  -35.200  -29.868  82.218 0.0000000000
37612  -34.870  -30.301  81.859 0.0000000000
109332  -33.335  -30.134  81.293 0.0000000000
37632  -32.958  -30.498  80.201 0.0000000000
36734  -32.793  -31.383  79.443 0.0000000000
35846  -31.610  -31.900  79.001 0.0000000000
34925  -37.726  -33.560  79.503 0.0000000000
34905  -36.927  -33.544  80.305 0.0000000000
34904  -36.080  -33.634  80.419 0.0000000000
34924  -34.134  -33.172  79.727 0.0000000000
34922  -32.228  -33.069  79.621 0.0000000000
35821  -31.465  -32.486  79.251 0.0000000000
42135  -41.989  -25.169  73.781 0.0000000000
42136  -42.636  -25.758  73.465 0.0000000000
102096  -42.584  -25.583  74.345 0.0000000000
43103  -41.270  -24.621  73.200 0.0000000000
48640  -42.380  -18.566  60.081 0.0000000000
48650  -42.031  -18.544  59.353 0.0000000000
48651  -42.863  -18.247  59.332 0.0000000000
118310  -42.753  -18.222  58.572 0.0000000000
41122  -32.943  -26.174  83.865 0.0000000000
112885  -37.185  -26.127  63.383 0.0000000000
41309  -37.745  -26.611  64.172 0.0000000000
43169  -42.441  -24.699  68.511 0.0000000000
43182  -42.386  -25.039  67.644 0.0000000000
43996  -42.370  -23.777  68.678 0.0000000000
43995  -42.137  -23.026  68.266 0.0000000000
46495  -33.805  -20.824  79.151 0.0000000000
45546  -33.290  -21.604  79.124 0.0000000000
45547  -34.038  -21.301  78.267 0.0000000000
40409  -34.839  -27.417  69.891 0.0000000000
40401  -34.772  -27.807  70.613 0.0000000000
42242  -37.208  -26.224  64.549 0.0000000000
42241  -36.441  -25.750  64.444 0.0000000000
56549  -51.422  -9.124  61.398 0.0000000000
112860  -51.533  -9.987  61.525 0.0000000000
55750  -50.754  -9.695  60.794 0.0000000000
56548  -50.724  -8.784  60.564 0.0000000000
103856  -24.360  -28.185  83.541 0.0000000000
37663  -39.057  -31.062  77.873 0.0000000000
37650  -39.155  -31.384  78.256 0.0000000000
36766  -39.422  -31.863  77.828 0.0000000000
39443  -44.202  -28.243  70.758 0.0000000000
39451  -43.843  -28.424  70.152 0.0000000000
39462  -44.176  -28.375  69.974 0.0000000000
40420  -44.281  -28.187  69.531 0.0000000000
118674  -37.168  -23.271  77.232 0.0000000000
43902  -37.863  -23.512  77.350 0.0000000000
43117  -37.378  -23.836  72.412 0.0000000000
99140  -36.808  -23.989  73.150 0.0000000000
43116  -36.456  -24.023  72.121 0.0000000000
43138  -36.569  -24.380  70.403 0.0000000000
115903  -37.071  -24.044  70.860 0.0000000000
42188  -39.794  -25.166  68.353 0.0000000000
40245  -28.835  -27.276  84.713 0.0000000000
102445  -28.276  -27.353  84.282 0.0000000000
40468  -41.474  -27.408  65.150 0.0000000000
43227  -43.465  -24.934  63.558 0.0000000000
46699  -41.643  -20.792  65.198 0.0000000000
46717  -41.294  -20.676  64.382 0.0000000000
46728  -41.891  -20.234  63.837 0.0000000000
47672  -42.765  -20.003  64.022 0.0000000000
43860  -34.668  -24.085  83.102 0.0000000000
43866  -34.234  -23.538  82.599 0.0000000000
114608  -33.070  -27.054  78.944 0.0000000000
40338  -33.813  -27.334  79.461 0.0000000000
40355  -33.371  -27.650  78.645 0.0000000000
39395  -34.639  -28.713  78.658 0.0000000000
114915  -33.216  -24.851  75.371 0.0000000000
43056  -32.549  -25.275  75.632 0.0000000000
42119  -32.777  -25.461  74.760 0.0000000000
102453  -36.182  -29.424  72.871 0.0000000000
39434  -35.800  -29.345  73.420 0.0000000000
38529  -36.516  -29.626  73.295 0.0000000000
38524  -36.495  -29.700  73.909 0.0000000000
116240  -37.111  -30.051  73.538 0.0000000000
46674  -49.499  -20.281  67.861 0.0000000000
45710  -48.458  -21.289  68.043 0.0000000000
46672  -48.277  -20.891  67.363 0.0000000000
48599  -48.980  -18.177  63.973 0.0000000000
48598  -48.236  -18.705  64.277 0.0000000000
48611  -46.767  -18.596  63.253 0.0000000000
53953  -52.126  -12.343  63.048 0.0000000000
53095  -52.530  -13.178  62.811 0.0000000000
101140  -52.805  -13.978  62.887 0.0000000000
53109  -52.698  -13.412  62.533 0.0000000000
52268  -48.988  -14.887  60.301 0.0000000000
50571  -47.931  -15.996  60.131 0.0000000000
51425  -47.463  -15.335  59.586 0.0000000000
54044  -46.634  -12.335  57.184 0.0000000000
103680  -46.179  -12.985  57.030 0.0000000000
54057  -45.806  -13.116  56.174 0.0000000000
56573  -51.925  -8.937  57.041 0.0000000000
56584  -51.387  -9.549  56.550 0.0000000000
38413  -21.245  -29.504  83.696 0.0000000000
39370  -22.656  -28.453  79.426 0.0000000000
40316  -27.361  -27.747  80.423 0.0000000000
40336  -27.649  -27.853  79.574 0.0000000000
39333  -36.471  -28.172  81.995 0.0000000000
119724  -36.006  -28.521  82.330 0.0000000000
38432  -36.494  -28.901  82.046 0.0000000000
100076  -36.002  -31.833  80.659 0.0000000000
35798  -35.549  -32.700  80.285 0.0000000000
42166  -41.392  -25.946  70.150 0.0000000000
102063  -41.668  -25.784  71.069 0.0000000000
41218  -43.096  -27.074  71.754 0.0000000000
40402  -43.521  -27.813  71.196 0.0000000000
40393  -43.763  -27.514  72.053 0.0000000000
43039  -39.539  -24.369  76.688 0.0000000000
43062  -39.594  -24.452  75.845 0.0000000000
43101  -39.578  -23.932  74.099 0.0000000000
43954  -38.899  -23.675  73.297 0.0000000000
43966  -39.043  -23.676  72.170 0.0000000000
99674  -39.916  -23.856  72.097 0.0000000000
115653  -41.184  -24.598  72.304 0.0000000000
43131  -40.532  -24.328  71.617 0.0000000000
47738  -41.746  -19.601  57.242 0.0000000000
49605  -44.562  -17.687  57.225 0.0000000000
40247  -30.367  -27.496  84.505 0.0000000000
40266  -31.810  -28.163  83.837 0.0000000000
39301  -31.031  -27.908  84.266 0.0000000000
100511  -31.853  -28.871  83.630 0.0000000000
41297  -43.463  -26.308  65.724 0.0000000000
101235  -43.532  -26.235  66.007 0.0000000000
112569  -41.831  -24.556  66.619 0.0000000000
105989  -42.524  -25.002  65.936 0.0000000000
44010  -41.062  -23.678  65.508 0.0000000000
44004  -40.986  -23.382  66.245 0.0000000000
45705  -41.925  -21.873  67.329 0.0000000000
45716  -41.382  -22.104  66.756 0.0000000000
114025  -41.928  -21.444  66.804 0.0000000000
117405  -41.484  -21.502  66.274 0.0000000000
45717  -42.653  -20.974  66.698 0.0000000000
44659  -33.310  -22.553  81.046 0.0000000000
43878  -32.613  -23.350  79.533 0.0000000000
43003  -32.471  -24.031  79.426 0.0000000000
103562  -32.311  -24.903  79.105 0.0000000000
42147  -33.300  -25.549  72.523 0.0000000000
41209  -33.138  -26.438  72.307 0.0000000000
101439  -35.409  -28.835  71.738 0.0000000000
106804  -35.964  -29.407  71.606 0.0000000000
106571  -35.962  -25.178  65.815 0.0000000000
47648  -50.285  -19.205  67.072 0.0000000000
47647  -49.928  -19.586  66.887 0.0000000000
49510  -52.132  -17.193  65.013 0.0000000000
48601  -50.943  -17.847  65.136 0.0000000000
48600  -49.824  -18.202  64.678 0.0000000000
49509  -50.660  -17.665  64.388 0.0000000000
119256  -52.361  -9.463  63.092 0.0000000000
56520  -52.097  -9.204  63.443 0.0000000000
55725  -52.228  -10.088  63.208 0.0000000000
55740  -52.220  -10.897  62.525 0.0000000000
54867  -52.372  -11.753  61.985 0.0000000000
54894  -50.518  -11.458  60.535 0.0000000000
54879  -51.271  -12.256  61.013 0.0000000000
54029  -50.402  -12.405  60.379 0.0000000000
53145  -49.760  -13.409  60.059 0.0000000000
54028  -49.726  -12.687  59.848 0.0000000000
54027  -48.957  -13.009  59.427 0.0000000000
54892  -49.165  -12.192  59.306 0.0000000000
112115  -48.700  -11.696  58.813 0.0000000000
54902  -48.615  -10.916  58.448 0.0000000000
54911  -48.258  -10.681  57.657 0.0000000000
55811  -53.788  -10.071  55.352 0.0000000000
55823  -52.179  -10.645  55.030 0.0000000000
39309  -22.442  -29.025  83.043 0.0000000000
113849  -23.181  -28.722  82.943 0.0000000000
100344  -23.756  -28.257  82.074 0.0000000000
116924  -29.403  -28.512  79.201 0.0000000000
36752  -28.926  -30.744  78.246 0.0000000000
37660  -28.218  -29.334  77.874 0.0000000000
37643  -28.195  -30.166  77.920 0.0000000000
36750  -27.059  -31.123  78.494 0.0000000000
35819  -29.055  -32.324  79.204 0.0000000000
38468  -37.533  -29.576  80.278 0.0000000000
38456  -37.556  -29.658  80.663 0.0000000000
36717  -38.410  -31.336  79.636 0.0000000000
36716  -37.945  -31.222  80.194 0.0000000000
35801  -37.678  -32.170  80.064 0.0000000000
41275  -39.029  -26.541  65.885 0.0000000000
41294  -38.839  -26.995  65.192 0.0000000000
41277  -40.436  -27.293  66.696 0.0000000000
40450  -40.918  -27.780  66.379 0.0000000000
41236  -41.838  -26.922  69.611 0.0000000000
41249  -41.556  -27.205  68.734 0.0000000000
40418  -42.237  -27.806  69.164 0.0000000000
39471  -43.044  -28.539  68.491 0.0000000000
39470  -42.436  -28.347  68.052 0.0000000000
39482  -42.810  -28.389  67.770 0.0000000000
39493  -43.094  -28.155  67.405 0.0000000000
40440  -43.427  -27.619  67.387 0.0000000000
40430  -43.676  -27.704  68.193 0.0000000000
41237  -43.979  -26.886  69.292 0.0000000000
41250  -43.751  -27.152  68.258 0.0000000000
42177  -43.440  -25.765  69.540 0.0000000000
45566  -35.315  -21.794  77.469 0.0000000000
43917  -35.789  -23.771  76.403 0.0000000000
44706  -35.351  -23.065  76.740 0.0000000000
43035  -34.443  -24.166  75.943 0.0000000000
43036  -35.393  -24.179  75.984 0.0000000000
43061  -38.166  -24.444  75.817 0.0000000000
109861  -37.512  -24.344  76.302 0.0000000000
112601  -37.461  -24.441  75.607 0.0000000000
43098  -35.893  -24.181  73.432 0.0000000000
102163  -36.017  -24.450  74.681 0.0000000000
43097  -35.092  -24.479  74.000 0.0000000000
43096  -34.343  -24.615  73.369 0.0000000000
42156  -34.964  -24.888  70.935 0.0000000000
43152  -36.792  -24.578  69.672 0.0000000000
105965  -36.823  -24.832  68.682 0.0000000000
43166  -38.548  -24.581  68.402 0.0000000000
42187  -37.067  -24.739  68.092 0.0000000000
42200  -38.128  -24.805  67.069 0.0000000000
42214  -38.410  -25.528  66.313 0.0000000000
58208  -53.115  -6.371  59.073 0.0000000000
57403  -53.031  -7.690  58.052 0.0000000000
57404  -53.750  -7.435  57.905 0.0000000000
57414  -54.131  -7.815  57.372 0.0000000000
57422  -54.282  -8.296  56.685 0.0000000000
56586  -53.986  -9.138  56.464 0.0000000000
56587  -54.268  -8.983  56.234 0.0000000000
40243  -26.474  -27.378  84.544 0.0000000000
40262  -26.484  -27.438  83.637 0.0000000000
40263  -27.387  -27.284  84.203 0.0000000000
40285  -28.135  -27.684  82.206 0.0000000000
39299  -30.088  -27.988  84.236 0.0000000000
101241  -30.234  -28.474  83.225 0.0000000000
112179  -29.466  -28.325  81.124 0.0000000000
39357  -29.641  -28.468  80.145 0.0000000000
39358  -30.456  -28.924  80.206 0.0000000000
99066  -31.340  -29.725  79.780 0.0000000000
38465  -30.710  -29.395  79.498 0.0000000000
114466  -31.493  -30.177  79.388 0.0000000000
40459  -39.146  -27.233  64.685 0.0000000000
41324  -38.351  -26.694  63.745 0.0000000000
41325  -39.898  -26.364  63.240 0.0000000000
41313  -43.168  -26.223  64.694 0.0000000000
41312  -42.219  -26.601  64.497 0.0000000000
44016  -40.614  -23.175  65.003 0.0000000000
46736  -40.292  -20.949  63.055 0.0000000000
118978  -41.944  -19.424  61.764 0.0000000000
47714  -42.301  -19.129  61.421 0.0000000000
47715  -43.178  -18.933  61.712 0.0000000000
42948  -34.307  -24.628  83.573 0.0000000000
42981  -35.198  -25.314  82.525 0.0000000000
42008  -35.335  -25.844  82.632 0.0000000000
41140  -35.696  -26.588  82.242 0.0000000000
41148  -35.747  -26.489  81.948 0.0000000000
42992  -33.528  -24.317  80.997 0.0000000000
42021  -34.304  -24.947  81.481 0.0000000000
114319  -34.940  -27.634  80.163 0.0000000000
40318  -35.130  -26.991  80.775 0.0000000000
40319  -35.902  -27.362  81.046 0.0000000000
39360  -36.964  -28.512  80.844 0.0000000000
39375  -36.388  -28.740  80.021 0.0000000000
103603  -36.067  -29.581  78.485 0.0000000000
37647  -37.490  -30.375  77.796 0.0000000000
43899  -33.400  -22.996  77.172 0.0000000000
44691  -33.536  -22.368  77.593 0.0000000000
110211  -32.116  -25.614  76.162 0.0000000000
42087  -32.084  -25.271  76.948 0.0000000000
107830  -31.955  -25.915  76.712 0.0000000000
108070  -32.007  -25.827  77.423 0.0000000000
40375  -32.212  -27.434  76.631 0.0000000000
114291  -32.772  -27.528  73.550 0.0000000000
40383  -32.517  -27.566  74.311 0.0000000000
39422  -33.990  -29.005  75.230 0.0000000000
39421  -33.214  -28.623  75.557 0.0000000000
38515  -33.836  -29.106  76.075 0.0000000000
39417  -33.149  -28.630  76.417 0.0000000000
38511  -34.575  -29.386  76.534 0.0000000000
38519  -37.082  -30.169  75.118 0.0000000000
37677  -37.872  -30.547  75.512 0.0000000000
37686  -38.505  -30.888  74.821 0.0000000000
118798  -35.066  -26.640  68.354 0.0000000000
38407  -22.194  -29.094  84.701 0.0000000000
40228  -26.119  -26.979  85.805 0.0000000000
103128  -29.118  -26.554  85.318 0.0000000000
43842  -33.058  -23.675  84.100 0.0000000000
45464  -33.376  -21.554  83.470 0.0000000000
46427  -33.392  -19.811  83.335 0.0000000000
115139  -33.487  -20.650  83.173 0.0000000000
45497  -33.547  -21.143  82.409 0.0000000000
115013  -33.529  -19.930  82.424 0.0000000000
47485  -34.241  -18.398  81.636 0.0000000000
47489  -33.739  -19.529  81.247 0.0000000000
46456  -34.046  -19.764  80.176 0.0000000000
47500  -35.831  -19.158  79.735 0.0000000000
46478  -36.792  -19.788  79.350 0.0000000000
107643  -36.226  -20.423  78.614 0.0000000000
106005  -38.293  -20.903  79.402 0.0000000000
118319  -38.560  -21.443  79.194 0.0000000000
44678  -38.362  -22.123  78.561 0.0000000000
108710  -42.072  -25.103  76.294 0.0000000000
43065  -43.456  -25.198  75.809 0.0000000000
41194  -43.573  -25.965  74.896 0.0000000000
42108  -43.827  -25.706  75.198 0.0000000000
42124  -45.260  -25.903  74.224 0.0000000000
41196  -44.911  -26.294  74.245 0.0000000000
41204  -45.607  -26.426  73.679 0.0000000000
40389  -45.353  -27.102  73.206 0.0000000000
43106  -47.298  -24.513  72.448 0.0000000000
42139  -47.151  -25.084  72.751 0.0000000000
42151  -46.995  -25.409  72.692 0.0000000000
41219  -45.951  -26.780  72.334 0.0000000000
102291  -45.886  -26.369  71.772 0.0000000000
104814  -45.201  -26.852  71.138 0.0000000000
42159  -46.533  -25.624  71.868 0.0000000000
43985  -46.375  -23.976  70.897 0.0000000000
107215  -45.665  -24.672  71.023 0.0000000000
43984  -45.146  -24.099  70.535 0.0000000000
43983  -44.188  -24.278  70.259 0.0000000000
46646  -49.094  -20.778  69.236 0.0000000000
44798  -48.438  -22.149  69.948 0.0000000000
44810  -47.960  -22.347  69.474 0.0000000000
45693  -47.022  -21.801  68.352 0.0000000000
44809  -47.110  -22.309  69.056 0.0000000000
44808  -45.982  -22.167  68.841 0.0000000000
44807  -44.763  -22.202  68.949 0.0000000000
45691  -44.301  -21.718  68.430 0.0000000000
46669  -45.091  -20.660  66.973 0.0000000000
46686  -44.534  -20.443  66.186 0.0000000000
46705  -48.455  -20.103  66.283 0.0000000000
47659  -48.046  -19.663  65.531 0.0000000000
47675  -46.364  -19.530  64.738 0.0000000000
118908  -46.654  -19.774  65.308 0.0000000000
46721  -45.362  -19.782  64.778 0.0000000000
107493  -44.988  -19.511  64.105 0.0000000000
47691  -44.336  -19.504  63.726 0.0000000000
47692  -45.089  -19.222  63.521 0.0000000000
48620  -45.779  -18.484  62.397 0.0000000000
47706  -45.340  -18.863  62.940 0.0000000000
48619  -44.963  -18.686  62.231 0.0000000000
48633  -45.470  -18.288  61.688 0.0000000000
51377  -52.720  -15.318  62.602 0.0000000000
50521  -52.820  -15.725  63.228 0.0000000000
50520  -52.315  -16.028  62.895 0.0000000000
50519  -51.229  -16.348  62.631 0.0000000000
105428  -52.290  -14.587  61.819 0.0000000000
51393  -50.250  -15.684  61.536 0.0000000000
50540  -49.698  -16.265  61.650 0.0000000000
49565  -49.074  -16.919  61.863 0.0000000000
101213  -48.285  -17.336  61.908 0.0000000000
49564  -48.377  -16.987  61.298 0.0000000000
113471  -47.087  -17.256  60.638 0.0000000000
49577  -46.378  -17.575  60.699 0.0000000000
49576  -45.636  -17.695  60.343 0.0000000000
49591  -44.933  -17.710  59.618 0.0000000000
49592  -45.664  -17.438  59.502 0.0000000000
50580  -46.450  -16.461  59.035 0.0000000000
49604  -45.961  -16.927  58.458 0.0000000000
116752  -45.934  -16.886  57.567 0.0000000000
50586  -46.209  -16.383  58.088 0.0000000000
52279  -47.311  -14.174  59.013 0.0000000000
52299  -46.178  -14.402  57.248 0.0000000000
106527  -46.294  -14.949  57.700 0.0000000000
50588  -46.332  -16.400  57.021 0.0000000000
57393  -50.973  -7.961  59.326 0.0000000000
57392  -50.400  -8.570  59.683 0.0000000000
111091  -49.236  -9.849  56.724 0.0000000000
56572  -49.763  -9.341  57.344 0.0000000000
55778  -48.057  -10.553  56.949 0.0000000000
55789  -48.475  -10.444  56.533 0.0000000000
54937  -50.266  -11.093  55.034 0.0000000000
55808  -50.713  -10.579  55.616 0.0000000000
54943  -48.178  -11.751  54.720 0.0000000000
39324  -22.282  -28.942  82.212 0.0000000000
38441  -21.600  -29.233  81.850 0.0000000000
38463  -20.887  -29.185  79.401 0.0000000000
38491  -21.605  -28.929  77.491 0.0000000000
38508  -21.667  -29.427  76.707 0.0000000000
38509  -22.534  -29.464  76.691 0.0000000000
40283  -26.382  -27.501  82.586 0.0000000000
40282  -25.501  -27.685  82.280 0.0000000000
101355  -25.986  -27.559  81.790 0.0000000000
40314  -25.595  -27.585  80.330 0.0000000000
40333  -25.017  -27.726  79.540 0.0000000000
39391  -27.365  -28.293  78.162 0.0000000000
39390  -26.498  -28.213  77.955 0.0000000000
39405  -25.337  -28.640  77.500 0.0000000000
39388  -24.739  -28.206  77.848 0.0000000000
112640  -24.014  -28.524  77.499 0.0000000000
36729  -26.708  -31.660  79.264 0.0000000000
36728  -25.980  -31.759  79.365 0.0000000000
116986  -34.097  -26.734  83.417 0.0000000000
40250  -33.300  -26.940  83.622 0.0000000000
38418  -34.151  -28.888  82.985 0.0000000000
108336  -33.847  -29.383  82.727 0.0000000000
37614  -36.662  -30.230  81.507 0.0000000000
38443  -36.157  -29.688  82.013 0.0000000000
37611  -33.985  -30.135  81.872 0.0000000000
37623  -33.914  -30.566  80.772 0.0000000000
36733  -32.028  -31.471  79.102 0.0000000000
104913  -32.171  -32.163  79.182 0.0000000000
34906  -37.477  -33.158  79.998 0.0000000000
33995  -37.143  -34.218  79.923 0.0000000000
107158  -35.653  -34.507  80.498 0.0000000000
34903  -34.983  -33.579  80.195 0.0000000000
34901  -32.799  -33.944  80.174 0.0000000000
34923  -33.349  -33.222  79.691 0.0000000000
34921  -31.180  -33.277  79.824 0.0000000000
42158  -42.030  -25.700  71.829 0.0000000000
41210  -43.312  -26.456  73.322 0.0000000000
101627  -41.253  -24.642  76.503 0.0000000000
108092  -40.464  -24.524  75.641 0.0000000000
43102  -40.503  -24.267  73.638 0.0000000000
47731  -40.764  -19.363  59.357 0.0000000000
48649  -41.407  -18.824  58.907 0.0000000000
48653  -41.621  -18.912  57.884 0.0000000000
48657  -42.214  -18.893  56.996 0.0000000000
48654  -42.615  -18.360  57.773 0.0000000000
41982  -30.765  -26.081  84.504 0.0000000000
40248  -31.067  -27.182  84.335 0.0000000000
40267  -32.851  -27.856  83.555 0.0000000000
41340  -38.284  -26.155  62.993 0.0000000000
42202  -43.084  -25.843  67.047 0.0000000000
43181  -41.817  -24.423  67.273 0.0000000000
105732  -41.352  -23.858  66.807 0.0000000000
43999  -41.606  -23.450  67.521 0.0000000000
44816  -41.739  -22.517  67.496 0.0000000000
44666  -33.054  -21.910  80.143 0.0000000000
117607  -32.895  -22.270  79.368 0.0000000000
43885  -32.486  -23.521  78.764 0.0000000000
41216  -33.995  -26.233  71.033 0.0000000000
40399  -33.618  -26.707  71.639 0.0000000000
40400  -34.203  -27.182  71.073 0.0000000000
113005  -35.165  -28.476  71.008 0.0000000000
39459  -35.099  -28.750  69.962 0.0000000000
42227  -36.597  -25.651  65.092 0.0000000000
116490  -35.881  -25.466  65.033 0.0000000000
55739  -52.097  -9.746  62.455 0.0000000000
103466  -51.909  -10.792  61.918 0.0000000000
55751  -51.055  -10.645  61.096 0.0000000000
54893  -49.683  -10.961  59.659 0.0000000000
55764  -49.569  -9.910  59.373 0.0000000000
39310  -23.690  -28.487  83.683 0.0000000000
39326  -23.949  -28.306  82.823 0.0000000000
101528  -24.330  -28.014  82.236 0.0000000000
38480  -30.324  -29.670  78.742 0.0000000000
37644  -29.656  -30.124  78.319 0.0000000000
36732  -29.290  -31.520  78.613 0.0000000000
111405  -29.879  -32.606  79.375 0.0000000000
104307  -38.229  -30.470  79.351 0.0000000000
37634  -38.415  -30.797  79.464 0.0000000000
36737  -38.878  -31.458  79.002 0.0000000000
35826  -38.617  -32.201  79.309 0.0000000000
41263  -40.028  -26.465  67.012 0.0000000000
41264  -40.652  -27.006  67.478 0.0000000000
40419  -42.887  -28.331  69.531 0.0000000000
39450  -43.466  -28.442  69.700 0.0000000000
39460  -43.280  -28.550  69.159 0.0000000000
39472  -43.554  -28.528  68.925 0.0000000000
116826  -43.803  -28.275  68.701 0.0000000000
41238  -44.360  -27.699  69.552 0.0000000000
41227  -44.567  -27.100  70.228 0.0000000000
44677  -37.331  -21.985  77.989 0.0000000000
44693  -36.779  -22.643  77.417 0.0000000000
43918  -36.488  -23.905  76.492 0.0000000000
43099  -37.524  -23.972  74.041 0.0000000000
43080  -36.965  -24.380  74.974 0.0000000000
43115  -35.637  -24.191  72.415 0.0000000000
43127  -35.648  -24.343  71.492 0.0000000000
43137  -35.795  -24.604  70.643 0.0000000000
100728  -39.296  -24.336  69.736 0.0000000000
43155  -39.231  -24.599  68.835 0.0000000000
43180  -38.725  -24.816  67.623 0.0000000000
42201  -39.510  -25.431  67.458 0.0000000000
39329  -30.817  -28.913  83.108 0.0000000000
38426  -30.880  -28.964  82.106 0.0000000000
38454  -30.937  -29.119  81.051 0.0000000000
113328  -39.659  -27.289  64.558 0.0000000000
40467  -40.378  -27.437  64.807 0.0000000000
108747  -43.299  -25.341  64.246 0.0000000000
113922  -43.256  -25.646  64.307 0.0000000000
42255  -43.316  -25.397  63.637 0.0000000000
45730  -40.479  -21.856  64.720 0.0000000000
106827  -40.223  -21.922  64.071 0.0000000000
46737  -40.837  -20.368  62.627 0.0000000000
47688  -41.715  -20.059  63.055 0.0000000000
47689  -42.523  -19.618  62.757 0.0000000000
42949  -34.859  -24.575  83.183 0.0000000000
42965  -35.078  -24.654  82.914 0.0000000000
102871  -33.178  -25.783  79.916 0.0000000000
41155  -33.900  -26.125  80.450 0.0000000000
39374  -35.314  -28.416  79.626 0.0000000000
38500  -35.508  -29.615  77.611 0.0000000000
43915  -32.834  -24.068  76.640 0.0000000000
117439  -32.867  -24.778  75.795 0.0000000000
117122  -34.209  -28.709  73.683 0.0000000000
39428  -34.908  -29.172  73.927 0.0000000000
38522  -34.834  -29.304  74.772 0.0000000000
38517  -35.596  -29.607  75.191 0.0000000000
38525  -37.096  -30.107  74.327 0.0000000000
44632  -32.715  -22.121  84.167 0.0000000000
45450  -32.088  -21.206  84.520 0.0000000000
47478  -33.807  -18.273  82.600 0.0000000000
47502  -37.654  -19.558  80.021 0.0000000000
43941  -43.730  -24.089  74.754 0.0000000000
43942  -44.648  -24.772  74.475 0.0000000000
43957  -45.519  -24.425  73.718 0.0000000000
43968  -47.599  -23.705  72.117 0.0000000000
43133  -47.542  -24.216  71.921 0.0000000000
43146  -47.259  -24.203  71.497 0.0000000000
43986  -47.444  -23.541  70.932 0.0000000000
105132  -49.637  -19.948  68.217 0.0000000000
46659  -49.303  -20.589  68.525 0.0000000000
45695  -48.743  -21.494  68.747 0.0000000000
44811  -48.509  -21.912  69.247 0.0000000000
45694  -48.243  -21.769  68.693 0.0000000000
116521  -47.802  -21.575  68.119 0.0000000000
108157  -46.114  -21.500  68.035 0.0000000000
45709  -47.128  -21.299  67.604 0.0000000000
118183  -46.947  -20.892  67.136 0.0000000000
46688  -46.725  -20.541  66.575 0.0000000000
47677  -48.505  -19.153  65.047 0.0000000000
47676  -47.685  -19.223  64.736 0.0000000000
112000  -47.001  -19.275  64.472 0.0000000000
47693  -46.427  -19.033  63.867 0.0000000000
115255  -45.732  -19.013  63.516 0.0000000000
48621  -46.561  -18.332  62.560 0.0000000000
52234  -53.095  -14.667  62.999 0.0000000000
116939  -53.004  -14.863  62.679 0.0000000000
52270  -50.711  -14.459  60.909 0.0000000000
111966  -49.883  -14.898  60.703 0.0000000000
50557  -49.405  -15.747  60.956 0.0000000000
50556  -48.417  -16.461  60.727 0.0000000000
50555  -47.568  -16.690  60.338 0.0000000000
49594  -46.844  -16.928  59.844 0.0000000000
53154  -46.764  -13.801  58.327 0.0000000000
53162  -46.340  -13.706  57.549 0.0000000000
52308  -46.000  -14.458  56.482 0.0000000000
57411  -50.801  -8.476  58.010 0.0000000000
56583  -50.224  -9.559  56.690 0.0000000000
55790  -49.919  -10.177  56.143 0.0000000000
54084  -49.144  -11.874  53.561 0.0000000000
54944  -48.932  -11.642  54.507 0.0000000000
118170  -22.572  -28.654  81.317 0.0000000000
38453  -21.778  -28.971  81.129 0.0000000000
39353  -22.220  -28.691  80.355 0.0000000000
39369  -21.822  -28.819  79.491 0.0000000000
39401  -22.360  -28.645  77.894 0.0000000000
39402  -23.207  -28.631  77.460 0.0000000000
40315  -26.472  -27.594  80.252 0.0000000000
38496  -27.088  -29.257  77.585 0.0000000000
110105  -26.861  -28.697  77.691 0.0000000000
113227  -25.760  -29.053  77.321 0.0000000000
38493  -24.455  -29.464  76.934 0.0000000000
36764  -24.698  -30.914  77.470 0.0000000000
35843  -25.226  -31.920  79.186 0.0000000000
39318  -35.213  -27.557  82.718 0.0000000000
39317  -34.437  -28.019  83.010 0.0000000000
36703  -36.307  -31.007  81.195 0.0000000000
36712  -34.489  -31.151  80.493 0.0000000000
36736  -34.238  -31.759  79.847 0.0000000000
35823  -33.776  -32.497  79.571 0.0000000000
42175  -40.648  -25.332  69.731 0.0000000000
41217  -42.388  -26.447  71.418 0.0000000000
40412  -43.835  -28.243  70.771 0.0000000000
43022  -38.965  -24.099  77.158 0.0000000000
43021  -38.047  -24.075  76.946 0.0000000000
115636  -38.872  -24.469  76.048 0.0000000000
43082  -39.657  -24.314  75.047 0.0000000000
107405  -38.945  -24.096  74.767 0.0000000000
110107  -38.150  -23.752  73.494 0.0000000000
43965  -38.080  -23.732  71.808 0.0000000000
43142  -40.079  -24.536  70.150 0.0000000000
48662  -42.785  -18.974  56.482 0.0000000000
109512  -29.436  -27.281  84.715 0.0000000000
40246  -29.952  -27.586  84.529 0.0000000000
39330  -31.302  -28.947  83.521 0.0000000000
38415  -31.873  -29.271  83.308 0.0000000000
38428  -32.316  -29.504  82.836 0.0000000000
40463  -43.141  -27.140  65.919 0.0000000000
40469  -42.667  -26.925  65.220 0.0000000000
42216  -43.332  -25.737  66.135 0.0000000000
42230  -43.276  -25.540  65.471 0.0000000000
43216  -43.352  -25.532  64.903 0.0000000000
114096  -42.315  -24.396  64.265 0.0000000000
44824  -40.595  -22.432  65.395 0.0000000000
44003  -40.885  -22.613  66.197 0.0000000000
45724  -41.284  -21.343  65.654 0.0000000000
46700  -42.505  -20.509  65.417 0.0000000000
107323  -33.791  -22.825  82.095 0.0000000000
116219  -33.675  -23.478  81.520 0.0000000000
43004  -32.804  -24.538  80.047 0.0000000000
42053  -32.591  -25.755  79.240 0.0000000000
41171  -32.561  -26.452  78.715 0.0000000000
40354  -32.683  -27.151  78.264 0.0000000000
42120  -33.292  -25.213  74.066 0.0000000000
42132  -32.701  -25.839  73.862 0.0000000000
41201  -32.754  -26.162  73.042 0.0000000000
40387  -32.821  -26.989  72.931 0.0000000000
102933  -33.260  -27.720  73.005 0.0000000000
99648  -34.026  -27.546  71.848 0.0000000000
39437  -33.814  -27.835  72.491 0.0000000000
39432  -33.947  -28.335  73.073 0.0000000000
39439  -35.519  -29.059  72.626 0.0000000000
38547  -36.547  -29.813  71.902 0.0000000000
37723  -35.874  -30.298  70.319 0.0000000000
104622  -35.199  -25.215  66.291 0.0000000000
42239  -34.590  -25.327  64.557 0.0000000000
46691  -49.457  -20.183  67.248 0.0000000000
46690  -48.759  -20.470  66.973 0.0000000000
48588  -50.638  -18.374  65.960 0.0000000000
47678  -49.343  -18.899  65.326 0.0000000000
116169  -52.680  -12.905  62.277 0.0000000000
53997  -52.542  -12.274  62.315 0.0000000000
53996  -52.549  -12.706  61.888 0.0000000000
118349  -51.554  -13.397  61.136 0.0000000000
54013  -51.033  -12.953  60.747 0.0000000000
53136  -50.728  -13.666  60.629 0.0000000000
52280  -48.060  -14.536  59.661 0.0000000000
54038  -48.488  -12.330  58.860 0.0000000000
54037  -47.728  -12.491  58.378 0.0000000000
54045  -47.273  -11.982  57.652 0.0000000000
54909  -46.956  -11.651  56.792 0.0000000000
55793  -52.988  -9.679  56.244 0.0000000000
55792  -52.165  -9.843  56.084 0.0000000000
54938  -51.174  -10.923  55.075 0.0000000000
54946  -50.693  -11.213  54.417 0.0000000000
39325  -23.080  -28.666  82.135 0.0000000000
40337  -28.201  -28.020  79.142 0.0000000000
115332  -28.008  -28.220  78.587 0.0000000000
39392  -28.135  -28.634  78.165 0.0000000000
35818  -28.046  -32.205  79.556 0.0000000000
39346  -37.162  -28.705  81.137 0.0000000000
38445  -37.313  -29.174  81.167 0.0000000000
37615  -37.425  -30.009  81.109 0.0000000000
36705  -37.575  -30.760  80.677 0.0000000000
41293  -37.980  -26.545  64.804 0.0000000000
40462  -41.516  -27.835  66.050 0.0000000000
40427  -41.302  -27.490  67.920 0.0000000000
40439  -41.778  -28.114  67.601 0.0000000000
40452  -42.390  -27.858  66.401 0.0000000000
40453  -43.123  -27.694  66.765 0.0000000000
42203  -43.460  -26.517  67.539 0.0000000000
42176  -42.888  -25.254  69.082 0.0000000000
43989  -42.786  -24.147  69.261 0.0000000000
109175  -34.793  -21.301  77.825 0.0000000000
43900  -34.299  -22.795  76.927 0.0000000000
44692  -35.854  -22.512  77.170 0.0000000000
43057  -34.071  -24.537  75.440 0.0000000000
110837  -36.807  -24.203  76.334 0.0000000000
117452  -36.391  -24.461  75.311 0.0000000000
43059  -35.859  -24.426  75.523 0.0000000000
110378  -34.487  -24.657  75.032 0.0000000000
42134  -33.626  -24.975  73.299 0.0000000000
117776  -33.680  -25.362  71.972 0.0000000000
42155  -34.144  -25.314  71.420 0.0000000000
41234  -35.093  -26.632  69.322 0.0000000000
105692  -35.455  -25.980  68.962 0.0000000000
112602  -35.811  -25.583  68.584 0.0000000000
42198  -36.472  -24.950  67.565 0.0000000000
43975  -37.793  -23.861  70.951 0.0000000000
43153  -37.639  -24.388  69.529 0.0000000000
42212  -36.599  -24.897  66.577 0.0000000000
58199  -51.935  -7.305  61.139 0.0000000000
58206  -51.708  -7.260  59.912 0.0000000000
58214  -52.727  -6.794  59.173 0.0000000000
57402  -51.850  -7.612  58.736 0.0000000000
56574  -53.047  -8.683  57.206 0.0000000000
58216  -53.969  -7.061  57.910 0.0000000000
101305  -53.413  -9.223  56.605 0.0000000000
55794  -53.597  -9.628  56.040 0.0000000000
55812  -54.278  -9.981  54.966 0.0000000000
55825  -54.062  -10.413  54.603 0.0000000000
40300  -27.380  -27.631  81.475 0.0000000000
39328  -29.645  -28.219  82.721 0.0000000000
39342  -29.003  -27.988  81.816 0.0000000000
39373  -28.868  -28.216  79.591 0.0000000000
38481  -30.713  -30.099  78.755 0.0000000000
36755  -31.450  -31.268  78.863 0.0000000000
36777  -39.621  -31.933  76.885 0.0000000000
41341  -38.934  -26.491  63.367 0.0000000000
41328  -42.936  -25.974  63.971 0.0000000000
41342  -41.159  -26.074  63.020 0.0000000000
44834  -40.325  -22.544  63.629 0.0000000000
46745  -40.588  -20.187  61.723 0.0000000000
47722  -40.879  -19.408  60.278 0.0000000000
47723  -41.832  -18.985  60.645 0.0000000000
41984  -33.617  -25.347  83.811 0.0000000000
41132  -34.657  -26.039  83.200 0.0000000000
41996  -34.900  -25.164  83.242 0.0000000000
41997  -35.159  -25.647  82.943 0.0000000000
119685  -35.256  -26.972  82.736 0.0000000000
40270  -35.626  -27.069  82.446 0.0000000000
40286  -36.129  -27.420  82.051 0.0000000000
106519  -36.560  -27.973  81.621 0.0000000000
42022  -35.052  -25.441  81.892 0.0000000000
41147  -35.279  -26.113  81.652 0.0000000000
41156  -34.756  -26.448  80.991 0.0000000000
114349  -36.897  -28.358  81.278 0.0000000000
38467  -36.667  -29.356  79.430 0.0000000000
99809  -37.361  -29.575  79.764 0.0000000000
38485  -37.813  -30.025  79.577 0.0000000000
37648  -38.068  -30.383  78.717 0.0000000000
37662  -38.507  -30.740  77.839 0.0000000000
37674  -38.995  -31.108  77.000 0.0000000000
45564  -33.591  -21.796  78.113 0.0000000000
44675  -32.776  -22.963  78.003 0.0000000000
103250  -32.498  -23.715  77.971 0.0000000000
43020  -32.331  -24.418  77.411 0.0000000000
107245  -32.113  -24.873  78.231 0.0000000000
41177  -32.225  -26.485  77.878 0.0000000000
40367  -32.930  -27.837  77.882 0.0000000000
42118  -32.380  -26.150  74.454 0.0000000000
41192  -32.172  -26.784  74.691 0.0000000000
40379  -32.073  -27.266  75.795 0.0000000000
39425  -32.773  -28.157  74.919 0.0000000000
39416  -32.649  -28.160  76.726 0.0000000000
39407  -32.604  -27.892  77.238 0.0000000000
39408  -33.220  -28.448  77.335 0.0000000000
39409  -34.134  -28.905  77.778 0.0000000000
38499  -34.661  -29.333  77.330 0.0000000000
38513  -35.928  -29.851  76.960 0.0000000000
38518  -36.341  -29.888  75.576 0.0000000000
114921  -36.316  -29.939  76.330 0.0000000000
37661  -36.845  -30.219  76.934 0.0000000000
36776  -39.386  -31.534  76.295 0.0000000000
42210  -34.590  -25.594  66.828 0.0000000000
42105  -42.288  -25.311  75.677 0.0000000000
42122  -42.882  -25.612  75.209 0.0000000000
42106  -42.730  -25.340  76.036 0.0000000000
42089  -43.021  -25.091  76.297 0.0000000000
106792  -43.349  -24.817  76.086 0.0000000000
39297  -23.487  -28.464  84.549 0.0000000000
40241  -24.808  -27.810  84.904 0.0000000000
40242  -25.648  -27.554  84.734 0.0000000000
40229  -26.958  -26.912  85.744 0.0000000000
40230  -28.307  -26.899  85.271 0.0000000000
41110  -28.456  -26.548  85.553 0.0000000000
101425  -31.723  -25.228  84.328 0.0000000000
42934  -32.466  -24.458  84.266 0.0000000000
43850  -33.883  -23.842  83.751 0.0000000000
111521  -33.244  -22.960  83.944 0.0000000000
45481  -33.553  -21.626  83.208 0.0000000000
46475  -33.768  -20.397  79.859 0.0000000000
46476  -34.472  -20.109  79.200 0.0000000000
47491  -35.184  -18.742  80.345 0.0000000000
46496  -35.254  -20.344  78.563 0.0000000000
45549  -36.807  -21.203  78.255 0.0000000000
44695  -38.666  -23.076  78.002 0.0000000000
44679  -39.324  -22.382  78.746 0.0000000000
43903  -39.333  -23.661  77.731 0.0000000000
41202  -43.781  -26.518  74.029 0.0000000000
42123  -44.467  -25.922  74.723 0.0000000000
41211  -43.963  -27.053  73.039 0.0000000000
40388  -44.672  -27.234  73.146 0.0000000000
40395  -45.041  -27.531  72.509 0.0000000000
40404  -44.671  -27.847  71.562 0.0000000000
115052  -45.497  -23.699  73.363 0.0000000000
43104  -46.481  -24.824  73.377 0.0000000000
110130  -46.851  -23.474  72.750 0.0000000000
117938  -46.739  -25.279  73.232 0.0000000000
41205  -46.355  -26.159  73.250 0.0000000000
41212  -46.020  -26.737  73.048 0.0000000000
40405  -45.350  -27.471  72.028 0.0000000000
40414  -45.004  -27.571  71.328 0.0000000000
107320  -44.744  -27.612  70.716 0.0000000000
42167  -44.642  -25.834  70.783 0.0000000000
43143  -44.104  -25.038  70.471 0.0000000000
43990  -43.549  -23.588  69.583 0.0000000000
44783  -48.232  -22.393  70.691 0.0000000000
44797  -47.746  -22.934  70.340 0.0000000000
43993  -46.930  -23.243  70.238 0.0000000000
44795  -45.245  -22.776  69.518 0.0000000000
44794  -44.183  -22.775  69.382 0.0000000000
44806  -43.382  -22.696  68.987 0.0000000000
105993  -42.765  -22.552  68.547 0.0000000000
45690  -43.317  -21.949  68.412 0.0000000000
117353  -43.032  -21.489  67.802 0.0000000000
45708  -44.994  -21.163  67.764 0.0000000000
45707  -43.281  -21.077  67.220 0.0000000000
45718  -43.466  -20.640  66.515 0.0000000000
46685  -42.785  -20.606  66.099 0.0000000000
46689  -48.035  -20.545  66.706 0.0000000000
104761  -47.409  -20.431  66.453 0.0000000000
105040  -46.211  -20.201  65.945 0.0000000000
46702  -45.414  -20.178  65.606 0.0000000000
46720  -44.499  -20.149  65.211 0.0000000000
108649  -43.814  -20.076  64.831 0.0000000000
46719  -43.058  -20.174  64.771 0.0000000000
47673  -43.622  -19.840  64.190 0.0000000000
47690  -43.369  -19.596  63.335 0.0000000000
47704  -43.391  -19.244  62.452 0.0000000000
48631  -43.750  -18.553  61.227 0.0000000000
48642  -44.305  -18.203  60.706 0.0000000000
49526  -51.175  -17.279  63.850 0.0000000000
117251  -49.719  -17.367  63.082 0.0000000000
52256  -52.571  -14.129  61.910 0.0000000000
51396  -52.692  -14.723  62.261 0.0000000000
51395  -52.192  -15.066  61.994 0.0000000000
51394  -51.214  -15.390  61.711 0.0000000000
50518  -50.057  -16.573  62.333 0.0000000000
49545  -49.509  -17.168  62.590 0.0000000000
49544  -48.187  -17.694  62.627 0.0000000000
49543  -47.678  -17.666  62.148 0.0000000000
49562  -46.742  -17.685  61.283 0.0000000000
48643  -45.146  -18.042  60.984 0.0000000000
111587  -44.014  -17.990  59.708 0.0000000000
108242  -44.380  -17.781  58.984 0.0000000000
49602  -44.403  -17.714  58.151 0.0000000000
111330  -45.657  -17.263  58.805 0.0000000000
49606  -45.401  -17.356  56.989 0.0000000000
119091  -47.393  -14.725  59.333 0.0000000000
51437  -46.946  -14.886  59.047 0.0000000000
51436  -46.487  -15.114  58.420 0.0000000000
56557  -49.784  -8.951  59.021 0.0000000000
56565  -49.379  -9.525  58.243 0.0000000000
56566  -50.044  -8.820  58.061 0.0000000000
55772  -48.765  -10.134  57.965 0.0000000000
54923  -46.770  -11.736  55.877 0.0000000000
111031  -51.345  -10.066  55.977 0.0000000000
99954  -49.432  -11.261  55.029 0.0000000000
119263  -49.064  -10.972  55.496 0.0000000000
54925  -48.350  -10.863  55.850 0.0000000000
54070  -46.094  -12.600  55.440 0.0000000000
113402  -20.074  -29.367  77.671 0.0000000000
38477  -20.820  -29.047  78.106 0.0000000000
38490  -20.837  -29.238  77.104 0.0000000000
40297  -24.849  -27.828  82.024 0.0000000000
39355  -24.090  -27.874  79.840 0.0000000000
40351  -26.086  -27.918  78.359 0.0000000000
40350  -25.338  -27.900  78.548 0.0000000000
39415  -23.037  -29.032  76.883 0.0000000000
38510  -23.236  -29.508  76.735 0.0000000000
39316  -33.527  -28.412  83.287 0.0000000000
102376  -33.082  -29.426  82.778 0.0000000000
37610  -33.006  -29.800  82.140 0.0000000000
37613  -35.737  -30.388  81.732 0.0000000000
37605  -34.351  -29.806  82.324 0.0000000000
37622  -32.550  -29.918  81.088 0.0000000000
37631  -32.009  -30.730  79.349 0.0000000000
35848  -39.238  -32.298  78.263 0.0000000000
35847  -38.830  -32.685  78.708 0.0000000000
34926  -38.336  -33.100  79.150 0.0000000000
35825  -38.038  -32.725  79.659 0.0000000000
33980  -36.533  -34.662  80.261 0.0000000000
35822  -32.941  -32.374  79.431 0.0000000000
35845  -30.999  -31.897  78.886 0.0000000000
35820  -30.654  -32.562  79.265 0.0000000000
35827  -39.056  -32.080  78.822 0.0000000000
37675  -39.322  -31.475  77.451 0.0000000000
39426  -33.431  -28.583  74.812 0.0000000000
39461  -43.749  -28.495  69.515 0.0000000000
40394  -44.379  -27.595  72.281 0.0000000000
41181  -32.015  -26.550  77.031 0.0000000000
41220  -46.585  -26.064  72.762 0.0000000000
42152  -47.227  -24.935  72.370 0.0000000000
42160  -46.895  -25.507  72.340 0.0000000000
43066  -43.985  -25.528  75.220 0.0000000000
43087  -45.495  -25.269  73.996 0.0000000000
43105  -47.114  -24.952  73.002 0.0000000000
43147  -47.620  -23.663  71.460 0.0000000000
43867  -34.716  -24.250  82.678 0.0000000000
43958  -47.106  -24.107  72.749 0.0000000000
44665  -32.679  -22.834  79.028 0.0000000000
45696  -49.053  -21.138  68.854 0.0000000000
46703  -46.879  -20.085  65.839 0.0000000000
48578  -50.595  -18.545  66.923 0.0000000000
49524  -49.005  -17.635  63.114 0.0000000000
49563  -47.036  -17.879  61.999 0.0000000000
50503  -52.633  -16.269  63.615 0.0000000000
53125  -52.307  -13.438  61.609 0.0000000000
54014  -51.873  -12.833  61.343 0.0000000000
54851  -52.351  -11.909  62.688 0.0000000000
54936  -48.623  -11.367  55.170 0.0000000000
55779  -48.589  -10.116  57.158 0.0000000000
59097  -53.594  -6.500  58.274 0.0000000000
99279  -51.535  -17.399  64.539 0.0000000000
102535  -35.186  -29.587  76.926 0.0000000000
105873  -48.103  -22.667  70.473 0.0000000000
109795  -31.976  -26.791  75.359 0.0000000000
112100  -40.741  -21.779  65.382 0.0000000000
114840  -53.769  -8.770  56.922 0.0000000000
115884  -46.427  -26.099  72.216 0.0000000000
120121  -44.310  -26.805  73.728 0.0000000000
