#!ascii label  , from subject sub-01 vox2ras=TkReg
1053
47426  -10.274  -18.459  86.579 0.0000000000
48496  -32.548  -17.890  72.128 0.0000000000
53043  -30.509  -13.232  67.377 0.0000000000
52968  -24.833  -12.701  76.022 0.0000000000
59112  -36.409  -6.346  57.013 0.0000000000
112075  -32.005  -12.282  60.104 0.0000000000
52107  -35.317  -14.556  75.274 0.0000000000
51236  -29.303  -14.833  73.393 0.0000000000
61776  -41.322  -3.294  58.674 0.0000000000
62584  -44.384  -2.078  55.109 0.0000000000
61813  -47.239  -3.344  52.379 0.0000000000
55673  -33.251  -10.279  67.423 0.0000000000
53943  -28.825  -12.214  63.463 0.0000000000
53074  -34.868  -13.124  64.150 0.0000000000
54007  -37.478  -11.562  60.804 0.0000000000
101217  -20.830  -20.389  75.474 0.0000000000
48339  -9.204  -17.444  90.684 0.0000000000
50403  -34.221  -15.293  68.503 0.0000000000
55639  -33.187  -10.212  71.301 0.0000000000
45619  -22.409  -21.246  73.161 0.0000000000
49451  -23.238  -16.973  69.947 0.0000000000
58296  -45.696  -7.470  49.701 0.0000000000
63421  -46.831  -1.987  49.635 0.0000000000
111532  -33.842  -10.376  58.403 0.0000000000
100045  -40.526  -7.572  60.048 0.0000000000
46417  -11.756  -19.195  82.176 0.0000000000
46339  -4.172  -20.550  89.309 0.0000000000
62573  -43.264  -1.743  57.201 0.0000000000
53926  -33.146  -12.181  65.483 0.0000000000
46540  -17.526  -20.641  74.280 0.0000000000
47396  -9.624  -18.106  89.068 0.0000000000
48559  -32.179  -17.779  68.725 0.0000000000
113935  -33.200  -16.202  71.124 0.0000000000
49403  -23.727  -16.947  74.290 0.0000000000
47576  -22.823  -19.564  71.735 0.0000000000
52139  -24.200  -14.129  72.554 0.0000000000
50335  -30.809  -16.521  73.347 0.0000000000
50363  -28.124  -15.832  70.981 0.0000000000
49440  -29.935  -17.186  71.214 0.0000000000
51216  -24.686  -14.942  77.504 0.0000000000
47527  -23.483  -18.723  75.920 0.0000000000
60138  -41.810  -5.120  51.843 0.0000000000
58280  -45.503  -6.603  50.796 0.0000000000
61031  -48.160  -3.562  50.692 0.0000000000
53983  -30.164  -12.132  61.517 0.0000000000
54018  -32.710  -11.924  59.458 0.0000000000
55759  -38.806  -10.196  60.462 0.0000000000
46488  -15.898  -19.458  78.678 0.0000000000
46448  -15.002  -19.211  80.856 0.0000000000
46402  -14.273  -18.581  83.124 0.0000000000
103287  -12.097  -19.780  79.831 0.0000000000
101006  -5.699  -20.763  88.477 0.0000000000
114210  -34.100  -16.824  74.006 0.0000000000
50354  -34.560  -15.125  72.531 0.0000000000
112739  -35.862  -13.570  74.358 0.0000000000
102818  -29.267  -10.800  76.466 0.0000000000
119590  -27.892  -13.125  74.322 0.0000000000
52957  -31.531  -13.255  75.174 0.0000000000
51225  -32.646  -15.353  75.376 0.0000000000
59101  -39.061  -5.473  58.211 0.0000000000
60980  -39.943  -3.834  56.772 0.0000000000
60989  -41.860  -3.306  54.726 0.0000000000
60127  -44.042  -4.010  52.632 0.0000000000
60140  -45.374  -4.806  52.205 0.0000000000
61803  -45.640  -2.635  53.717 0.0000000000
55658  -30.853  -10.781  68.148 0.0000000000
53052  -28.840  -12.897  66.002 0.0000000000
55690  -30.780  -10.537  65.858 0.0000000000
99068  -31.908  -11.326  63.524 0.0000000000
53963  -33.099  -11.675  62.658 0.0000000000
53986  -34.815  -12.010  61.303 0.0000000000
53119  -36.058  -12.627  61.894 0.0000000000
46492  -19.552  -19.448  78.139 0.0000000000
46516  -16.615  -19.553  76.636 0.0000000000
63431  -43.385  -1.609  46.865 0.0000000000
49238  -7.361  -16.727  90.837 0.0000000000
49493  -32.340  -16.819  67.800 0.0000000000
52205  -32.737  -14.545  67.679 0.0000000000
52165  -34.986  -14.173  70.595 0.0000000000
53895  -34.118  -12.577  69.745 0.0000000000
53892  -31.650  -11.630  68.931 0.0000000000
108841  -32.806  -9.318  69.354 0.0000000000
103100  -26.322  -14.446  71.506 0.0000000000
46520  -23.216  -19.327  77.156 0.0000000000
103912  -21.991  -20.668  74.530 0.0000000000
59167  -46.471  -5.472  51.365 0.0000000000
61036  -45.900  -4.457  49.403 0.0000000000
61833  -44.373  -3.001  48.467 0.0000000000
65077  -45.158  -0.008  49.652 0.0000000000
100216  -8.363  -20.340  83.929 0.0000000000
46373  -8.100  -19.620  86.294 0.0000000000
115520  -34.874  -8.666  57.645 0.0000000000
54885  -36.455  -10.765  60.356 0.0000000000
56552  -37.048  -9.578  59.627 0.0000000000
103595  -38.265  -7.051  58.883 0.0000000000
60072  -40.826  -5.486  59.611 0.0000000000
47446  -11.456  -18.630  84.430 0.0000000000
46348  -7.664  -19.161  88.345 0.0000000000
103654  -6.379  -18.911  89.381 0.0000000000
48348  -5.117  -18.492  89.459 0.0000000000
47416  -10.578  -18.341  87.894 0.0000000000
48522  -31.622  -17.377  70.348 0.0000000000
48524  -32.182  -16.899  70.670 0.0000000000
48507  -32.637  -17.093  71.737 0.0000000000
51235  -24.243  -14.921  74.541 0.0000000000
51248  -24.046  -15.389  73.608 0.0000000000
52977  -24.869  -12.816  74.218 0.0000000000
119706  -31.674  -17.667  73.135 0.0000000000
49426  -30.087  -17.109  72.121 0.0000000000
48494  -31.112  -17.637  71.753 0.0000000000
48521  -30.536  -17.587  70.078 0.0000000000
106695  -26.109  -11.717  76.848 0.0000000000
52945  -25.794  -12.704  78.272 0.0000000000
52091  -24.899  -13.036  77.010 0.0000000000
51222  -24.262  -15.384  76.125 0.0000000000
59165  -44.778  -5.964  51.296 0.0000000000
52216  -31.128  -14.893  67.195 0.0000000000
52223  -29.847  -15.061  66.408 0.0000000000
54001  -31.356  -12.436  60.336 0.0000000000
53133  -30.941  -13.149  59.939 0.0000000000
115147  -32.474  -12.053  60.046 0.0000000000
46487  -14.169  -19.748  78.468 0.0000000000
46467  -15.093  -19.412  80.021 0.0000000000
101259  -13.682  -19.796  78.964 0.0000000000
46447  -13.215  -19.313  80.395 0.0000000000
46465  -12.179  -20.295  78.732 0.0000000000
51239  -34.719  -15.820  74.752 0.0000000000
51241  -35.422  -14.991  74.678 0.0000000000
51229  -35.645  -14.412  74.914 0.0000000000
54726  -30.730  -10.666  77.282 0.0000000000
53848  -30.228  -11.642  75.941 0.0000000000
118254  -32.229  -11.783  76.245 0.0000000000
52960  -34.414  -13.172  75.836 0.0000000000
52095  -33.399  -14.002  75.625 0.0000000000
51218  -33.821  -14.751  75.574 0.0000000000
50308  -33.077  -16.064  75.033 0.0000000000
110110  -39.929  -4.720  58.322 0.0000000000
60088  -39.606  -4.350  57.416 0.0000000000
61775  -40.756  -3.568  57.967 0.0000000000
62579  -43.430  -1.958  56.184 0.0000000000
61786  -42.094  -2.723  56.049 0.0000000000
61791  -43.295  -2.643  54.910 0.0000000000
61000  -43.267  -3.297  53.707 0.0000000000
61801  -44.412  -2.836  53.902 0.0000000000
61002  -44.810  -3.261  53.354 0.0000000000
62592  -45.335  -2.232  54.332 0.0000000000
56486  -31.877  -10.057  67.597 0.0000000000
55681  -30.249  -10.640  66.494 0.0000000000
55691  -31.630  -10.549  66.132 0.0000000000
53939  -34.277  -13.111  64.845 0.0000000000
117923  -33.131  -12.164  64.706 0.0000000000
99943  -33.387  -12.108  64.194 0.0000000000
104237  -32.734  -11.496  63.150 0.0000000000
53083  -33.877  -12.291  63.116 0.0000000000
53101  -34.526  -12.580  62.565 0.0000000000
117941  -35.156  -12.940  62.777 0.0000000000
117793  -21.983  -19.934  77.002 0.0000000000
108938  -20.904  -19.633  78.205 0.0000000000
100305  -20.596  -19.854  76.910 0.0000000000
101728  -16.598  -19.994  75.518 0.0000000000
64236  -44.026  -0.230  46.703 0.0000000000
65085  -44.772  0.307  46.327 0.0000000000
49239  -8.069  -17.120  90.802 0.0000000000
49481  -33.097  -16.476  69.103 0.0000000000
48568  -32.269  -17.954  68.139 0.0000000000
50402  -32.825  -16.367  68.422 0.0000000000
50434  -32.338  -15.954  67.761 0.0000000000
110461  -33.787  -14.737  67.729 0.0000000000
52142  -35.376  -13.657  72.845 0.0000000000
51270  -34.678  -14.370  71.507 0.0000000000
53003  -35.049  -13.247  71.876 0.0000000000
54764  -34.285  -10.982  71.724 0.0000000000
53886  -34.490  -12.214  70.450 0.0000000000
53885  -33.602  -11.783  70.160 0.0000000000
53894  -33.190  -12.224  69.508 0.0000000000
54771  -32.439  -10.701  70.131 0.0000000000
119078  -32.075  -10.472  69.794 0.0000000000
56458  -32.803  -9.804  70.766 0.0000000000
108892  -22.872  -18.311  70.634 0.0000000000
52116  -29.118  -14.195  73.845 0.0000000000
52127  -26.848  -13.528  73.277 0.0000000000
51249  -27.886  -15.560  73.311 0.0000000000
50390  -26.968  -16.297  69.457 0.0000000000
47519  -23.821  -18.271  77.676 0.0000000000
46542  -22.792  -19.917  74.216 0.0000000000
46543  -22.781  -19.649  75.069 0.0000000000
116770  -22.011  -21.166  74.024 0.0000000000
44742  -21.447  -22.004  72.914 0.0000000000
60130  -46.150  -4.174  52.494 0.0000000000
59156  -45.810  -5.364  51.744 0.0000000000
61025  -47.247  -4.365  51.708 0.0000000000
62609  -47.545  -2.584  49.823 0.0000000000
61038  -47.092  -3.780  49.966 0.0000000000
61828  -46.409  -3.182  49.596 0.0000000000
115943  -45.317  -4.032  49.165 0.0000000000
63426  -45.591  -2.258  49.236 0.0000000000
63425  -44.919  -2.117  48.855 0.0000000000
64226  -45.292  -0.915  49.654 0.0000000000
53934  -28.386  -12.605  64.747 0.0000000000
52225  -28.198  -14.564  64.602 0.0000000000
55785  -34.129  -10.252  56.916 0.0000000000
55768  -34.451  -9.689  58.459 0.0000000000
54006  -36.174  -11.686  60.902 0.0000000000
54872  -35.836  -11.243  60.591 0.0000000000
54021  -37.266  -11.039  60.533 0.0000000000
56554  -39.343  -8.774  60.103 0.0000000000
99027  -37.770  -9.716  60.022 0.0000000000
57386  -38.623  -8.454  59.667 0.0000000000
57397  -37.836  -7.995  59.124 0.0000000000
57398  -38.675  -7.630  59.360 0.0000000000
59091  -39.356  -6.001  59.019 0.0000000000
58202  -40.038  -6.702  59.557 0.0000000000
46418  -12.831  -18.744  82.232 0.0000000000
47461  -12.885  -18.563  83.841 0.0000000000
105455  -12.242  -18.553  84.332 0.0000000000
47471  -11.311  -19.082  82.934 0.0000000000
46401  -9.892  -19.416  83.364 0.0000000000
100937  -9.929  -19.915  82.010 0.0000000000
46361  -7.358  -20.199  86.635 0.0000000000
47414  -8.221  -19.223  87.548 0.0000000000
45416  -6.543  -20.747  87.773 0.0000000000
45406  -4.438  -20.882  89.201 0.0000000000
46341  -5.951  -19.626  89.065 0.0000000000
46340  -5.058  -20.048  89.217 0.0000000000
48349  -5.974  -18.528  89.572 0.0000000000
47382  -4.565  -19.661  89.317 0.0000000000
53838  -32.942  -11.795  76.295 0.0000000000
62564  -42.488  -2.437  59.315 0.0000000000
61779  -41.468  -2.796  57.770 0.0000000000
63378  -43.589  -1.480  58.200 0.0000000000
54805  -33.106  -11.422  66.325 0.0000000000
45600  -19.811  -21.026  74.060 0.0000000000
46532  -19.421  -20.334  74.619 0.0000000000
48354  -10.519  -17.587  90.306 0.0000000000
48353  -9.660  -17.717  90.262 0.0000000000
48558  -31.955  -18.182  68.780 0.0000000000
49468  -32.551  -17.005  69.399 0.0000000000
50392  -33.685  -15.937  69.641 0.0000000000
57293  -33.880  -8.937  71.067 0.0000000000
47554  -23.046  -19.462  73.413 0.0000000000
103312  -22.906  -19.848  72.680 0.0000000000
49424  -23.345  -17.487  73.160 0.0000000000
49423  -23.380  -17.078  72.197 0.0000000000
51267  -23.566  -15.219  71.328 0.0000000000
50334  -29.842  -15.434  73.225 0.0000000000
50333  -28.019  -16.040  73.218 0.0000000000
50352  -29.710  -16.234  72.401 0.0000000000
49439  -29.287  -16.792  70.874 0.0000000000
99218  -29.893  -17.912  69.702 0.0000000000
101925  -24.748  -15.430  77.927 0.0000000000
48445  -23.616  -18.188  77.082 0.0000000000
117750  -23.618  -16.936  76.172 0.0000000000
110203  -23.716  -17.626  74.766 0.0000000000
60124  -40.937  -4.522  52.828 0.0000000000
58289  -45.787  -6.678  50.521 0.0000000000
62600  -48.534  -2.316  52.293 0.0000000000
61817  -48.305  -3.372  51.363 0.0000000000
53982  -29.446  -12.496  61.997 0.0000000000
54033  -33.107  -12.744  57.964 0.0000000000
116790  -33.951  -10.785  59.186 0.0000000000
54873  -39.511  -11.390  60.640 0.0000000000
54887  -38.389  -10.757  60.501 0.0000000000
55743  -39.552  -10.335  60.477 0.0000000000
46489  -16.990  -19.382  78.742 0.0000000000
46450  -16.576  -19.332  80.587 0.0000000000
109275  -15.580  -19.249  82.269 0.0000000000
46435  -14.989  -19.062  81.679 0.0000000000
46434  -13.308  -18.899  81.393 0.0000000000
46433  -12.169  -19.319  81.421 0.0000000000
46432  -10.977  -19.679  81.211 0.0000000000
46446  -11.086  -20.125  79.930 0.0000000000
49417  -33.001  -17.504  73.171 0.0000000000
49431  -33.589  -16.726  72.480 0.0000000000
50340  -34.398  -16.002  73.540 0.0000000000
51261  -35.381  -14.134  73.487 0.0000000000
54741  -27.216  -11.254  75.789 0.0000000000
53863  -26.326  -12.083  74.508 0.0000000000
53856  -27.975  -11.749  75.265 0.0000000000
53858  -29.698  -12.505  75.252 0.0000000000
52104  -30.395  -14.110  74.465 0.0000000000
52958  -32.811  -12.941  75.707 0.0000000000
52105  -32.050  -14.078  75.162 0.0000000000
51223  -31.277  -15.076  74.881 0.0000000000
115037  -31.982  -16.195  74.483 0.0000000000
50337  -32.881  -17.122  73.973 0.0000000000
54712  -28.641  -10.802  77.731 0.0000000000
59099  -37.494  -5.850  57.453 0.0000000000
59113  -37.164  -5.620  56.450 0.0000000000
59114  -38.125  -5.239  56.881 0.0000000000
60100  -39.154  -4.393  56.454 0.0000000000
101151  -39.543  -4.329  54.898 0.0000000000
61785  -41.247  -3.058  56.419 0.0000000000
60988  -40.878  -3.550  55.202 0.0000000000
60118  -40.608  -4.191  53.748 0.0000000000
61009  -41.563  -4.094  53.340 0.0000000000
61010  -42.554  -4.212  52.901 0.0000000000
59153  -43.822  -4.862  51.887 0.0000000000
59154  -44.571  -5.127  51.783 0.0000000000
60139  -44.489  -4.486  52.292 0.0000000000
61013  -45.720  -3.715  52.843 0.0000000000
61807  -46.759  -2.868  52.927 0.0000000000
63401  -46.654  -1.208  54.750 0.0000000000
62596  -47.242  -2.159  53.297 0.0000000000
53906  -30.217  -12.241  67.492 0.0000000000
53053  -29.368  -13.396  66.442 0.0000000000
54793  -29.901  -11.584  67.099 0.0000000000
54812  -29.107  -11.591  65.574 0.0000000000
54823  -29.996  -11.202  64.207 0.0000000000
54804  -32.380  -11.179  65.728 0.0000000000
54824  -31.572  -11.217  64.253 0.0000000000
53936  -30.780  -11.346  63.591 0.0000000000
53961  -31.050  -11.562  62.253 0.0000000000
53962  -32.089  -11.489  62.376 0.0000000000
102100  -32.353  -11.674  61.662 0.0000000000
54002  -32.655  -11.797  60.922 0.0000000000
53985  -33.734  -11.770  61.402 0.0000000000
114474  -35.303  -12.401  61.692 0.0000000000
53988  -37.286  -12.078  61.301 0.0000000000
53966  -37.928  -12.609  61.753 0.0000000000
53989  -38.541  -12.313  61.363 0.0000000000
46491  -18.728  -19.307  78.522 0.0000000000
46518  -18.623  -19.586  76.342 0.0000000000
46517  -17.718  -19.452  76.896 0.0000000000
46505  -17.279  -19.390  77.784 0.0000000000
99668  -16.337  -19.485  77.695 0.0000000000
51337  -31.820  -15.123  67.568 0.0000000000
52204  -31.794  -14.303  67.446 0.0000000000
49444  -33.645  -15.935  71.937 0.0000000000
50375  -34.483  -14.977  70.799 0.0000000000
52180  -35.080  -14.493  69.918 0.0000000000
53026  -35.313  -13.864  69.930 0.0000000000
52196  -34.449  -14.282  68.547 0.0000000000
111469  -33.327  -13.176  68.417 0.0000000000
53035  -32.606  -13.017  68.225 0.0000000000
53907  -30.936  -12.639  67.922 0.0000000000
54779  -31.316  -10.940  68.816 0.0000000000
56467  -31.840  -9.846  68.912 0.0000000000
56488  -33.281  -9.851  68.071 0.0000000000
56469  -33.591  -9.107  69.722 0.0000000000
117649  -33.978  -9.275  69.105 0.0000000000
52983  -25.146  -12.885  73.486 0.0000000000
53001  -25.023  -13.614  71.963 0.0000000000
51278  -24.477  -14.878  69.957 0.0000000000
51269  -27.527  -15.498  71.597 0.0000000000
51280  -25.988  -15.126  70.136 0.0000000000
111455  -22.541  -19.607  77.681 0.0000000000
113483  -21.973  -20.115  76.487 0.0000000000
46521  -23.452  -19.047  76.639 0.0000000000
44718  -22.068  -20.274  75.311 0.0000000000
44716  -21.440  -20.627  74.864 0.0000000000
115060  -20.113  -21.947  73.250 0.0000000000
59166  -45.390  -6.015  51.261 0.0000000000
110204  -45.901  -6.046  51.100 0.0000000000
59173  -46.398  -5.888  50.585 0.0000000000
117014  -47.520  -4.200  50.547 0.0000000000
119294  -46.575  -5.188  50.189 0.0000000000
60157  -45.802  -5.433  49.297 0.0000000000
60163  -45.259  -5.006  48.839 0.0000000000
61043  -44.435  -4.574  48.395 0.0000000000
61048  -43.752  -4.541  47.366 0.0000000000
62614  -43.943  -2.412  48.188 0.0000000000
117162  -44.196  -0.693  48.323 0.0000000000
116923  -9.699  -18.803  85.272 0.0000000000
47425  -9.342  -18.723  86.841 0.0000000000
101391  -8.023  -19.988  85.352 0.0000000000
52221  -28.601  -14.710  65.429 0.0000000000
58218  -35.662  -7.251  57.125 0.0000000000
54003  -33.175  -11.725  60.410 0.0000000000
54883  -34.458  -10.862  59.813 0.0000000000
55754  -34.664  -10.255  59.387 0.0000000000
55757  -37.422  -10.186  60.170 0.0000000000
100884  -36.745  -10.225  60.010 0.0000000000
55769  -35.343  -9.647  59.148 0.0000000000
57396  -36.299  -8.378  58.563 0.0000000000
57408  -36.862  -7.852  58.560 0.0000000000
116744  -37.107  -6.493  57.877 0.0000000000
59090  -38.672  -6.221  58.612 0.0000000000
60081  -39.626  -5.341  58.653 0.0000000000
60082  -40.497  -4.776  59.085 0.0000000000
104996  -11.801  -18.456  87.107 0.0000000000
113267  -11.951  -18.451  85.705 0.0000000000
47435  -11.331  -18.535  85.295 0.0000000000
47458  -9.896  -19.099  83.978 0.0000000000
46399  -8.484  -20.501  83.171 0.0000000000
47415  -9.016  -18.727  87.609 0.0000000000
100597  -8.346  -18.780  88.502 0.0000000000
47385  -8.378  -18.270  89.470 0.0000000000
45413  -6.404  -20.360  88.151 0.0000000000
46345  -7.140  -19.163  88.691 0.0000000000
48351  -7.922  -18.027  89.879 0.0000000000
48336  -6.741  -17.761  90.064 0.0000000000
49247  -5.938  -17.771  89.766 0.0000000000
108352  -3.896  -20.225  89.289 0.0000000000
47381  -3.904  -19.605  89.206 0.0000000000
106046  -10.949  -18.424  87.218 0.0000000000
48505  -32.191  -17.579  71.659 0.0000000000
48523  -32.008  -17.107  71.134 0.0000000000
48506  -32.677  -17.654  71.998 0.0000000000
109196  -24.524  -13.040  75.226 0.0000000000
52113  -24.400  -13.622  74.346 0.0000000000
49429  -32.312  -17.899  72.673 0.0000000000
49428  -31.459  -17.845  72.561 0.0000000000
48495  -31.963  -17.933  72.055 0.0000000000
48504  -31.684  -17.494  71.329 0.0000000000
53846  -25.635  -12.078  76.237 0.0000000000
52956  -25.569  -12.460  77.406 0.0000000000
52103  -24.475  -13.776  76.334 0.0000000000
58278  -44.211  -6.885  50.792 0.0000000000
53055  -30.918  -14.070  67.157 0.0000000000
51336  -30.595  -15.408  66.787 0.0000000000
52215  -30.396  -14.571  66.789 0.0000000000
54016  -31.585  -12.951  59.627 0.0000000000
54017  -32.191  -12.710  59.239 0.0000000000
104215  -13.303  -20.066  78.053 0.0000000000
116984  -12.915  -20.033  78.580 0.0000000000
46466  -13.013  -19.677  79.373 0.0000000000
102591  -35.113  -15.154  75.084 0.0000000000
51228  -35.518  -14.878  75.032 0.0000000000
52108  -35.600  -14.167  75.091 0.0000000000
54727  -31.560  -10.570  77.576 0.0000000000
54737  -31.619  -11.177  76.635 0.0000000000
53837  -32.341  -11.015  76.883 0.0000000000
52097  -34.742  -13.838  75.625 0.0000000000
52096  -34.163  -13.987  75.593 0.0000000000
51219  -34.699  -14.699  75.470 0.0000000000
51227  -34.325  -15.402  75.276 0.0000000000
60968  -40.357  -4.254  58.412 0.0000000000
62580  -44.151  -1.798  55.835 0.0000000000
62583  -43.722  -2.225  55.383 0.0000000000
61792  -44.043  -2.481  54.614 0.0000000000
61800  -43.683  -2.908  54.116 0.0000000000
61793  -44.696  -2.384  54.430 0.0000000000
55672  -32.518  -10.282  67.164 0.0000000000
99626  -31.758  -10.241  66.944 0.0000000000
53938  -33.564  -12.705  64.812 0.0000000000
53073  -33.907  -12.813  64.054 0.0000000000
53946  -33.392  -11.898  63.570 0.0000000000
53084  -34.586  -12.868  63.322 0.0000000000
45574  -21.703  -20.104  76.573 0.0000000000
45573  -20.981  -20.159  76.376 0.0000000000
65082  -44.485  0.324  47.246 0.0000000000
49240  -8.813  -17.064  91.036 0.0000000000
49230  -8.539  -16.638  91.393 0.0000000000
114687  -33.754  -15.822  68.656 0.0000000000
50418  -33.812  -15.466  68.015 0.0000000000
51309  -34.324  -14.919  68.094 0.0000000000
52152  -34.912  -13.797  72.048 0.0000000000
53004  -35.661  -12.643  72.584 0.0000000000
55640  -33.747  -10.385  71.732 0.0000000000
54773  -33.978  -11.405  70.896 0.0000000000
54763  -33.602  -10.762  71.318 0.0000000000
54772  -33.059  -10.964  70.719 0.0000000000
55645  -32.675  -10.291  70.678 0.0000000000
44743  -22.039  -21.537  73.153 0.0000000000
52128  -28.518  -14.873  73.411 0.0000000000
45620  -22.634  -20.583  73.721 0.0000000000
45602  -22.352  -20.886  73.788 0.0000000000
59180  -45.651  -6.591  49.268 0.0000000000
61020  -46.859  -3.980  52.216 0.0000000000
60142  -46.582  -4.573  52.101 0.0000000000
63422  -47.646  -1.976  49.936 0.0000000000
62608  -46.715  -2.714  49.602 0.0000000000
62607  -45.978  -2.766  49.454 0.0000000000
103899  -46.201  -2.347  49.467 0.0000000000
63420  -45.852  -1.737  49.465 0.0000000000
64227  -46.231  -1.150  49.875 0.0000000000
53942  -28.294  -12.714  64.042 0.0000000000
53082  -28.422  -13.276  63.326 0.0000000000
54897  -33.444  -11.158  58.461 0.0000000000
54905  -33.729  -10.860  57.431 0.0000000000
55775  -34.044  -9.974  57.539 0.0000000000
106415  -36.839  -11.724  60.917 0.0000000000
54020  -36.706  -11.344  60.669 0.0000000000
57388  -40.058  -8.311  60.168 0.0000000000
57387  -39.498  -7.768  59.722 0.0000000000
58203  -40.970  -6.803  59.950 0.0000000000
47473  -13.348  -18.463  83.021 0.0000000000
47472  -12.345  -18.698  82.995 0.0000000000
47460  -11.826  -18.689  83.695 0.0000000000
109639  -10.780  -19.503  82.128 0.0000000000
46354  -6.981  -20.078  87.376 0.0000000000
54795  -34.516  -11.301  67.046 0.0000000000
45599  -18.983  -21.038  73.755 0.0000000000
47397  -10.517  -17.866  89.006 0.0000000000
47388  -11.032  -17.641  89.596 0.0000000000
47387  -10.097  -17.828  89.696 0.0000000000
48539  -31.725  -17.851  69.132 0.0000000000
48525  -32.720  -16.660  71.274 0.0000000000
48542  -32.685  -16.641  70.357 0.0000000000
49469  -33.126  -16.375  70.020 0.0000000000
49470  -33.590  -15.861  70.488 0.0000000000
113129  -23.389  -18.452  73.904 0.0000000000
47565  -23.218  -18.852  73.525 0.0000000000
49413  -23.589  -17.059  73.671 0.0000000000
51257  -23.812  -14.859  72.727 0.0000000000
50350  -23.766  -15.850  72.927 0.0000000000
51256  -23.522  -15.396  72.137 0.0000000000
50361  -23.389  -16.136  71.604 0.0000000000
52138  -23.743  -14.638  71.939 0.0000000000
116921  -30.315  -16.015  73.098 0.0000000000
110406  -29.900  -15.896  72.804 0.0000000000
48519  -28.884  -17.084  70.184 0.0000000000
48520  -29.412  -17.466  70.205 0.0000000000
118448  -29.961  -17.501  70.494 0.0000000000
48538  -30.671  -18.255  69.101 0.0000000000
52086  -25.227  -13.449  77.880 0.0000000000
52940  -26.296  -12.628  79.061 0.0000000000
51213  -25.047  -14.499  78.139 0.0000000000
50302  -24.309  -15.665  77.067 0.0000000000
50318  -24.147  -15.761  75.246 0.0000000000
49404  -23.819  -16.748  75.197 0.0000000000
47555  -23.281  -18.970  74.129 0.0000000000
60137  -41.205  -4.935  52.129 0.0000000000
114340  -29.647  -12.713  61.525 0.0000000000
112385  -32.603  -12.452  58.723 0.0000000000
54882  -32.907  -11.790  58.605 0.0000000000
119001  -39.787  -10.933  60.498 0.0000000000
57389  -40.937  -8.575  60.283 0.0000000000
46469  -16.746  -19.360  79.688 0.0000000000
46468  -15.885  -19.441  79.845 0.0000000000
46449  -15.778  -19.362  80.745 0.0000000000
46436  -15.671  -19.291  81.552 0.0000000000
108791  -12.466  -19.436  80.767 0.0000000000
116505  -11.648  -19.717  80.623 0.0000000000
118150  -11.005  -19.925  80.507 0.0000000000
50338  -33.754  -17.074  73.628 0.0000000000
118773  -34.120  -16.988  73.255 0.0000000000
50339  -34.319  -16.666  73.686 0.0000000000
51242  -35.497  -14.264  74.488 0.0000000000
110140  -35.026  -14.791  73.887 0.0000000000
54735  -28.392  -10.649  76.813 0.0000000000
54742  -28.341  -11.012  75.887 0.0000000000
53859  -30.710  -12.666  75.381 0.0000000000
52970  -29.587  -13.620  74.593 0.0000000000
52971  -30.540  -13.413  74.831 0.0000000000
53839  -33.617  -11.697  76.503 0.0000000000
51217  -32.958  -14.803  75.702 0.0000000000
52094  -32.703  -13.897  75.532 0.0000000000
52106  -32.366  -14.784  75.485 0.0000000000
100824  -31.792  -14.717  75.082 0.0000000000
51224  -31.971  -15.241  75.130 0.0000000000
50320  -31.603  -15.602  74.687 0.0000000000
50307  -32.276  -15.855  74.943 0.0000000000
50322  -33.537  -16.626  74.372 0.0000000000
50321  -32.629  -16.504  74.520 0.0000000000
54725  -29.601  -10.608  77.415 0.0000000000
55603  -28.960  -10.537  77.083 0.0000000000
107253  -27.664  -10.876  76.506 0.0000000000
59100  -38.395  -5.645  57.831 0.0000000000
60086  -38.882  -4.908  57.282 0.0000000000
60101  -39.534  -4.158  56.576 0.0000000000
60109  -39.584  -4.154  55.686 0.0000000000
60987  -40.070  -3.858  55.847 0.0000000000
62572  -42.253  -2.207  57.499 0.0000000000
61780  -41.750  -2.585  56.872 0.0000000000
61790  -42.435  -2.888  55.255 0.0000000000
61789  -41.528  -3.177  55.612 0.0000000000
60999  -41.195  -3.695  54.236 0.0000000000
119726  -42.336  -3.541  53.737 0.0000000000
61011  -43.316  -3.781  53.107 0.0000000000
60126  -43.448  -4.354  52.490 0.0000000000
113150  -43.978  -4.405  52.289 0.0000000000
61003  -45.362  -3.230  53.293 0.0000000000
61012  -45.113  -3.768  52.861 0.0000000000
61806  -46.010  -3.138  53.215 0.0000000000
54794  -30.385  -11.291  67.663 0.0000000000
55680  -29.667  -11.007  66.108 0.0000000000
55689  -30.091  -10.717  65.729 0.0000000000
54813  -29.633  -11.051  65.188 0.0000000000
54814  -30.585  -10.932  64.922 0.0000000000
53937  -32.663  -11.614  64.130 0.0000000000
54825  -32.472  -11.661  64.914 0.0000000000
53944  -30.976  -11.472  62.987 0.0000000000
99896  -31.993  -11.353  63.011 0.0000000000
112391  -33.129  -11.711  61.841 0.0000000000
53964  -33.830  -12.041  62.288 0.0000000000
53102  -35.257  -12.713  62.201 0.0000000000
53987  -36.522  -12.119  61.345 0.0000000000
54009  -39.136  -11.931  61.113 0.0000000000
45556  -20.401  -19.652  77.735 0.0000000000
45538  -20.227  -19.528  78.619 0.0000000000
46541  -18.463  -20.563  74.210 0.0000000000
46519  -19.491  -19.798  75.696 0.0000000000
46531  -18.346  -19.877  75.034 0.0000000000
106813  -17.564  -19.691  75.781 0.0000000000
114560  -18.100  -19.336  77.920 0.0000000000
101759  -15.775  -19.658  76.736 0.0000000000
50169  -7.040  -16.449  90.813 0.0000000000
114581  -31.989  -18.600  67.557 0.0000000000
49492  -32.046  -17.527  67.259 0.0000000000
118239  -32.341  -15.307  67.807 0.0000000000
53045  -32.353  -13.661  67.711 0.0000000000
49432  -33.793  -16.091  72.548 0.0000000000
50365  -34.169  -15.503  72.195 0.0000000000
51282  -34.692  -14.368  70.871 0.0000000000
50376  -34.592  -14.672  71.120 0.0000000000
51281  -34.809  -14.546  70.539 0.0000000000
51295  -34.566  -14.835  70.043 0.0000000000
53013  -35.035  -13.051  70.103 0.0000000000
53025  -34.670  -13.362  69.425 0.0000000000
52179  -35.029  -14.161  69.181 0.0000000000
53036  -34.002  -13.697  68.307 0.0000000000
53024  -33.806  -12.970  68.982 0.0000000000
53893  -32.342  -11.924  69.285 0.0000000000
53023  -32.839  -12.586  68.877 0.0000000000
53900  -32.010  -12.353  68.707 0.0000000000
53034  -31.714  -12.835  68.129 0.0000000000
53899  -31.287  -12.036  68.425 0.0000000000
56468  -32.205  -9.659  69.461 0.0000000000
55649  -31.792  -10.274  69.368 0.0000000000
56479  -32.451  -9.604  68.708 0.0000000000
57301  -34.348  -8.776  70.749 0.0000000000
114961  -33.901  -8.926  70.445 0.0000000000
57310  -34.405  -8.970  70.164 0.0000000000
56489  -33.982  -9.801  68.154 0.0000000000
46603  -22.672  -20.441  71.903 0.0000000000
45628  -22.464  -21.293  72.202 0.0000000000
53864  -27.173  -12.475  74.344 0.0000000000
53862  -25.642  -12.450  73.986 0.0000000000
52984  -26.533  -12.689  73.814 0.0000000000
52140  -26.379  -14.132  72.129 0.0000000000
52993  -25.648  -13.588  72.413 0.0000000000
52151  -25.643  -13.990  71.670 0.0000000000
52162  -24.357  -14.404  70.756 0.0000000000
52163  -25.120  -14.518  70.341 0.0000000000
99412  -28.227  -15.734  72.079 0.0000000000
51259  -27.665  -15.628  72.741 0.0000000000
45561  -23.031  -19.421  77.649 0.0000000000
45575  -22.165  -19.870  77.016 0.0000000000
106921  -22.619  -19.620  77.295 0.0000000000
48461  -23.587  -18.218  76.242 0.0000000000
101201  -23.590  -18.670  76.655 0.0000000000
45586  -22.461  -19.906  75.515 0.0000000000
44717  -21.777  -20.548  74.898 0.0000000000
44715  -21.052  -21.108  74.179 0.0000000000
44731  -21.462  -21.173  74.003 0.0000000000
115221  -44.948  -4.801  52.163 0.0000000000
59155  -45.138  -5.313  51.777 0.0000000000
61026  -47.773  -3.999  51.226 0.0000000000
61037  -46.517  -4.083  49.713 0.0000000000
60159  -46.856  -4.500  50.096 0.0000000000
60158  -46.367  -4.878  49.710 0.0000000000
113709  -44.797  -3.542  48.799 0.0000000000
105172  -43.973  -3.717  48.151 0.0000000000
61840  -43.648  -3.021  47.852 0.0000000000
64225  -44.573  -0.583  49.044 0.0000000000
64230  -44.365  -1.370  48.708 0.0000000000
65079  -44.421  0.039  48.151 0.0000000000
65080  -44.860  0.443  48.831 0.0000000000
47444  -9.399  -19.182  84.612 0.0000000000
47433  -8.820  -19.246  85.497 0.0000000000
46386  -8.563  -19.799  84.597 0.0000000000
110977  -29.279  -12.650  66.527 0.0000000000
53063  -28.847  -13.848  65.845 0.0000000000
56568  -34.491  -9.245  57.591 0.0000000000
56569  -34.721  -8.722  56.921 0.0000000000
57406  -35.202  -8.091  57.331 0.0000000000
54004  -34.217  -11.533  60.755 0.0000000000
54871  -34.793  -11.217  60.379 0.0000000000
54884  -35.360  -10.732  60.164 0.0000000000
55755  -35.841  -10.233  59.829 0.0000000000
54886  -37.708  -10.675  60.423 0.0000000000
55758  -38.082  -10.183  60.320 0.0000000000
56553  -37.815  -9.001  59.616 0.0000000000
55756  -36.263  -9.793  59.516 0.0000000000
56561  -36.102  -9.108  58.928 0.0000000000
58210  -37.428  -7.161  58.459 0.0000000000
58219  -36.516  -7.094  57.877 0.0000000000
58220  -37.911  -6.396  58.238 0.0000000000
59092  -39.940  -5.836  59.274 0.0000000000
99638  -40.186  -5.331  59.166 0.0000000000
100404  -12.117  -18.495  84.991 0.0000000000
47445  -10.443  -18.758  84.677 0.0000000000
100061  -9.314  -20.018  82.720 0.0000000000
46414  -8.537  -20.845  82.298 0.0000000000
47432  -8.808  -19.067  86.367 0.0000000000
47424  -8.536  -19.188  87.007 0.0000000000
46355  -7.479  -19.490  87.782 0.0000000000
47404  -8.287  -19.004  88.057 0.0000000000
47395  -8.790  -18.412  89.007 0.0000000000
47394  -7.979  -18.760  88.869 0.0000000000
45412  -5.986  -21.148  88.062 0.0000000000
47393  -6.713  -19.102  89.067 0.0000000000
47384  -7.538  -18.604  89.265 0.0000000000
48350  -7.114  -18.416  89.587 0.0000000000
48337  -7.474  -17.751  90.211 0.0000000000
115430  -6.770  -18.264  89.739 0.0000000000
50167  -5.751  -16.946  89.880 0.0000000000
46343  -3.419  -20.354  89.121 0.0000000000
47406  -10.097  -18.187  88.462 0.0000000000
48540  -31.937  -17.405  69.847 0.0000000000
50317  -24.060  -16.075  74.413 0.0000000000
50332  -23.843  -16.379  73.683 0.0000000000
52125  -24.220  -14.334  73.489 0.0000000000
52982  -24.656  -13.450  73.312 0.0000000000
49415  -30.991  -17.402  73.060 0.0000000000
49414  -30.288  -16.863  72.828 0.0000000000
49427  -30.699  -17.512  72.401 0.0000000000
49441  -30.429  -17.477  71.790 0.0000000000
48503  -30.447  -17.364  71.050 0.0000000000
102485  -31.102  -17.391  70.617 0.0000000000
53835  -26.994  -11.488  77.961 0.0000000000
53834  -26.222  -11.897  77.697 0.0000000000
52092  -24.734  -14.126  77.367 0.0000000000
51215  -24.474  -14.813  76.785 0.0000000000
118782  -24.336  -14.699  76.049 0.0000000000
115094  -24.290  -15.084  75.441 0.0000000000
58279  -44.965  -6.811  50.793 0.0000000000
102694  -31.241  -15.733  67.167 0.0000000000
54000  -30.583  -12.578  60.638 0.0000000000
101258  -14.784  -19.619  77.985 0.0000000000
99669  -15.066  -19.580  79.090 0.0000000000
116879  -14.463  -19.605  79.329 0.0000000000
100434  -14.128  -19.366  79.990 0.0000000000
106356  -14.200  -18.918  80.997 0.0000000000
46464  -11.339  -20.531  79.163 0.0000000000
50323  -34.274  -16.378  74.308 0.0000000000
50324  -34.748  -16.038  74.205 0.0000000000
51240  -35.104  -15.368  74.703 0.0000000000
51230  -35.945  -13.692  74.952 0.0000000000
99635  -30.166  -10.886  76.660 0.0000000000
54736  -30.903  -11.284  76.432 0.0000000000
53849  -31.503  -12.182  75.856 0.0000000000
52959  -33.718  -13.279  75.765 0.0000000000
51226  -33.447  -15.448  75.409 0.0000000000
50309  -33.956  -16.119  74.985 0.0000000000
60087  -39.385  -4.887  57.839 0.0000000000
60973  -40.085  -4.026  57.670 0.0000000000
61784  -40.518  -3.447  57.023 0.0000000000
62578  -42.623  -2.246  56.567 0.0000000000
61787  -42.943  -2.439  55.724 0.0000000000
61799  -42.822  -3.067  54.404 0.0000000000
61001  -44.137  -3.403  53.271 0.0000000000
117810  -44.724  -3.574  53.042 0.0000000000
61802  -45.017  -2.750  53.804 0.0000000000
55671  -31.192  -10.246  67.710 0.0000000000
55670  -30.531  -10.673  67.326 0.0000000000
55682  -30.939  -10.325  66.762 0.0000000000
98899  -33.987  -12.735  65.507 0.0000000000
53945  -32.806  -11.558  63.609 0.0000000000
100123  -35.866  -12.989  62.644 0.0000000000
114505  -21.892  -19.690  78.104 0.0000000000
45557  -21.202  -19.840  77.351 0.0000000000
46507  -19.704  -19.679  76.968 0.0000000000
46530  -17.249  -20.124  74.975 0.0000000000
110624  -15.757  -20.042  75.896 0.0000000000
64232  -43.677  -0.940  47.188 0.0000000000
63433  -43.397  -1.652  45.945 0.0000000000
64235  -43.626  -0.887  46.277 0.0000000000
64238  -44.282  -0.290  45.705 0.0000000000
102868  -44.259  -0.710  44.902 0.0000000000
49229  -7.912  -16.653  91.074 0.0000000000
115976  -32.510  -17.227  68.652 0.0000000000
119469  -32.360  -17.315  68.123 0.0000000000
50417  -32.735  -15.870  68.136 0.0000000000
51324  -32.960  -15.187  68.045 0.0000000000
51260  -34.939  -14.421  72.387 0.0000000000
50366  -34.598  -14.897  71.805 0.0000000000
52166  -34.772  -13.996  71.274 0.0000000000
53877  -34.868  -11.823  71.144 0.0000000000
53884  -32.758  -11.455  69.880 0.0000000000
54780  -31.981  -11.047  69.500 0.0000000000
55650  -32.234  -10.035  70.147 0.0000000000
104295  -32.687  -9.420  70.075 0.0000000000
56471  -35.152  -9.259  69.894 0.0000000000
48502  -22.925  -18.635  71.638 0.0000000000
52978  -28.630  -13.407  74.440 0.0000000000
116646  -27.433  -13.286  73.847 0.0000000000
52115  -28.234  -13.967  73.994 0.0000000000
101101  -27.734  -14.349  73.466 0.0000000000
52141  -27.122  -14.546  72.798 0.0000000000
50374  -27.806  -16.323  70.096 0.0000000000
46508  -23.611  -19.079  77.571 0.0000000000
47539  -23.402  -18.794  75.005 0.0000000000
47526  -23.198  -19.150  75.575 0.0000000000
45603  -22.508  -20.257  74.446 0.0000000000
44733  -22.215  -20.471  74.557 0.0000000000
44732  -21.863  -21.114  73.894 0.0000000000
60129  -45.526  -4.276  52.534 0.0000000000
60141  -45.946  -4.724  52.235 0.0000000000
60148  -46.347  -5.041  51.881 0.0000000000
60149  -46.893  -4.904  51.548 0.0000000000
61821  -47.680  -3.529  50.191 0.0000000000
105852  -47.251  -3.221  49.803 0.0000000000
105572  -46.094  -3.691  49.533 0.0000000000
61827  -45.601  -3.224  49.292 0.0000000000
62611  -45.359  -2.662  49.104 0.0000000000
62610  -44.695  -2.527  48.692 0.0000000000
63419  -44.999  -1.549  49.207 0.0000000000
46385  -7.869  -20.538  84.516 0.0000000000
53925  -28.680  -12.340  65.460 0.0000000000
112514  -28.395  -13.181  65.300 0.0000000000
53072  -28.142  -13.506  64.407 0.0000000000
52228  -28.153  -14.332  63.699 0.0000000000
54005  -35.286  -11.676  60.849 0.0000000000
55760  -39.345  -9.604  60.359 0.0000000000
100160  -38.527  -9.438  60.126 0.0000000000
56562  -37.022  -8.668  59.121 0.0000000000
58211  -39.060  -6.852  59.288 0.0000000000
59081  -40.545  -6.042  59.619 0.0000000000
46419  -13.860  -18.498  82.304 0.0000000000
47462  -13.766  -18.567  83.681 0.0000000000
47459  -10.760  -18.978  83.684 0.0000000000
46416  -10.357  -19.481  82.821 0.0000000000
46362  -7.784  -19.611  87.130 0.0000000000
115015  -6.709  -19.972  87.804 0.0000000000
45409  -4.753  -21.293  88.912 0.0000000000
45410  -5.400  -20.369  88.902 0.0000000000
47383  -5.539  -19.325  89.349 0.0000000000
119163  -5.096  -19.031  89.457 0.0000000000
113638  -4.417  -19.052  89.332 0.0000000000
54728  -32.867  -10.951  77.231 0.0000000000
101282  -41.810  -3.074  59.225 0.0000000000
61777  -41.937  -2.518  58.459 0.0000000000
62569  -42.710  -1.873  58.256 0.0000000000
62581  -44.721  -1.715  55.563 0.0000000000
62585  -45.020  -1.904  54.972 0.0000000000
55685  -33.900  -10.782  67.200 0.0000000000
55684  -33.196  -10.754  66.864 0.0000000000
54806  -33.815  -11.372  66.771 0.0000000000
54815  -33.805  -12.133  66.259 0.0000000000
118581  -34.717  -13.027  65.438 0.0000000000
53085  -35.488  -13.101  63.392 0.0000000000
45583  -20.378  -20.616  74.678 0.0000000000
103053  -20.178  -20.155  75.282 0.0000000000
48340  -10.058  -17.432  90.819 0.0000000000
48541  -32.160  -17.335  69.599 0.0000000000
50404  -34.132  -15.315  69.387 0.0000000000
56453  -33.419  -9.516  71.299 0.0000000000
115404  -23.013  -19.818  73.498 0.0000000000
46584  -22.751  -20.558  72.975 0.0000000000
117965  -22.908  -19.977  73.200 0.0000000000
47564  -23.054  -18.970  72.710 0.0000000000
48492  -23.054  -18.006  72.464 0.0000000000
49437  -23.042  -17.729  71.479 0.0000000000
103451  -23.293  -16.938  71.078 0.0000000000
50373  -23.477  -15.982  70.499 0.0000000000
51237  -30.052  -15.108  73.739 0.0000000000
51250  -28.553  -15.335  73.105 0.0000000000
113534  -29.287  -15.116  73.153 0.0000000000
99441  -29.176  -15.499  72.779 0.0000000000
50351  -28.991  -15.813  72.257 0.0000000000
49425  -29.549  -16.552  71.742 0.0000000000
50364  -28.865  -16.157  71.432 0.0000000000
49438  -28.586  -16.519  70.570 0.0000000000
48446  -23.901  -17.352  77.686 0.0000000000
101516  -24.403  -16.296  77.760 0.0000000000
49371  -23.737  -16.629  76.970 0.0000000000
49393  -23.653  -17.605  75.685 0.0000000000
50306  -24.014  -16.191  76.111 0.0000000000
48478  -23.636  -18.255  75.329 0.0000000000
48477  -23.546  -18.316  74.499 0.0000000000
114047  -23.010  -19.546  73.980 0.0000000000
60123  -40.076  -4.666  53.072 0.0000000000
61808  -47.677  -2.640  52.632 0.0000000000
61021  -47.654  -3.746  51.819 0.0000000000
61814  -48.073  -3.034  51.972 0.0000000000
61815  -48.756  -2.658  51.639 0.0000000000
64220  -46.634  -0.516  50.418 0.0000000000
53959  -29.131  -12.359  62.727 0.0000000000
53100  -28.894  -13.351  62.391 0.0000000000
54023  -38.740  -11.280  60.699 0.0000000000
54022  -37.982  -11.184  60.597 0.0000000000
54888  -39.113  -10.825  60.558 0.0000000000
56555  -40.033  -9.087  60.322 0.0000000000
46420  -14.861  -18.854  82.489 0.0000000000
110612  -14.284  -18.684  81.746 0.0000000000
46445  -10.332  -20.373  80.309 0.0000000000
103534  -3.665  -21.509  89.459 0.0000000000
49430  -32.982  -17.766  72.405 0.0000000000
49442  -33.138  -17.301  72.280 0.0000000000
49418  -33.620  -17.255  72.871 0.0000000000
49419  -33.993  -16.558  73.026 0.0000000000
50353  -34.134  -15.744  72.850 0.0000000000
50325  -34.815  -15.437  74.162 0.0000000000
50341  -34.597  -15.305  73.298 0.0000000000
51251  -34.921  -14.773  73.058 0.0000000000
52110  -36.396  -13.166  75.157 0.0000000000
54734  -26.452  -11.482  76.148 0.0000000000
53854  -25.385  -12.235  75.038 0.0000000000
53855  -26.357  -11.704  75.342 0.0000000000
105739  -27.096  -11.841  74.971 0.0000000000
115470  -27.910  -12.531  74.734 0.0000000000
54743  -29.275  -11.439  75.711 0.0000000000
52969  -28.752  -12.684  74.958 0.0000000000
52117  -29.904  -14.479  74.044 0.0000000000
53850  -32.373  -12.570  75.808 0.0000000000
118970  -31.976  -12.887  75.565 0.0000000000
103890  -33.174  -13.356  75.683 0.0000000000
52093  -32.274  -13.326  75.485 0.0000000000
111194  -31.240  -14.219  74.717 0.0000000000
52118  -30.652  -14.749  74.341 0.0000000000
51238  -30.941  -15.314  74.220 0.0000000000
50319  -30.555  -15.681  73.595 0.0000000000
102271  -31.354  -16.134  73.983 0.0000000000
116273  -31.461  -17.092  73.591 0.0000000000
49416  -32.231  -17.449  73.512 0.0000000000
114500  -28.628  -11.239  78.607 0.0000000000
54724  -27.688  -10.928  77.354 0.0000000000
53847  -26.819  -11.167  76.873 0.0000000000
59123  -36.355  -6.253  55.908 0.0000000000
118409  -39.267  -4.527  57.157 0.0000000000
60099  -38.624  -4.682  56.239 0.0000000000
60107  -38.404  -4.789  55.155 0.0000000000
120032  -41.070  -3.047  57.203 0.0000000000
60981  -40.659  -3.490  56.102 0.0000000000
60998  -40.204  -3.989  54.821 0.0000000000
60117  -39.766  -4.421  54.043 0.0000000000
60125  -41.796  -4.571  52.520 0.0000000000
102362  -42.731  -4.890  52.033 0.0000000000
60147  -43.189  -5.711  51.396 0.0000000000
59164  -44.046  -5.767  51.321 0.0000000000
60128  -45.027  -4.372  52.481 0.0000000000
114425  -44.626  -3.923  52.716 0.0000000000
61014  -46.414  -3.570  52.701 0.0000000000
62593  -46.080  -1.998  54.236 0.0000000000
61804  -46.387  -2.436  53.573 0.0000000000
62597  -48.141  -1.926  53.005 0.0000000000
53054  -30.090  -13.774  66.857 0.0000000000
53917  -29.817  -12.892  66.959 0.0000000000
53905  -29.568  -12.119  66.828 0.0000000000
53916  -29.051  -12.127  66.182 0.0000000000
55669  -29.948  -11.036  66.904 0.0000000000
54803  -29.504  -11.519  66.479 0.0000000000
54821  -28.643  -11.955  64.957 0.0000000000
54822  -29.112  -11.512  64.649 0.0000000000
54832  -29.394  -11.638  63.821 0.0000000000
55683  -32.463  -10.666  66.491 0.0000000000
101103  -31.546  -10.949  65.260 0.0000000000
119762  -30.724  -11.147  64.171 0.0000000000
118103  -30.067  -11.467  63.612 0.0000000000
108215  -29.886  -11.666  63.170 0.0000000000
53960  -30.050  -11.778  62.431 0.0000000000
53984  -31.288  -11.801  61.283 0.0000000000
103966  -31.919  -11.956  60.802 0.0000000000
53118  -34.574  -12.294  61.888 0.0000000000
101786  -35.707  -12.084  61.301 0.0000000000
53103  -36.699  -12.948  62.493 0.0000000000
53104  -37.511  -13.014  62.382 0.0000000000
53965  -37.008  -12.597  61.844 0.0000000000
104862  -37.917  -12.018  61.224 0.0000000000
54008  -38.299  -11.659  60.920 0.0000000000
45572  -20.360  -20.011  76.121 0.0000000000
46506  -18.757  -19.432  77.511 0.0000000000
46504  -15.361  -19.592  77.367 0.0000000000
65088  -45.053  0.268  45.580 0.0000000000
99650  -31.829  -15.935  67.454 0.0000000000
50432  -31.387  -16.573  66.913 0.0000000000
49443  -33.165  -16.698  71.943 0.0000000000
103142  -34.310  -15.218  71.512 0.0000000000
49453  -33.929  -15.560  71.087 0.0000000000
50393  -34.035  -15.317  70.300 0.0000000000
51310  -34.552  -14.785  69.104 0.0000000000
53015  -34.934  -13.679  71.137 0.0000000000
53014  -35.124  -13.522  70.688 0.0000000000
52206  -34.113  -14.329  67.928 0.0000000000
53046  -33.412  -13.855  67.800 0.0000000000
53044  -31.342  -13.473  67.666 0.0000000000
53898  -30.771  -11.896  67.981 0.0000000000
55659  -31.463  -10.363  68.575 0.0000000000
56478  -31.776  -9.949  68.279 0.0000000000
56487  -32.493  -9.941  67.865 0.0000000000
56459  -33.311  -9.184  70.591 0.0000000000
56470  -34.463  -9.298  69.414 0.0000000000
56480  -33.470  -9.402  68.798 0.0000000000
101207  -33.973  -10.228  67.655 0.0000000000
52126  -25.874  -13.057  73.179 0.0000000000
52992  -25.129  -13.274  72.772 0.0000000000
52991  -24.660  -13.634  72.416 0.0000000000
52161  -23.848  -14.629  71.266 0.0000000000
51277  -23.794  -15.008  70.516 0.0000000000
104866  -23.630  -16.263  69.565 0.0000000000
51258  -26.961  -14.857  71.908 0.0000000000
50362  -27.031  -15.802  70.461 0.0000000000
51268  -26.716  -14.926  71.000 0.0000000000
52164  -25.811  -14.456  70.947 0.0000000000
51279  -25.164  -15.031  69.738 0.0000000000
51291  -23.981  -15.530  69.677 0.0000000000
45559  -22.239  -19.722  77.681 0.0000000000
45585  -21.388  -20.409  75.639 0.0000000000
47518  -23.728  -18.776  77.284 0.0000000000
45587  -23.008  -19.375  76.079 0.0000000000
45576  -22.755  -19.575  76.732 0.0000000000
44702  -22.077  -20.196  75.970 0.0000000000
44701  -21.765  -20.356  75.765 0.0000000000
45584  -20.971  -20.702  74.796 0.0000000000
45601  -20.440  -21.288  73.924 0.0000000000
44741  -20.742  -21.895  73.255 0.0000000000
58297  -45.972  -6.466  50.018 0.0000000000
116449  -47.377  -4.584  51.210 0.0000000000
60153  -46.977  -5.049  50.800 0.0000000000
59181  -46.163  -5.721  49.850 0.0000000000
102368  -45.198  -6.003  48.618 0.0000000000
118163  -44.676  -5.514  48.238 0.0000000000
61839  -43.188  -3.090  47.014 0.0000000000
62613  -43.405  -2.345  47.423 0.0000000000
63429  -44.212  -1.915  48.416 0.0000000000
63428  -43.677  -1.717  47.738 0.0000000000
64233  -44.057  -0.396  47.588 0.0000000000
65083  -44.875  0.834  47.887 0.0000000000
47434  -10.454  -18.540  85.681 0.0000000000
103326  -9.522  -18.699  86.035 0.0000000000
116607  -7.605  -20.292  85.944 0.0000000000
52214  -29.699  -14.196  66.318 0.0000000000
52222  -29.175  -14.677  66.016 0.0000000000
52237  -28.524  -14.291  62.822 0.0000000000
54019  -33.653  -11.363  59.667 0.0000000000
115796  -37.142  -10.589  60.333 0.0000000000
56560  -34.992  -9.038  58.372 0.0000000000
57395  -35.504  -8.469  58.133 0.0000000000
57407  -35.936  -7.790  57.964 0.0000000000
60969  -40.831  -4.071  58.961 0.0000000000
100601  -12.236  -18.437  86.281 0.0000000000
100990  -11.317  -18.418  86.296 0.0000000000
46400  -9.117  -19.749  83.766 0.0000000000
118366  -10.363  -19.832  81.614 0.0000000000
46431  -9.848  -20.247  81.119 0.0000000000
110783  -9.977  -18.423  87.356 0.0000000000
117909  -9.753  -18.399  87.980 0.0000000000
47405  -9.111  -18.486  88.402 0.0000000000
47386  -9.224  -18.038  89.635 0.0000000000
48352  -8.793  -17.851  90.114 0.0000000000
46347  -6.868  -19.579  88.172 0.0000000000
46344  -6.309  -19.831  88.593 0.0000000000
48338  -8.358  -17.526  90.494 0.0000000000
110283  -7.369  -17.206  90.625 0.0000000000
49237  -6.648  -17.074  90.467 0.0000000000
46338  -3.579  -21.021  89.350 0.0000000000
44703  -22.318  -19.903  76.354 0.0000000000
47436  -12.630  -18.476  85.487 0.0000000000
48486  -23.542  -17.758  73.968 0.0000000000
48493  -23.230  -18.261  73.333 0.0000000000
50336  -32.070  -16.867  74.120 0.0000000000
50349  -23.533  -16.266  72.389 0.0000000000
52114  -24.262  -14.175  75.364 0.0000000000
52149  -24.309  -14.036  71.696 0.0000000000
52150  -25.004  -14.023  71.165 0.0000000000
52946  -26.435  -12.094  78.443 0.0000000000
53037  -34.469  -13.724  68.842 0.0000000000
53836  -27.907  -11.379  78.320 0.0000000000
53857  -28.802  -11.817  75.333 0.0000000000
53935  -28.641  -12.079  64.281 0.0000000000
54785  -30.956  -11.351  68.296 0.0000000000
61834  -45.052  -2.959  48.882 0.0000000000
104876  -23.534  -17.499  76.681 0.0000000000
105287  -23.596  -16.714  73.040 0.0000000000
108553  -23.058  -19.326  74.639 0.0000000000
111807  -46.700  -3.545  49.726 0.0000000000
112078  -43.933  -1.169  48.025 0.0000000000
115146  -31.281  -11.465  68.621 0.0000000000
116881  -26.354  -13.700  72.722 0.0000000000
117091  -28.354  -13.974  65.140 0.0000000000
118869  -17.076  -19.560  76.149 0.0000000000
