#!ascii label  , from subject sub-01 vox2ras=TkReg
881
45665  -33.842  -21.954  69.620 0.0000000000
43053  -19.318  -25.050  74.863 0.0000000000
45643  -25.786  -21.850  70.893 0.0000000000
59164  -44.046  -5.767  51.321 0.0000000000
60174  -44.154  -5.400  46.723 0.0000000000
46486  -12.624  -20.517  78.039 0.0000000000
60122  -39.261  -4.970  53.290 0.0000000000
110540  -36.997  -20.766  68.014 0.0000000000
44789  -28.923  -22.128  69.793 0.0000000000
44714  -16.024  -22.297  75.341 0.0000000000
42986  -14.757  -25.360  79.868 0.0000000000
46664  -30.892  -20.385  67.486 0.0000000000
47644  -32.130  -20.237  65.816 0.0000000000
43111  -23.280  -25.044  71.984 0.0000000000
48555  -27.532  -18.396  67.900 0.0000000000
54052  -35.768  -13.040  56.069 0.0000000000
55819  -38.939  -10.284  54.541 0.0000000000
56634  -41.925  -10.039  52.310 0.0000000000
44643  -7.705  -22.709  82.451 0.0000000000
45415  -6.050  -21.991  86.809 0.0000000000
48606  -30.949  -18.582  63.644 0.0000000000
50531  -32.267  -16.787  61.087 0.0000000000
106398  -33.944  -16.077  58.132 0.0000000000
42983  -10.901  -24.105  80.454 0.0000000000
98932  -19.210  -25.405  77.026 0.0000000000
110548  -21.047  -25.701  75.954 0.0000000000
44779  -31.316  -22.690  70.229 0.0000000000
44740  -18.969  -22.624  73.083 0.0000000000
43937  -17.614  -23.571  74.378 0.0000000000
103063  -16.718  -24.650  77.326 0.0000000000
112606  -31.425  -18.416  68.932 0.0000000000
48557  -29.151  -18.944  68.134 0.0000000000
105883  -35.134  -9.607  55.703 0.0000000000
54929  -36.860  -11.672  55.429 0.0000000000
57442  -36.486  -8.305  54.590 0.0000000000
58273  -39.898  -6.971  51.716 0.0000000000
58276  -42.032  -8.159  50.875 0.0000000000
55852  -44.078  -10.576  51.863 0.0000000000
57478  -44.446  -9.248  50.573 0.0000000000
56660  -45.860  -9.555  49.747 0.0000000000
50432  -31.387  -16.573  66.913 0.0000000000
47653  -31.645  -19.405  64.565 0.0000000000
50449  -29.523  -16.399  65.715 0.0000000000
51387  -29.427  -15.206  61.727 0.0000000000
52274  -30.951  -14.601  59.525 0.0000000000
50564  -32.558  -16.768  59.455 0.0000000000
52283  -32.068  -14.582  58.585 0.0000000000
53158  -33.764  -13.612  57.424 0.0000000000
43972  -24.563  -23.969  70.784 0.0000000000
45500  -9.839  -21.149  79.925 0.0000000000
44662  -11.118  -22.729  78.823 0.0000000000
42865  -5.566  -24.072  88.710 0.0000000000
44605  -3.635  -22.588  89.832 0.0000000000
60106  -37.712  -5.250  54.950 0.0000000000
48577  -37.261  -18.938  66.652 0.0000000000
46623  -27.078  -21.275  70.649 0.0000000000
45571  -14.093  -21.643  76.225 0.0000000000
43892  -12.756  -23.235  77.716 0.0000000000
43016  -14.773  -24.259  77.456 0.0000000000
61067  -45.327  -4.665  44.551 0.0000000000
44814  -31.653  -22.293  67.808 0.0000000000
45702  -33.118  -22.154  67.118 0.0000000000
47643  -31.841  -20.358  66.544 0.0000000000
43948  -20.046  -23.830  72.757 0.0000000000
104193  -21.638  -25.468  73.696 0.0000000000
44762  -22.091  -23.257  71.611 0.0000000000
44786  -22.555  -22.155  69.943 0.0000000000
47601  -23.654  -19.488  68.724 0.0000000000
50401  -25.537  -16.683  68.470 0.0000000000
46649  -25.554  -19.961  68.591 0.0000000000
46663  -27.518  -20.344  67.694 0.0000000000
45685  -29.357  -21.541  68.220 0.0000000000
51442  -37.569  -15.662  57.508 0.0000000000
58261  -37.917  -7.426  53.077 0.0000000000
56620  -39.670  -9.512  53.327 0.0000000000
57493  -46.539  -8.749  48.377 0.0000000000
44619  -6.822  -22.160  84.732 0.0000000000
105786  -6.181  -24.988  87.253 0.0000000000
45722  -33.882  -21.228  65.713 0.0000000000
46714  -34.336  -20.203  64.497 0.0000000000
48609  -34.251  -18.105  63.786 0.0000000000
50484  -28.557  -15.860  63.279 0.0000000000
49534  -31.784  -17.315  62.557 0.0000000000
50487  -34.334  -16.733  63.413 0.0000000000
117130  -35.262  -16.934  62.245 0.0000000000
109133  -36.133  -18.158  60.115 0.0000000000
49600  -36.706  -17.007  58.612 0.0000000000
116866  -35.508  -14.991  57.101 0.0000000000
105423  -34.011  -11.758  56.922 0.0000000000
116033  -23.043  -25.643  75.449 0.0000000000
46415  -9.138  -20.513  81.709 0.0000000000
43864  -9.100  -23.465  81.079 0.0000000000
42984  -12.403  -24.541  80.177 0.0000000000
44601  -2.990  -22.588  89.736 0.0000000000
114757  -19.173  -25.298  75.607 0.0000000000
99640  -20.084  -25.596  76.888 0.0000000000
42096  -19.854  -25.475  75.380 0.0000000000
44781  -32.962  -22.216  70.302 0.0000000000
43091  -18.907  -24.144  73.556 0.0000000000
43946  -17.901  -23.211  73.758 0.0000000000
43071  -18.694  -24.532  74.358 0.0000000000
43051  -17.767  -24.443  75.546 0.0000000000
116001  -35.153  -7.940  56.395 0.0000000000
56589  -35.433  -8.900  55.458 0.0000000000
58240  -35.879  -7.045  55.371 0.0000000000
60147  -43.189  -5.711  51.396 0.0000000000
59162  -41.684  -6.904  50.902 0.0000000000
59163  -42.685  -6.584  50.868 0.0000000000
57477  -43.595  -8.899  50.765 0.0000000000
58286  -43.783  -8.000  50.552 0.0000000000
58287  -44.580  -8.044  50.404 0.0000000000
50450  -30.131  -16.773  65.971 0.0000000000
53132  -30.349  -13.522  60.296 0.0000000000
52275  -31.504  -14.622  59.035 0.0000000000
53140  -31.796  -13.443  59.070 0.0000000000
54032  -32.620  -13.124  58.475 0.0000000000
44763  -25.403  -22.815  71.044 0.0000000000
43964  -25.551  -23.914  71.890 0.0000000000
110410  -26.107  -23.121  72.241 0.0000000000
46464  -11.339  -20.531  79.163 0.0000000000
46485  -12.083  -20.985  78.129 0.0000000000
59206  -45.238  -6.577  46.699 0.0000000000
43816  -5.005  -23.180  89.126 0.0000000000
46643  -37.563  -20.802  69.554 0.0000000000
46667  -37.527  -20.330  67.437 0.0000000000
45663  -27.659  -21.466  69.961 0.0000000000
45645  -28.544  -21.301  71.209 0.0000000000
45582  -16.189  -21.402  74.886 0.0000000000
46529  -15.907  -20.668  75.235 0.0000000000
46515  -14.998  -20.110  76.345 0.0000000000
45580  -14.895  -21.634  75.819 0.0000000000
44688  -14.003  -22.750  76.615 0.0000000000
43910  -15.350  -23.194  76.266 0.0000000000
42070  -17.950  -25.045  77.813 0.0000000000
43010  -16.640  -24.971  78.040 0.0000000000
110891  -30.814  -21.388  67.530 0.0000000000
45700  -31.618  -21.831  67.282 0.0000000000
47634  -31.476  -19.938  67.217 0.0000000000
43950  -21.216  -23.266  72.337 0.0000000000
43962  -21.487  -23.978  72.206 0.0000000000
44752  -22.071  -22.132  72.251 0.0000000000
47575  -22.497  -20.183  70.787 0.0000000000
48518  -22.722  -18.902  69.591 0.0000000000
45673  -22.961  -21.301  69.224 0.0000000000
109779  -23.082  -18.974  68.858 0.0000000000
50391  -27.557  -16.795  69.345 0.0000000000
49467  -26.914  -16.910  68.705 0.0000000000
48553  -25.216  -18.481  68.022 0.0000000000
48566  -26.656  -18.687  67.600 0.0000000000
46662  -26.754  -20.144  67.699 0.0000000000
48567  -27.301  -19.288  67.498 0.0000000000
47620  -30.486  -19.748  67.861 0.0000000000
46652  -28.976  -20.580  67.821 0.0000000000
46653  -30.024  -20.789  67.752 0.0000000000
45699  -30.897  -22.123  67.918 0.0000000000
51448  -36.822  -14.958  56.791 0.0000000000
51443  -38.374  -15.318  57.345 0.0000000000
53168  -37.029  -13.909  56.124 0.0000000000
55801  -38.488  -10.869  54.967 0.0000000000
54067  -38.603  -12.345  55.491 0.0000000000
60116  -38.909  -4.674  54.318 0.0000000000
59142  -37.637  -6.479  53.574 0.0000000000
115350  -38.517  -5.458  53.409 0.0000000000
57470  -40.782  -8.794  51.731 0.0000000000
57462  -39.588  -8.466  52.232 0.0000000000
56632  -40.662  -9.451  52.398 0.0000000000
101639  -40.966  -10.220  54.038 0.0000000000
57487  -46.263  -9.117  49.122 0.0000000000
57492  -45.973  -8.369  48.920 0.0000000000
58310  -45.652  -7.476  47.735 0.0000000000
45453  -7.761  -21.051  83.588 0.0000000000
45439  -7.258  -21.443  84.431 0.0000000000
44628  -6.977  -22.390  84.063 0.0000000000
42904  -6.655  -24.730  85.453 0.0000000000
117935  -6.137  -24.995  87.776 0.0000000000
46679  -32.441  -20.968  66.074 0.0000000000
45713  -33.539  -21.617  66.409 0.0000000000
46694  -32.705  -20.677  65.397 0.0000000000
48595  -30.907  -18.874  64.113 0.0000000000
46713  -33.625  -20.419  64.600 0.0000000000
47685  -32.446  -19.250  63.682 0.0000000000
46715  -34.897  -19.583  64.443 0.0000000000
48607  -32.800  -18.306  63.383 0.0000000000
52228  -28.153  -14.332  63.699 0.0000000000
50548  -30.674  -16.086  60.884 0.0000000000
116239  -29.948  -16.564  62.036 0.0000000000
50510  -32.011  -16.945  61.963 0.0000000000
49535  -33.248  -16.969  62.738 0.0000000000
106086  -32.830  -16.897  61.999 0.0000000000
50512  -34.756  -16.606  62.893 0.0000000000
49555  -33.183  -17.042  61.146 0.0000000000
50574  -33.562  -16.572  58.510 0.0000000000
103739  -33.966  -17.559  59.773 0.0000000000
49597  -34.467  -17.310  58.754 0.0000000000
49588  -36.497  -17.788  59.348 0.0000000000
50577  -35.814  -16.927  58.362 0.0000000000
50583  -36.330  -16.303  57.895 0.0000000000
106765  -34.718  -15.150  57.392 0.0000000000
54896  -33.430  -11.798  57.763 0.0000000000
54040  -33.904  -12.643  57.280 0.0000000000
54905  -33.729  -10.860  57.431 0.0000000000
42128  -22.521  -25.499  73.440 0.0000000000
42099  -22.649  -25.634  74.704 0.0000000000
42114  -23.005  -25.650  74.026 0.0000000000
44655  -9.713  -22.699  79.762 0.0000000000
44650  -9.093  -22.679  80.497 0.0000000000
117836  -10.026  -24.032  80.898 0.0000000000
43007  -13.880  -24.539  78.518 0.0000000000
117863  -12.862  -24.228  78.931 0.0000000000
99230  -13.770  -25.056  79.942 0.0000000000
99224  -18.920  -25.253  78.001 0.0000000000
42072  -19.746  -25.494  77.615 0.0000000000
99372  -21.323  -25.638  77.615 0.0000000000
42073  -22.139  -25.631  77.445 0.0000000000
44778  -30.468  -22.635  70.256 0.0000000000
45647  -30.296  -21.922  71.614 0.0000000000
111277  -18.137  -21.172  73.673 0.0000000000
44730  -17.113  -22.292  74.217 0.0000000000
43928  -16.530  -23.051  75.325 0.0000000000
43911  -16.575  -23.782  76.086 0.0000000000
43029  -17.297  -24.369  76.176 0.0000000000
43017  -17.498  -24.795  77.007 0.0000000000
47604  -31.069  -19.056  68.510 0.0000000000
47621  -31.259  -19.457  67.872 0.0000000000
48537  -28.668  -17.638  69.486 0.0000000000
108420  -28.422  -18.284  68.496 0.0000000000
48538  -30.671  -18.255  69.101 0.0000000000
54064  -35.298  -11.803  55.977 0.0000000000
105899  -36.887  -12.576  55.629 0.0000000000
55799  -36.360  -10.631  55.330 0.0000000000
56591  -36.956  -9.827  54.958 0.0000000000
56602  -37.689  -9.476  54.517 0.0000000000
60135  -39.682  -5.485  52.494 0.0000000000
59150  -40.176  -6.140  51.849 0.0000000000
58275  -41.105  -7.904  51.262 0.0000000000
56642  -41.850  -9.517  51.719 0.0000000000
55842  -42.722  -10.392  52.459 0.0000000000
56644  -43.308  -9.690  51.305 0.0000000000
56651  -43.958  -9.663  51.040 0.0000000000
56653  -45.319  -10.016  50.464 0.0000000000
57479  -45.100  -8.948  50.022 0.0000000000
58288  -45.274  -7.539  50.217 0.0000000000
43846  -7.860  -24.121  82.992 0.0000000000
43845  -7.240  -23.715  83.422 0.0000000000
42922  -8.539  -25.064  84.322 0.0000000000
113918  -31.420  -18.484  65.957 0.0000000000
47654  -32.196  -20.096  64.989 0.0000000000
49499  -30.812  -18.099  65.603 0.0000000000
48582  -30.410  -18.326  64.601 0.0000000000
49507  -29.741  -17.742  64.381 0.0000000000
53100  -28.894  -13.351  62.391 0.0000000000
53116  -29.346  -13.351  61.687 0.0000000000
51388  -30.037  -15.093  60.925 0.0000000000
51406  -31.009  -15.883  60.066 0.0000000000
50550  -32.145  -16.694  60.189 0.0000000000
51418  -31.360  -15.477  59.384 0.0000000000
51429  -32.546  -15.417  58.433 0.0000000000
114929  -33.159  -15.097  58.001 0.0000000000
52285  -33.429  -14.425  57.710 0.0000000000
53151  -32.984  -13.695  57.998 0.0000000000
104787  -24.223  -24.886  71.802 0.0000000000
42130  -24.261  -25.545  73.304 0.0000000000
42145  -24.820  -25.191  72.572 0.0000000000
44661  -10.368  -22.236  79.233 0.0000000000
103914  -10.494  -23.131  79.366 0.0000000000
44609  -5.647  -22.635  87.498 0.0000000000
116420  -6.039  -21.470  87.539 0.0000000000
44608  -5.215  -22.599  88.391 0.0000000000
44606  -4.458  -22.299  89.228 0.0000000000
114675  -4.038  -21.924  89.454 0.0000000000
48576  -36.717  -18.218  66.311 0.0000000000
45662  -26.176  -21.359  70.570 0.0000000000
45644  -26.567  -21.515  71.382 0.0000000000
104214  -14.552  -19.806  76.997 0.0000000000
46513  -13.412  -20.968  76.658 0.0000000000
46501  -12.427  -21.400  77.607 0.0000000000
44687  -13.377  -22.045  76.743 0.0000000000
43893  -13.996  -23.604  77.140 0.0000000000
43008  -14.515  -24.765  78.323 0.0000000000
99733  -15.831  -24.620  77.566 0.0000000000
42998  -15.905  -25.163  78.475 0.0000000000
118066  -15.339  -25.428  79.606 0.0000000000
61062  -44.125  -4.565  45.356 0.0000000000
44793  -32.835  -22.477  69.044 0.0000000000
45677  -33.717  -22.231  68.512 0.0000000000
44815  -32.307  -22.272  67.510 0.0000000000
46678  -32.089  -21.319  66.672 0.0000000000
107175  -31.777  -19.423  66.570 0.0000000000
47622  -31.892  -19.105  67.987 0.0000000000
114581  -31.989  -18.600  67.557 0.0000000000
48575  -31.801  -18.410  66.821 0.0000000000
50433  -31.930  -16.743  67.292 0.0000000000
43092  -19.647  -24.319  73.272 0.0000000000
42111  -20.157  -25.259  74.473 0.0000000000
43093  -20.408  -24.638  73.147 0.0000000000
43109  -21.712  -24.748  72.489 0.0000000000
43122  -22.817  -24.660  71.663 0.0000000000
45642  -22.265  -21.932  71.307 0.0000000000
44773  -22.451  -22.498  70.570 0.0000000000
43981  -23.268  -23.738  70.582 0.0000000000
114238  -23.654  -23.443  70.149 0.0000000000
44788  -23.529  -21.886  69.335 0.0000000000
45675  -24.944  -20.869  69.388 0.0000000000
50387  -24.248  -16.172  68.924 0.0000000000
48552  -24.449  -18.083  68.334 0.0000000000
47602  -24.756  -19.694  68.644 0.0000000000
46621  -25.729  -20.829  69.845 0.0000000000
46639  -26.064  -20.546  69.261 0.0000000000
46651  -27.071  -20.721  68.368 0.0000000000
45676  -28.429  -21.815  69.419 0.0000000000
47618  -28.622  -19.816  67.662 0.0000000000
109119  -28.230  -21.006  68.127 0.0000000000
44801  -29.428  -22.224  68.778 0.0000000000
44790  -30.595  -22.688  69.530 0.0000000000
44791  -31.374  -22.715  69.281 0.0000000000
104364  -19.821  -22.745  72.860 0.0000000000
53180  -38.272  -13.153  55.697 0.0000000000
59135  -36.557  -6.471  54.899 0.0000000000
57443  -37.083  -8.033  53.990 0.0000000000
57444  -37.908  -8.824  53.882 0.0000000000
59148  -38.820  -6.733  52.400 0.0000000000
57457  -39.184  -8.855  52.796 0.0000000000
56604  -39.335  -9.814  54.011 0.0000000000
55821  -40.780  -10.272  54.466 0.0000000000
57503  -46.783  -8.390  47.535 0.0000000000
58326  -45.735  -7.297  46.973 0.0000000000
59193  -44.648  -6.092  47.120 0.0000000000
46372  -7.448  -20.760  85.277 0.0000000000
45418  -6.488  -21.671  86.069 0.0000000000
43836  -6.434  -24.074  84.907 0.0000000000
109743  -6.225  -23.386  85.445 0.0000000000
104593  -5.898  -22.966  86.786 0.0000000000
42874  -5.866  -24.432  87.731 0.0000000000
45688  -34.465  -22.016  67.980 0.0000000000
45704  -35.151  -21.571  67.478 0.0000000000
46666  -35.825  -21.087  66.946 0.0000000000
46695  -33.383  -20.822  65.200 0.0000000000
46696  -34.220  -20.755  65.074 0.0000000000
46682  -36.328  -20.460  66.261 0.0000000000
46698  -36.037  -20.010  65.474 0.0000000000
47656  -36.150  -19.261  65.452 0.0000000000
110333  -35.250  -17.692  64.841 0.0000000000
50466  -28.538  -16.248  64.118 0.0000000000
113459  -29.712  -17.449  63.537 0.0000000000
51373  -28.808  -15.343  62.511 0.0000000000
114729  -29.618  -16.812  62.689 0.0000000000
49515  -31.398  -17.844  63.058 0.0000000000
111326  -32.429  -17.544  62.975 0.0000000000
49517  -34.158  -17.306  63.584 0.0000000000
49570  -33.604  -17.391  60.354 0.0000000000
108729  -35.804  -17.901  60.993 0.0000000000
50584  -37.174  -16.222  57.995 0.0000000000
52294  -36.253  -15.185  57.059 0.0000000000
52302  -35.428  -14.150  56.731 0.0000000000
109037  -34.404  -13.927  57.096 0.0000000000
52301  -34.867  -13.821  56.863 0.0000000000
54051  -35.225  -12.477  56.187 0.0000000000
54918  -34.942  -11.077  55.996 0.0000000000
56569  -34.721  -8.722  56.921 0.0000000000
42098  -21.435  -25.675  75.321 0.0000000000
42083  -21.853  -25.670  76.357 0.0000000000
42101  -24.436  -25.730  74.819 0.0000000000
45467  -8.118  -21.845  82.143 0.0000000000
46430  -9.092  -21.043  80.885 0.0000000000
45483  -8.400  -22.130  81.446 0.0000000000
44644  -8.189  -22.745  81.788 0.0000000000
42953  -8.619  -24.254  82.599 0.0000000000
114067  -12.155  -23.102  78.142 0.0000000000
43880  -11.759  -23.335  78.639 0.0000000000
43873  -11.563  -24.109  79.953 0.0000000000
43810  -3.675  -23.724  90.394 0.0000000000
115302  -3.303  -22.554  89.858 0.0000000000
45404  -3.298  -21.919  89.607 0.0000000000
43938  -18.220  -23.926  73.944 0.0000000000
43052  -18.502  -24.856  75.362 0.0000000000
58229  -35.666  -6.965  56.249 0.0000000000
58239  -35.439  -7.609  55.737 0.0000000000
111889  -43.533  -6.423  50.941 0.0000000000
58277  -43.244  -7.275  50.646 0.0000000000
58278  -44.211  -6.885  50.792 0.0000000000
54016  -31.585  -12.951  59.627 0.0000000000
43974  -25.651  -23.162  71.643 0.0000000000
116984  -12.915  -20.033  78.580 0.0000000000
46465  -12.179  -20.295  78.732 0.0000000000
59205  -44.764  -5.931  46.297 0.0000000000
103082  -46.115  -6.836  46.336 0.0000000000
46656  -37.777  -20.492  68.156 0.0000000000
45664  -28.401  -21.697  70.306 0.0000000000
44777  -29.133  -22.020  70.533 0.0000000000
45581  -15.571  -21.510  75.409 0.0000000000
44713  -15.404  -22.400  75.783 0.0000000000
44700  -14.711  -22.532  76.183 0.0000000000
44751  -21.651  -22.811  72.172 0.0000000000
120083  -23.064  -17.549  70.576 0.0000000000
108892  -22.872  -18.311  70.634 0.0000000000
100759  -22.974  -17.889  69.801 0.0000000000
49466  -23.264  -17.507  69.265 0.0000000000
48536  -27.763  -17.489  68.731 0.0000000000
49480  -26.839  -17.722  68.028 0.0000000000
47631  -26.628  -19.507  67.551 0.0000000000
112509  -36.707  -14.417  56.445 0.0000000000
52304  -37.403  -14.602  56.432 0.0000000000
55818  -37.980  -10.164  54.740 0.0000000000
56641  -41.291  -9.529  52.036 0.0000000000
56633  -41.279  -10.056  52.841 0.0000000000
107532  -45.709  -7.622  48.640 0.0000000000
45466  -7.617  -21.870  82.929 0.0000000000
45452  -7.304  -21.864  83.623 0.0000000000
44637  -7.225  -22.721  83.250 0.0000000000
45721  -33.107  -21.215  65.851 0.0000000000
47668  -31.547  -19.187  63.855 0.0000000000
47686  -33.353  -19.082  63.682 0.0000000000
107557  -31.807  -18.592  63.377 0.0000000000
50530  -31.381  -16.654  61.377 0.0000000000
50532  -33.644  -16.864  62.021 0.0000000000
49596  -33.853  -17.106  58.731 0.0000000000
50575  -34.245  -16.685  58.368 0.0000000000
49598  -35.267  -17.478  58.798 0.0000000000
50576  -35.001  -16.816  58.302 0.0000000000
51431  -34.668  -15.996  57.873 0.0000000000
42143  -22.896  -25.343  72.714 0.0000000000
42129  -23.372  -25.548  73.326 0.0000000000
43871  -10.188  -23.539  80.027 0.0000000000
43870  -9.538  -23.319  80.364 0.0000000000
42970  -10.979  -24.545  81.279 0.0000000000
42996  -14.233  -25.041  79.097 0.0000000000
42995  -13.471  -24.629  79.060 0.0000000000
45419  -6.631  -20.946  86.943 0.0000000000
46642  -36.698  -20.874  69.468 0.0000000000
42082  -20.361  -25.649  76.065 0.0000000000
99373  -20.520  -25.601  77.631 0.0000000000
100291  -20.975  -25.681  76.801 0.0000000000
117479  -21.573  -25.657  77.064 0.0000000000
44766  -30.825  -22.412  70.966 0.0000000000
45618  -19.514  -21.780  73.353 0.0000000000
45617  -18.605  -21.830  73.360 0.0000000000
44738  -17.650  -22.439  73.744 0.0000000000
111824  -17.444  -22.945  74.122 0.0000000000
43936  -17.037  -23.004  74.662 0.0000000000
43912  -17.219  -23.801  75.272 0.0000000000
42080  -18.756  -25.257  76.275 0.0000000000
43030  -18.030  -24.819  76.244 0.0000000000
42071  -18.375  -25.137  77.090 0.0000000000
47605  -31.713  -18.849  68.635 0.0000000000
106136  -29.200  -18.137  69.188 0.0000000000
104238  -31.212  -17.651  69.652 0.0000000000
54928  -35.796  -11.324  55.687 0.0000000000
55798  -35.388  -10.416  55.650 0.0000000000
56590  -36.249  -8.980  54.949 0.0000000000
103638  -35.851  -9.744  55.276 0.0000000000
56601  -37.083  -8.919  54.526 0.0000000000
60136  -40.485  -5.191  52.269 0.0000000000
59151  -41.126  -5.831  51.546 0.0000000000
57471  -41.492  -8.857  51.401 0.0000000000
111984  -42.098  -9.078  51.278 0.0000000000
56643  -42.529  -9.830  51.663 0.0000000000
57472  -42.726  -8.956  51.025 0.0000000000
58279  -44.965  -6.811  50.793 0.0000000000
49491  -31.544  -17.568  66.583 0.0000000000
50451  -30.826  -17.157  66.197 0.0000000000
49498  -30.138  -17.620  65.344 0.0000000000
50467  -29.490  -17.097  65.128 0.0000000000
52263  -30.419  -14.536  60.150 0.0000000000
52252  -29.925  -14.087  60.650 0.0000000000
51405  -30.530  -15.385  60.350 0.0000000000
51417  -30.780  -15.202  59.839 0.0000000000
50563  -31.729  -16.266  59.724 0.0000000000
51428  -31.851  -15.290  58.824 0.0000000000
52284  -32.727  -14.479  58.156 0.0000000000
112385  -32.603  -12.452  58.723 0.0000000000
43124  -24.247  -24.377  71.121 0.0000000000
117721  -24.859  -24.837  71.994 0.0000000000
43125  -24.900  -24.406  71.515 0.0000000000
43113  -26.004  -24.023  72.645 0.0000000000
42146  -25.812  -24.872  73.084 0.0000000000
45516  -10.960  -21.649  78.846 0.0000000000
43818  -5.506  -23.529  88.078 0.0000000000
43814  -4.208  -23.194  90.025 0.0000000000
47635  -37.756  -19.299  67.200 0.0000000000
117258  -37.485  -18.575  67.063 0.0000000000
48570  -37.648  -18.195  67.470 0.0000000000
46622  -26.360  -21.139  70.187 0.0000000000
46604  -26.810  -21.362  71.065 0.0000000000
46605  -27.355  -21.122  71.516 0.0000000000
46527  -14.590  -20.896  75.971 0.0000000000
46514  -14.161  -20.496  76.455 0.0000000000
46503  -13.814  -20.020  77.317 0.0000000000
45555  -12.936  -21.455  77.048 0.0000000000
43909  -14.684  -23.429  76.688 0.0000000000
43883  -13.978  -24.142  77.878 0.0000000000
43028  -16.873  -24.393  76.698 0.0000000000
43895  -16.238  -24.198  76.824 0.0000000000
42056  -16.746  -25.249  78.847 0.0000000000
44804  -32.204  -22.526  68.270 0.0000000000
46665  -31.430  -20.936  67.038 0.0000000000
48558  -31.955  -18.182  68.780 0.0000000000
108212  -32.110  -18.400  68.261 0.0000000000
119469  -32.360  -17.315  68.123 0.0000000000
49485  -32.203  -17.818  67.618 0.0000000000
49492  -32.046  -17.527  67.259 0.0000000000
43949  -20.934  -24.222  72.599 0.0000000000
43963  -22.051  -24.203  71.859 0.0000000000
43110  -22.469  -25.018  72.240 0.0000000000
46620  -22.271  -20.778  70.072 0.0000000000
45659  -22.364  -21.644  70.346 0.0000000000
43980  -22.602  -23.321  70.785 0.0000000000
44774  -22.963  -22.951  70.031 0.0000000000
46636  -23.208  -20.444  68.957 0.0000000000
45674  -23.788  -21.130  69.037 0.0000000000
45660  -24.393  -21.837  69.510 0.0000000000
46637  -24.187  -20.294  68.832 0.0000000000
50389  -26.140  -16.255  68.806 0.0000000000
51294  -26.364  -15.772  69.574 0.0000000000
51293  -25.602  -15.589  69.340 0.0000000000
51292  -24.773  -15.480  69.330 0.0000000000
50400  -24.800  -16.741  68.523 0.0000000000
49477  -24.152  -16.946  68.688 0.0000000000
113152  -24.469  -17.380  68.461 0.0000000000
47617  -25.298  -19.276  68.089 0.0000000000
46638  -25.271  -20.321  69.186 0.0000000000
45683  -27.850  -21.369  68.937 0.0000000000
48556  -28.151  -19.103  67.719 0.0000000000
45684  -28.712  -21.795  68.734 0.0000000000
117547  -30.069  -22.483  68.967 0.0000000000
44803  -31.454  -22.508  68.459 0.0000000000
101494  -30.717  -22.491  68.700 0.0000000000
107919  -32.011  -22.677  68.963 0.0000000000
101461  -20.652  -23.074  72.572 0.0000000000
50585  -37.993  -15.951  58.090 0.0000000000
52305  -38.208  -14.765  56.561 0.0000000000
51444  -39.240  -15.071  57.653 0.0000000000
53179  -37.406  -13.233  55.775 0.0000000000
54066  -37.667  -12.440  55.499 0.0000000000
59124  -37.093  -5.647  55.396 0.0000000000
58260  -37.448  -7.432  53.588 0.0000000000
57455  -37.733  -8.060  53.442 0.0000000000
59149  -39.422  -6.425  52.126 0.0000000000
58267  -39.270  -7.483  52.075 0.0000000000
56631  -39.958  -9.241  52.624 0.0000000000
56619  -38.817  -9.196  53.510 0.0000000000
56605  -40.213  -10.014  53.890 0.0000000000
55822  -41.665  -10.203  54.696 0.0000000000
55843  -43.603  -10.653  52.518 0.0000000000
56661  -46.623  -9.832  49.402 0.0000000000
56668  -46.956  -9.355  48.732 0.0000000000
110981  -47.138  -8.948  48.122 0.0000000000
59187  -45.271  -6.861  48.225 0.0000000000
59194  -45.174  -6.770  47.433 0.0000000000
45425  -6.936  -21.548  85.307 0.0000000000
44618  -6.466  -22.401  85.338 0.0000000000
42920  -7.040  -24.616  84.692 0.0000000000
43837  -6.830  -23.940  84.139 0.0000000000
42888  -6.275  -24.772  86.334 0.0000000000
43828  -6.223  -24.207  85.640 0.0000000000
43822  -5.969  -23.756  86.324 0.0000000000
43819  -5.723  -23.678  87.203 0.0000000000
42875  -5.934  -24.386  86.954 0.0000000000
42866  -6.085  -24.859  88.357 0.0000000000
45687  -33.685  -22.224  67.712 0.0000000000
45714  -34.297  -21.461  66.307 0.0000000000
45703  -34.202  -21.847  67.079 0.0000000000
45715  -35.003  -21.396  66.625 0.0000000000
46712  -32.890  -20.371  64.693 0.0000000000
106971  -33.814  -20.096  64.253 0.0000000000
46697  -35.185  -20.328  65.021 0.0000000000
100612  -35.628  -20.560  65.712 0.0000000000
48596  -34.538  -18.775  64.090 0.0000000000
47655  -35.620  -19.473  64.956 0.0000000000
48597  -35.207  -18.668  64.539 0.0000000000
48585  -35.766  -18.332  65.255 0.0000000000
51366  -28.220  -15.298  63.947 0.0000000000
51348  -28.454  -15.517  64.867 0.0000000000
49506  -29.070  -17.074  64.239 0.0000000000
50485  -28.993  -16.683  63.406 0.0000000000
52238  -29.045  -14.307  62.049 0.0000000000
52237  -28.524  -14.291  62.822 0.0000000000
50508  -30.432  -17.021  62.318 0.0000000000
49532  -30.254  -17.343  62.880 0.0000000000
49533  -30.947  -17.431  62.681 0.0000000000
50486  -33.829  -16.967  63.192 0.0000000000
49516  -33.357  -17.405  63.251 0.0000000000
50468  -34.695  -16.767  64.165 0.0000000000
49508  -35.017  -16.861  64.869 0.0000000000
50533  -34.543  -16.913  61.977 0.0000000000
49554  -32.812  -17.085  60.294 0.0000000000
49584  -33.337  -17.288  59.631 0.0000000000
107957  -35.258  -17.915  60.232 0.0000000000
49571  -34.401  -17.638  60.314 0.0000000000
107917  -37.034  -18.116  59.994 0.0000000000
49589  -37.409  -17.486  59.273 0.0000000000
50578  -37.698  -16.684  58.679 0.0000000000
101877  -35.951  -15.703  57.410 0.0000000000
52303  -36.125  -14.599  56.716 0.0000000000
52292  -34.151  -14.462  57.340 0.0000000000
53165  -34.460  -13.320  56.957 0.0000000000
54050  -34.562  -12.559  56.651 0.0000000000
53166  -35.184  -13.325  56.483 0.0000000000
104590  -34.689  -11.785  56.336 0.0000000000
54917  -34.301  -10.976  56.582 0.0000000000
56580  -34.405  -9.520  56.864 0.0000000000
42127  -20.730  -25.216  73.718 0.0000000000
42112  -21.043  -25.563  74.455 0.0000000000
106915  -22.248  -25.650  75.405 0.0000000000
118761  -22.658  -25.651  76.044 0.0000000000
100202  -22.786  -25.625  76.788 0.0000000000
42084  -23.369  -25.672  76.202 0.0000000000
113728  -24.599  -25.659  74.008 0.0000000000
118167  -25.217  -25.756  75.219 0.0000000000
44753  -26.778  -22.225  72.527 0.0000000000
111169  -8.070  -21.211  82.803 0.0000000000
46414  -8.537  -20.845  82.298 0.0000000000
46444  -9.606  -20.858  80.413 0.0000000000
46431  -9.848  -20.247  81.119 0.0000000000
45484  -8.746  -21.941  80.862 0.0000000000
44649  -8.616  -22.731  81.159 0.0000000000
43863  -8.530  -23.296  81.594 0.0000000000
43856  -8.138  -23.545  82.256 0.0000000000
43857  -8.857  -23.868  81.871 0.0000000000
44686  -12.797  -22.294  77.276 0.0000000000
44672  -12.248  -22.430  77.806 0.0000000000
42994  -12.149  -24.049  79.247 0.0000000000
61063  -44.818  -5.024  45.052 0.0000000000
119678  -2.966  -23.049  89.811 0.0000000000
44602  -3.382  -23.038  90.010 0.0000000000
45403  -3.011  -21.955  89.652 0.0000000000
42081  -19.549  -25.513  76.191 0.0000000000
44780  -32.124  -22.442  70.556 0.0000000000
44739  -18.239  -22.587  73.393 0.0000000000
43947  -18.544  -23.389  73.392 0.0000000000
43070  -17.961  -24.250  74.748 0.0000000000
48522  -31.622  -17.377  70.348 0.0000000000
100059  -34.824  -8.941  56.148 0.0000000000
57424  -35.233  -8.242  55.745 0.0000000000
57425  -35.729  -8.048  55.077 0.0000000000
60138  -41.810  -5.120  51.843 0.0000000000
59152  -42.198  -5.841  51.370 0.0000000000
109173  -42.481  -7.421  50.699 0.0000000000
57476  -42.934  -8.122  50.650 0.0000000000
119954  -44.130  -8.590  50.550 0.0000000000
51351  -30.715  -16.288  66.619 0.0000000000
51336  -30.595  -15.408  66.787 0.0000000000
51350  -29.999  -15.937  66.300 0.0000000000
52223  -29.847  -15.061  66.408 0.0000000000
53138  -30.730  -13.901  59.778 0.0000000000
53139  -31.306  -13.787  59.343 0.0000000000
53149  -31.765  -14.024  58.880 0.0000000000
53150  -32.272  -13.717  58.566 0.0000000000
54017  -32.191  -12.710  59.239 0.0000000000
114502  -24.828  -23.414  70.622 0.0000000000
43973  -25.177  -23.705  71.185 0.0000000000
46484  -11.566  -21.158  78.475 0.0000000000
117000  -11.419  -22.000  78.468 0.0000000000
114128  -46.650  -7.621  46.760 0.0000000000
111961  -5.148  -23.586  89.849 0.0000000000
119453  -38.068  -19.872  67.701 0.0000000000
46683  -37.206  -19.963  66.689 0.0000000000
46624  -27.771  -21.271  70.996 0.0000000000
46607  -28.820  -20.778  71.989 0.0000000000
45598  -16.819  -21.413  74.340 0.0000000000
46539  -16.612  -20.655  74.738 0.0000000000
101728  -16.598  -19.994  75.518 0.0000000000
110624  -15.757  -20.042  75.896 0.0000000000
46528  -15.219  -20.757  75.689 0.0000000000
43894  -15.447  -23.930  76.827 0.0000000000
43011  -17.245  -24.907  77.698 0.0000000000
42057  -17.410  -25.053  78.365 0.0000000000
42043  -17.575  -25.203  79.126 0.0000000000
47588  -22.689  -19.240  70.680 0.0000000000
47587  -22.374  -19.916  69.837 0.0000000000
46635  -22.561  -20.579  69.487 0.0000000000
47600  -22.802  -19.715  69.147 0.0000000000
50374  -27.806  -16.323  70.096 0.0000000000
50390  -26.968  -16.297  69.457 0.0000000000
49479  -26.140  -17.122  68.244 0.0000000000
49478  -25.239  -17.480  68.209 0.0000000000
48554  -25.990  -18.076  67.839 0.0000000000
47630  -25.945  -18.997  67.656 0.0000000000
46650  -26.067  -19.724  67.821 0.0000000000
47632  -27.171  -19.900  67.500 0.0000000000
47619  -29.564  -19.837  67.815 0.0000000000
45686  -30.237  -21.683  67.957 0.0000000000
44802  -30.091  -22.136  68.396 0.0000000000
51449  -37.538  -15.176  56.941 0.0000000000
53169  -38.004  -14.002  56.057 0.0000000000
55800  -37.439  -10.787  55.140 0.0000000000
54930  -38.015  -11.616  55.267 0.0000000000
60107  -38.404  -4.789  55.155 0.0000000000
59137  -37.989  -5.346  54.089 0.0000000000
118960  -38.051  -5.886  53.447 0.0000000000
59143  -38.263  -6.451  52.933 0.0000000000
58274  -40.165  -7.914  51.685 0.0000000000
57463  -40.210  -8.825  52.069 0.0000000000
56621  -40.577  -9.905  53.266 0.0000000000
100617  -41.547  -10.233  53.943 0.0000000000
57486  -45.624  -8.589  49.595 0.0000000000
58302  -46.079  -8.163  48.013 0.0000000000
45712  -32.759  -21.592  66.483 0.0000000000
47669  -32.313  -19.755  64.265 0.0000000000
47670  -33.207  -19.907  64.079 0.0000000000
47671  -34.047  -19.583  64.032 0.0000000000
47687  -33.980  -18.779  63.770 0.0000000000
51372  -28.397  -15.030  63.215 0.0000000000
50529  -29.969  -16.005  61.535 0.0000000000
107117  -30.590  -16.606  61.696 0.0000000000
50509  -31.225  -17.022  62.112 0.0000000000
117099  -32.501  -17.099  62.474 0.0000000000
50511  -34.049  -16.740  62.741 0.0000000000
50565  -33.287  -17.057  58.964 0.0000000000
49585  -33.900  -17.408  59.191 0.0000000000
49586  -34.683  -17.708  59.494 0.0000000000
49587  -35.640  -17.878  59.449 0.0000000000
49599  -35.990  -17.505  58.865 0.0000000000
50582  -35.516  -16.242  57.858 0.0000000000
51440  -35.272  -15.651  57.477 0.0000000000
42142  -22.059  -25.257  72.925 0.0000000000
42113  -22.307  -25.638  74.047 0.0000000000
42100  -23.468  -25.660  74.766 0.0000000000
44660  -9.871  -21.807  79.641 0.0000000000
45499  -9.327  -21.753  80.195 0.0000000000
42969  -9.534  -24.099  81.590 0.0000000000
43882  -13.261  -24.034  78.291 0.0000000000
43881  -12.445  -23.704  78.442 0.0000000000
112933  -12.966  -24.572  79.631 0.0000000000
46655  -36.446  -20.929  68.709 0.0000000000
42044  -19.047  -25.202  79.132 0.0000000000
42059  -19.957  -25.450  78.459 0.0000000000
99376  -20.560  -25.485  79.019 0.0000000000
109747  -29.664  -22.468  69.720 0.0000000000
44765  -29.951  -22.311  70.776 0.0000000000
46541  -18.463  -20.563  74.210 0.0000000000
116390  -17.995  -21.867  73.463 0.0000000000
45616  -17.458  -21.609  73.841 0.0000000000
44729  -16.563  -22.250  74.757 0.0000000000
43927  -15.967  -23.074  75.869 0.0000000000
49452  -28.257  -16.976  69.734 0.0000000000
114990  -29.837  -18.474  68.885 0.0000000000
47603  -30.138  -19.108  68.361 0.0000000000
53178  -36.497  -13.162  55.905 0.0000000000
54065  -36.034  -12.300  55.832 0.0000000000
59161  -40.638  -6.919  51.365 0.0000000000
55851  -43.315  -10.349  51.864 0.0000000000
120109  -43.821  -10.181  51.482 0.0000000000
43855  -7.569  -23.436  82.812 0.0000000000
42921  -7.599  -24.527  83.889 0.0000000000
48584  -31.689  -19.368  65.660 0.0000000000
48583  -31.137  -18.820  64.979 0.0000000000
48594  -30.296  -18.262  63.908 0.0000000000
52251  -29.520  -14.199  61.299 0.0000000000
53117  -29.817  -13.148  60.999 0.0000000000
50549  -31.502  -16.421  60.541 0.0000000000
51419  -32.064  -16.026  59.002 0.0000000000
50573  -32.831  -16.364  58.708 0.0000000000
51430  -33.307  -15.794  58.235 0.0000000000
51439  -33.904  -15.287  57.767 0.0000000000
54033  -33.107  -12.744  57.964 0.0000000000
54897  -33.444  -11.158  58.461 0.0000000000
42144  -23.810  -25.351  72.565 0.0000000000
42131  -25.145  -25.451  73.505 0.0000000000
43112  -25.359  -24.638  72.229 0.0000000000
45515  -10.422  -21.073  79.449 0.0000000000
43872  -10.859  -23.697  79.776 0.0000000000
119987  -5.553  -21.921  87.944 0.0000000000
45411  -5.186  -21.686  88.446 0.0000000000
45409  -4.753  -21.293  88.912 0.0000000000
45406  -4.438  -20.882  89.201 0.0000000000
60098  -37.893  -5.126  55.862 0.0000000000
60108  -39.076  -4.421  55.483 0.0000000000
101151  -39.543  -4.329  54.898 0.0000000000
60117  -39.766  -4.421  54.043 0.0000000000
112379  -36.120  -17.568  65.880 0.0000000000
44764  -26.141  -22.173  71.756 0.0000000000
45629  -26.983  -21.302  72.121 0.0000000000
45646  -29.404  -21.617  71.401 0.0000000000
101258  -14.784  -19.619  77.985 0.0000000000
46502  -12.984  -20.636  77.350 0.0000000000
110620  -13.366  -22.985  77.116 0.0000000000
118594  -13.439  -23.649  77.577 0.0000000000
107721  -15.921  -23.643  76.376 0.0000000000
43009  -15.205  -24.893  78.137 0.0000000000
42997  -15.096  -25.308  78.948 0.0000000000
60181  -44.363  -5.285  45.826 0.0000000000
44805  -32.973  -22.440  67.977 0.0000000000
45701  -32.369  -21.939  66.960 0.0000000000
115085  -31.704  -19.403  67.129 0.0000000000
48568  -32.269  -17.954  68.139 0.0000000000
50434  -32.338  -15.954  67.761 0.0000000000
43072  -19.462  -24.702  74.018 0.0000000000
43073  -20.072  -24.849  73.712 0.0000000000
43094  -21.206  -25.062  73.046 0.0000000000
45628  -22.464  -21.293  72.202 0.0000000000
46602  -22.438  -21.071  71.068 0.0000000000
116626  -22.192  -22.698  71.359 0.0000000000
43971  -22.701  -24.060  71.185 0.0000000000
43123  -23.500  -24.438  71.217 0.0000000000
43136  -23.944  -24.006  70.537 0.0000000000
43982  -24.254  -23.491  70.218 0.0000000000
44787  -22.936  -22.144  69.555 0.0000000000
44775  -23.750  -22.768  69.676 0.0000000000
44776  -24.855  -22.618  70.157 0.0000000000
45661  -25.416  -21.441  70.081 0.0000000000
107686  -23.606  -16.875  69.083 0.0000000000
48551  -23.766  -17.650  68.698 0.0000000000
47615  -23.721  -18.556  68.616 0.0000000000
47616  -24.491  -18.902  68.372 0.0000000000
115097  -26.261  -20.256  68.199 0.0000000000
46640  -26.895  -21.084  69.561 0.0000000000
47633  -27.801  -19.858  67.513 0.0000000000
113537  -28.184  -20.340  67.685 0.0000000000
44800  -28.999  -22.202  69.232 0.0000000000
44792  -32.110  -22.607  69.743 0.0000000000
106584  -19.270  -23.546  73.036 0.0000000000
115137  -38.739  -13.661  55.950 0.0000000000
59123  -36.355  -6.253  55.908 0.0000000000
58255  -36.393  -7.480  54.590 0.0000000000
59136  -37.259  -5.943  54.414 0.0000000000
111482  -36.978  -6.960  54.072 0.0000000000
56603  -38.481  -9.636  54.210 0.0000000000
59144  -38.921  -5.845  52.684 0.0000000000
58266  -38.529  -7.491  52.570 0.0000000000
57461  -38.939  -8.184  52.470 0.0000000000
57456  -38.393  -8.324  53.027 0.0000000000
55820  -39.859  -10.284  54.480 0.0000000000
58311  -46.140  -7.852  47.336 0.0000000000
61048  -43.752  -4.541  47.366 0.0000000000
111069  -7.085  -20.880  86.031 0.0000000000
109995  -6.917  -23.174  83.861 0.0000000000
44627  -6.555  -23.092  84.581 0.0000000000
44613  -6.099  -22.680  86.097 0.0000000000
46654  -36.035  -21.130  67.907 0.0000000000
46680  -34.847  -21.041  65.755 0.0000000000
46681  -35.543  -20.943  66.256 0.0000000000
109211  -36.732  -20.717  67.165 0.0000000000
47645  -36.675  -19.397  66.022 0.0000000000
48586  -36.328  -18.546  65.763 0.0000000000
51349  -29.142  -15.574  65.783 0.0000000000
52221  -28.601  -14.710  65.429 0.0000000000
51361  -28.895  -16.423  65.033 0.0000000000
49514  -30.557  -17.826  63.286 0.0000000000
50507  -29.371  -16.092  62.153 0.0000000000
102424  -28.971  -16.223  62.743 0.0000000000
48608  -33.657  -18.108  63.535 0.0000000000
109326  -34.686  -17.626  64.243 0.0000000000
49500  -35.553  -17.165  65.379 0.0000000000
49501  -36.027  -16.875  65.792 0.0000000000
50488  -34.918  -16.358  63.761 0.0000000000
49556  -34.028  -17.274  61.104 0.0000000000
99079  -34.910  -17.554  61.005 0.0000000000
51441  -36.807  -15.618  57.334 0.0000000000
53167  -36.075  -13.816  56.284 0.0000000000
52293  -34.839  -14.403  57.067 0.0000000000
55786  -34.652  -10.096  56.228 0.0000000000
42097  -20.632  -25.623  75.250 0.0000000000
110507  -21.867  -25.648  74.575 0.0000000000
42115  -23.844  -25.668  74.031 0.0000000000
105480  -23.881  -25.716  75.553 0.0000000000
42102  -24.763  -25.776  75.713 0.0000000000
42085  -24.220  -25.731  76.344 0.0000000000
100201  -23.649  -25.635  76.997 0.0000000000
43951  -26.693  -23.257  72.909 0.0000000000
46399  -8.484  -20.501  83.171 0.0000000000
45468  -8.605  -21.353  81.509 0.0000000000
42954  -9.466  -24.372  82.305 0.0000000000
45536  -11.886  -21.761  78.097 0.0000000000
44671  -11.749  -22.587  78.315 0.0000000000
43876  -11.278  -23.545  79.240 0.0000000000
42025  -14.341  -25.312  80.590 0.0000000000
98904  -11.819  -24.587  80.882 0.0000000000
60182  -45.157  -5.642  45.489 0.0000000000
43811  -4.161  -23.736  90.615 0.0000000000
44603  -3.536  -23.068  90.136 0.0000000000
45405  -3.342  -22.384  89.769 0.0000000000
103534  -3.665  -21.509  89.459 0.0000000000
44604  -2.594  -22.804  89.337 0.0000000000
100338  -2.596  -22.148  89.221 0.0000000000
45672  -22.502  -21.423  69.736 0.0000000000
48535  -23.140  -18.233  69.022 0.0000000000
48569  -37.116  -17.944  66.998 0.0000000000
50388  -25.195  -16.069  68.780 0.0000000000
61066  -44.673  -4.327  44.646 0.0000000000
104866  -23.630  -16.263  69.565 0.0000000000
115060  -20.113  -21.947  73.250 0.0000000000
