#!ascii label  , from subject sub-01 vox2ras=TkReg
1199
104578  -38.078  7.709  42.047 0.0000000000
69306  -45.855  5.761  31.221 0.0000000000
74664  -46.023  13.565  42.356 0.0000000000
69984  -44.851  6.474  38.518 0.0000000000
67633  -45.974  3.944  45.946 0.0000000000
99695  -40.627  10.113  32.938 0.0000000000
76855  -45.536  16.642  31.747 0.0000000000
78674  -42.026  19.528  37.813 0.0000000000
69144  -38.748  6.497  50.671 0.0000000000
69961  -40.805  6.280  40.069 0.0000000000
114830  -41.851  6.457  35.529 0.0000000000
72257  -39.355  9.649  37.781 0.0000000000
75391  -49.619  13.958  41.210 0.0000000000
74755  -46.621  13.489  36.555 0.0000000000
77455  -47.491  17.796  37.142 0.0000000000
77474  -43.996  17.387  35.211 0.0000000000
107633  -47.916  21.713  38.370 0.0000000000
68564  -42.256  4.964  28.323 0.0000000000
72831  -39.088  10.171  45.883 0.0000000000
73440  -40.762  11.540  42.883 0.0000000000
69232  -50.504  5.156  40.533 0.0000000000
68421  -45.939  4.087  41.752 0.0000000000
67655  -40.495  3.171  43.116 0.0000000000
66748  -40.002  2.649  48.415 0.0000000000
70873  -43.864  7.271  29.728 0.0000000000
72926  -42.352  9.918  26.620 0.0000000000
101383  -41.961  13.542  37.859 0.0000000000
74799  -43.210  13.891  31.501 0.0000000000
75501  -42.556  14.341  25.805 0.0000000000
78171  -39.699  18.195  29.255 0.0000000000
77495  -38.605  18.130  33.762 0.0000000000
69960  -39.329  6.332  40.662 0.0000000000
106989  -40.200  7.648  39.223 0.0000000000
71546  -38.632  8.945  40.145 0.0000000000
77417  -48.303  16.641  42.104 0.0000000000
76795  -47.368  15.611  39.469 0.0000000000
78060  -46.141  18.439  40.081 0.0000000000
78669  -48.513  20.312  37.502 0.0000000000
68558  -44.102  5.141  29.801 0.0000000000
73420  -39.216  11.677  46.828 0.0000000000
73427  -41.280  10.774  45.780 0.0000000000
67649  -45.643  3.372  44.328 0.0000000000
67674  -42.846  3.289  42.331 0.0000000000
66785  -43.580  2.680  45.237 0.0000000000
68350  -39.711  3.897  49.698 0.0000000000
69176  -35.077  5.121  46.850 0.0000000000
70755  -35.387  7.584  46.143 0.0000000000
70753  -33.767  7.231  46.849 0.0000000000
115959  -45.810  6.875  35.459 0.0000000000
70836  -40.677  7.873  33.512 0.0000000000
70066  -42.303  6.591  32.771 0.0000000000
71601  -41.243  7.822  31.022 0.0000000000
70882  -41.930  7.860  28.800 0.0000000000
107573  -41.194  9.840  29.572 0.0000000000
74662  -43.378  13.058  42.427 0.0000000000
106145  -41.206  13.721  40.085 0.0000000000
74711  -43.394  14.151  39.643 0.0000000000
75445  -46.002  15.007  34.251 0.0000000000
74783  -44.613  14.334  33.829 0.0000000000
75469  -44.685  14.876  31.525 0.0000000000
74821  -43.329  13.956  27.833 0.0000000000
76885  -44.103  16.125  28.883 0.0000000000
76882  -41.199  16.990  27.830 0.0000000000
101312  -43.300  18.142  30.426 0.0000000000
78100  -43.147  18.264  36.933 0.0000000000
77485  -40.750  17.017  34.254 0.0000000000
76817  -40.749  16.567  36.543 0.0000000000
76815  -38.259  16.846  36.521 0.0000000000
101428  -40.380  18.226  38.689 0.0000000000
102697  -42.884  6.377  39.339 0.0000000000
70013  -43.523  6.371  36.404 0.0000000000
69996  -41.758  6.851  38.290 0.0000000000
71565  -40.079  8.306  36.338 0.0000000000
72277  -39.947  10.155  35.349 0.0000000000
74682  -48.560  13.320  40.813 0.0000000000
74713  -46.181  13.475  39.448 0.0000000000
74730  -48.203  13.123  39.067 0.0000000000
113732  -47.382  15.064  36.669 0.0000000000
76835  -46.383  16.685  34.752 0.0000000000
99987  -45.077  17.557  33.418 0.0000000000
78113  -46.341  18.255  35.605 0.0000000000
78678  -47.053  20.142  36.679 0.0000000000
79719  -44.808  21.077  37.910 0.0000000000
69334  -41.202  5.825  27.529 0.0000000000
71528  -38.438  8.489  43.903 0.0000000000
72846  -38.874  10.670  42.409 0.0000000000
72226  -40.261  10.113  44.308 0.0000000000
72839  -43.136  10.719  43.974 0.0000000000
73434  -44.843  11.805  44.093 0.0000000000
74644  -45.795  12.917  45.455 0.0000000000
74035  -47.729  12.920  43.847 0.0000000000
69975  -47.229  5.668  39.107 0.0000000000
111589  -48.094  4.622  41.282 0.0000000000
115485  -45.408  5.472  40.155 0.0000000000
68459  -43.182  4.874  40.676 0.0000000000
104041  -41.145  4.422  41.303 0.0000000000
68365  -44.976  4.854  47.960 0.0000000000
69146  -41.290  6.304  50.559 0.0000000000
68363  -42.636  4.103  48.787 0.0000000000
67618  -43.403  3.427  47.307 0.0000000000
66782  -40.344  2.387  45.651 0.0000000000
69946  -37.465  6.159  43.827 0.0000000000
70876  -47.556  8.345  30.364 0.0000000000
70040  -44.827  6.828  34.314 0.0000000000
70863  -45.602  8.090  31.155 0.0000000000
70886  -46.253  7.883  29.505 0.0000000000
70096  -44.296  6.894  27.811 0.0000000000
70112  -42.423  6.930  26.152 0.0000000000
71640  -41.858  8.978  25.290 0.0000000000
73456  -38.802  11.762  40.464 0.0000000000
74083  -39.745  12.111  37.788 0.0000000000
74107  -40.867  12.147  34.816 0.0000000000
74753  -44.183  13.517  36.969 0.0000000000
74770  -42.743  13.601  34.210 0.0000000000
101667  -41.498  12.050  31.813 0.0000000000
117583  -42.188  12.121  28.892 0.0000000000
74165  -43.139  11.897  25.738 0.0000000000
73526  -41.207  11.171  25.853 0.0000000000
78139  -41.714  18.229  32.051 0.0000000000
78137  -39.164  18.492  31.971 0.0000000000
76852  -36.771  17.043  31.702 0.0000000000
78125  -35.777  18.113  33.773 0.0000000000
78109  -35.509  18.217  35.484 0.0000000000
70769  -38.333  7.550  41.257 0.0000000000
71539  -38.472  8.216  40.687 0.0000000000
71533  -38.191  8.381  41.486 0.0000000000
77416  -47.250  17.072  41.642 0.0000000000
78658  -46.201  19.423  40.282 0.0000000000
68551  -44.945  5.534  30.045 0.0000000000
67640  -45.893  3.598  45.146 0.0000000000
67648  -44.777  3.113  44.217 0.0000000000
67639  -44.804  3.324  45.654 0.0000000000
68374  -35.043  4.422  47.546 0.0000000000
69937  -34.076  6.440  46.910 0.0000000000
120107  -45.890  6.434  37.796 0.0000000000
99988  -45.752  6.499  37.022 0.0000000000
71582  -40.586  8.708  33.172 0.0000000000
70847  -40.775  7.948  32.696 0.0000000000
107039  -40.659  8.791  32.308 0.0000000000
72299  -40.743  9.263  31.007 0.0000000000
72908  -40.691  9.985  31.557 0.0000000000
74663  -44.152  13.342  42.327 0.0000000000
75388  -43.077  14.160  41.221 0.0000000000
75390  -44.819  14.109  41.255 0.0000000000
76848  -45.654  16.139  32.952 0.0000000000
99965  -45.326  15.038  32.846 0.0000000000
76169  -45.413  15.946  31.399 0.0000000000
76182  -44.414  15.681  29.482 0.0000000000
76864  -44.883  16.867  30.543 0.0000000000
77537  -43.439  17.278  29.110 0.0000000000
106312  -44.611  17.595  30.824 0.0000000000
78091  -42.465  18.710  37.474 0.0000000000
114286  -42.104  17.214  36.749 0.0000000000
99476  -41.930  18.018  37.563 0.0000000000
77452  -40.206  16.926  37.746 0.0000000000
107841  -41.340  19.436  38.239 0.0000000000
105837  -42.068  6.452  39.415 0.0000000000
69981  -42.383  6.662  38.819 0.0000000000
69980  -41.626  6.893  39.000 0.0000000000
71551  -39.537  8.930  38.299 0.0000000000
71552  -39.998  8.285  37.917 0.0000000000
71558  -39.622  8.911  37.361 0.0000000000
72270  -39.995  8.758  35.771 0.0000000000
72263  -39.526  9.599  36.845 0.0000000000
74701  -49.374  13.693  41.129 0.0000000000
74699  -48.328  13.092  39.986 0.0000000000
75399  -48.742  13.670  40.036 0.0000000000
113597  -46.825  16.985  38.279 0.0000000000
108362  -47.433  15.405  38.555 0.0000000000
76812  -47.274  16.714  37.088 0.0000000000
76133  -47.275  15.922  36.126 0.0000000000
77478  -47.339  17.098  35.891 0.0000000000
77477  -46.849  17.414  35.322 0.0000000000
78105  -47.564  18.544  36.358 0.0000000000
79712  -48.392  21.119  37.767 0.0000000000
78679  -47.974  20.562  36.803 0.0000000000
79194  -47.757  21.137  37.252 0.0000000000
79192  -45.681  20.705  37.513 0.0000000000
79711  -46.849  21.886  38.247 0.0000000000
69335  -41.723  5.748  27.238 0.0000000000
72220  -39.163  9.475  44.866 0.0000000000
72221  -39.697  9.825  44.604 0.0000000000
115583  -39.952  9.908  45.012 0.0000000000
73428  -41.944  11.125  45.616 0.0000000000
72834  -42.597  10.535  44.926 0.0000000000
73430  -43.202  11.041  44.898 0.0000000000
73432  -43.639  11.002  44.067 0.0000000000
73431  -43.917  11.456  44.555 0.0000000000
74621  -46.379  13.769  46.976 0.0000000000
74020  -46.299  12.459  44.831 0.0000000000
74022  -48.076  12.889  45.197 0.0000000000
74036  -48.533  13.076  43.965 0.0000000000
74023  -49.064  13.138  45.249 0.0000000000
69255  -48.959  5.669  38.635 0.0000000000
69245  -49.252  5.401  39.418 0.0000000000
104219  -48.331  4.381  41.894 0.0000000000
68443  -46.618  4.390  41.498 0.0000000000
68462  -46.404  4.770  40.798 0.0000000000
68442  -45.304  4.432  41.235 0.0000000000
68460  -44.045  4.961  40.648 0.0000000000
68441  -44.473  4.341  41.208 0.0000000000
67657  -42.503  2.859  43.055 0.0000000000
67690  -42.357  3.717  41.670 0.0000000000
67672  -41.032  3.438  42.345 0.0000000000
69145  -40.346  6.687  50.807 0.0000000000
68351  -40.541  4.244  49.776 0.0000000000
67603  -41.500  3.296  48.529 0.0000000000
67605  -43.044  3.722  48.069 0.0000000000
67616  -41.818  2.951  47.790 0.0000000000
66772  -41.499  2.498  46.470 0.0000000000
66771  -40.592  2.347  46.479 0.0000000000
70759  -37.142  7.027  44.767 0.0000000000
69942  -36.764  6.425  45.241 0.0000000000
70864  -48.724  8.692  31.496 0.0000000000
70012  -42.636  6.373  36.161 0.0000000000
70030  -43.563  6.368  35.603 0.0000000000
70029  -42.658  6.309  35.166 0.0000000000
70861  -43.556  7.009  30.990 0.0000000000
70849  -43.872  6.942  31.961 0.0000000000
114393  -44.492  7.489  30.257 0.0000000000
71621  -46.395  8.246  29.780 0.0000000000
70885  -44.937  7.434  28.853 0.0000000000
70097  -45.015  6.963  28.432 0.0000000000
70884  -43.856  7.293  28.554 0.0000000000
72308  -41.957  9.282  27.540 0.0000000000
70903  -43.050  7.672  26.710 0.0000000000
71630  -42.728  8.695  25.955 0.0000000000
70916  -42.206  8.405  25.518 0.0000000000
72316  -42.363  9.426  25.576 0.0000000000
72848  -39.619  11.345  42.556 0.0000000000
73449  -38.882  11.366  41.837 0.0000000000
74053  -39.621  12.414  41.434 0.0000000000
74723  -41.838  13.627  38.504 0.0000000000
74077  -40.256  13.153  38.877 0.0000000000
74085  -40.794  13.111  37.611 0.0000000000
74092  -40.433  12.292  36.235 0.0000000000
74101  -41.213  12.798  36.008 0.0000000000
74728  -47.145  12.969  38.180 0.0000000000
74726  -45.000  13.416  38.219 0.0000000000
74754  -45.738  13.414  36.466 0.0000000000
74792  -44.091  14.353  33.011 0.0000000000
74771  -43.657  13.901  34.611 0.0000000000
74781  -42.587  13.539  33.385 0.0000000000
74124  -41.851  13.045  33.055 0.0000000000
74136  -42.038  12.803  31.308 0.0000000000
74135  -41.740  12.124  30.779 0.0000000000
102865  -42.288  12.855  30.349 0.0000000000
75496  -43.345  14.870  26.391 0.0000000000
74828  -43.342  13.434  26.949 0.0000000000
74172  -43.010  12.719  25.326 0.0000000000
72930  -41.962  11.229  25.202 0.0000000000
115133  -42.154  12.919  25.588 0.0000000000
74163  -40.949  11.953  26.699 0.0000000000
74827  -41.405  13.807  26.785 0.0000000000
77545  -40.630  17.524  28.489 0.0000000000
76871  -40.440  16.317  28.484 0.0000000000
101898  -44.792  17.499  34.384 0.0000000000
77499  -43.453  17.839  32.893 0.0000000000
109705  -43.271  17.460  33.690 0.0000000000
100943  -39.921  17.326  34.196 0.0000000000
78130  -39.979  18.223  32.779 0.0000000000
78129  -38.899  18.387  32.872 0.0000000000
78147  -37.619  18.193  31.474 0.0000000000
78135  -37.383  18.327  32.342 0.0000000000
76844  -35.903  16.984  32.748 0.0000000000
78120  -37.118  18.500  34.118 0.0000000000
76807  -38.020  16.837  37.365 0.0000000000
77462  -36.797  17.783  36.369 0.0000000000
77449  -36.734  17.572  37.227 0.0000000000
78098  -35.488  18.272  36.508 0.0000000000
105166  -40.024  6.458  40.179 0.0000000000
69969  -40.340  6.970  39.690 0.0000000000
117641  -39.240  7.502  40.080 0.0000000000
116511  -39.268  8.837  39.272 0.0000000000
72250  -38.717  9.697  39.603 0.0000000000
76101  -48.410  15.296  40.797 0.0000000000
76781  -47.762  16.173  41.255 0.0000000000
76788  -46.741  16.522  39.693 0.0000000000
78082  -47.387  18.612  38.115 0.0000000000
100600  -48.221  19.416  37.376 0.0000000000
78666  -46.903  19.273  39.040 0.0000000000
78667  -48.161  20.413  38.334 0.0000000000
68557  -43.256  4.830  29.322 0.0000000000
72828  -39.402  10.745  46.337 0.0000000000
72832  -39.856  10.292  45.803 0.0000000000
105348  -39.923  11.208  46.465 0.0000000000
67677  -45.826  3.640  42.601 0.0000000000
67676  -44.684  3.516  42.541 0.0000000000
67659  -44.269  3.199  43.290 0.0000000000
66807  -43.047  2.696  43.715 0.0000000000
66796  -42.207  2.499  44.620 0.0000000000
112548  -39.209  5.483  50.375 0.0000000000
67595  -38.069  3.409  49.557 0.0000000000
69185  -35.964  5.009  46.305 0.0000000000
69941  -36.165  6.629  45.739 0.0000000000
69939  -35.665  5.921  46.229 0.0000000000
70754  -34.663  7.194  46.479 0.0000000000
70823  -41.138  6.896  34.715 0.0000000000
70037  -41.660  6.574  34.079 0.0000000000
70848  -41.160  7.325  33.072 0.0000000000
70076  -41.975  6.854  32.063 0.0000000000
100083  -41.944  7.291  30.517 0.0000000000
70883  -42.667  7.511  28.575 0.0000000000
113498  -41.456  7.800  30.256 0.0000000000
113298  -41.359  9.023  29.274 0.0000000000
72304  -41.508  9.536  28.609 0.0000000000
74660  -41.897  12.721  42.243 0.0000000000
114332  -41.113  12.975  41.781 0.0000000000
74677  -41.623  13.448  41.522 0.0000000000
101534  -41.908  13.940  40.239 0.0000000000
74724  -42.702  13.629  38.157 0.0000000000
75438  -46.640  14.406  35.462 0.0000000000
99843  -45.327  13.917  35.151 0.0000000000
74784  -45.343  14.679  33.707 0.0000000000
75462  -44.681  14.708  32.330 0.0000000000
75468  -43.961  14.442  31.260 0.0000000000
106267  -43.425  14.166  29.830 0.0000000000
75482  -43.821  14.597  29.362 0.0000000000
75491  -43.890  15.113  28.224 0.0000000000
76197  -43.243  15.476  26.755 0.0000000000
76195  -42.168  15.415  26.404 0.0000000000
76883  -42.793  16.680  27.960 0.0000000000
77546  -41.504  17.468  28.341 0.0000000000
77535  -41.433  17.965  29.159 0.0000000000
99012  -43.260  17.344  35.935 0.0000000000
77487  -42.640  17.087  34.339 0.0000000000
76818  -42.278  16.891  36.022 0.0000000000
76827  -41.355  16.592  35.861 0.0000000000
76825  -39.664  16.688  35.490 0.0000000000
77471  -38.271  17.365  35.383 0.0000000000
76824  -39.008  16.711  35.960 0.0000000000
76808  -38.755  16.668  37.427 0.0000000000
107640  -39.174  17.439  38.736 0.0000000000
69983  -44.043  6.540  38.592 0.0000000000
109134  -44.411  6.493  37.822 0.0000000000
69997  -43.550  6.511  37.872 0.0000000000
114179  -42.558  6.598  37.893 0.0000000000
70011  -41.563  6.653  36.372 0.0000000000
70788  -40.537  7.646  38.433 0.0000000000
70798  -40.915  7.097  36.955 0.0000000000
116389  -40.772  7.195  36.081 0.0000000000
71570  -40.314  8.472  34.962 0.0000000000
109041  -40.292  9.364  34.424 0.0000000000
118676  -40.391  10.024  34.129 0.0000000000
74681  -46.992  13.667  41.506 0.0000000000
74697  -46.076  13.851  40.302 0.0000000000
103883  -47.775  13.009  39.766 0.0000000000
74714  -48.087  12.953  39.323 0.0000000000
74743  -47.461  13.246  37.958 0.0000000000
76114  -48.024  14.628  39.242 0.0000000000
76121  -47.755  14.287  37.915 0.0000000000
107099  -47.396  14.195  36.808 0.0000000000
119376  -46.878  14.883  35.418 0.0000000000
76147  -45.929  15.858  34.351 0.0000000000
76840  -45.633  16.849  33.265 0.0000000000
77511  -45.329  17.472  32.137 0.0000000000
77502  -45.456  17.208  33.755 0.0000000000
77488  -45.479  17.356  34.381 0.0000000000
77475  -45.611  17.735  35.046 0.0000000000
108036  -48.049  19.388  36.639 0.0000000000
78685  -46.530  19.418  36.503 0.0000000000
78102  -44.820  18.486  36.440 0.0000000000
78092  -44.123  18.888  37.027 0.0000000000
78676  -43.766  19.520  37.417 0.0000000000
79718  -43.505  21.181  37.982 0.0000000000
116124  -38.134  8.275  43.259 0.0000000000
107358  -38.353  9.293  42.439 0.0000000000
72224  -38.541  9.007  43.320 0.0000000000
72847  -39.678  10.430  43.318 0.0000000000
72841  -40.324  10.957  43.239 0.0000000000
72218  -41.193  10.249  45.379 0.0000000000
116598  -42.015  10.332  44.373 0.0000000000
73436  -41.736  11.084  43.461 0.0000000000
72844  -42.723  11.253  43.457 0.0000000000
74031  -44.227  11.877  43.441 0.0000000000
74042  -44.906  12.873  42.968 0.0000000000
112207  -44.873  12.945  45.417 0.0000000000
102859  -45.292  12.319  44.835 0.0000000000
74033  -45.736  12.160  43.967 0.0000000000
74044  -47.202  13.405  42.575 0.0000000000
74045  -47.773  13.282  43.127 0.0000000000
74666  -49.266  13.487  42.235 0.0000000000
74685  -50.048  13.940  42.208 0.0000000000
69254  -47.888  5.819  38.402 0.0000000000
69974  -46.271  6.010  38.982 0.0000000000
68445  -48.974  4.579  41.501 0.0000000000
68464  -48.751  4.869  40.761 0.0000000000
112547  -47.844  4.922  40.538 0.0000000000
69243  -46.636  5.551  39.706 0.0000000000
69973  -45.304  6.253  39.124 0.0000000000
69240  -44.095  6.100  39.654 0.0000000000
69226  -42.831  5.475  40.306 0.0000000000
69225  -42.023  5.523  40.334 0.0000000000
67691  -43.235  3.695  41.680 0.0000000000
68438  -41.943  4.327  41.189 0.0000000000
69224  -41.161  5.618  40.447 0.0000000000
69209  -39.646  5.385  41.138 0.0000000000
69148  -43.013  5.958  50.088 0.0000000000
68340  -40.703  5.385  50.321 0.0000000000
68341  -41.725  5.329  50.021 0.0000000000
69156  -43.366  5.398  49.547 0.0000000000
103799  -44.177  4.596  48.286 0.0000000000
119608  -43.798  4.003  47.792 0.0000000000
67631  -44.519  3.470  46.333 0.0000000000
66774  -43.290  2.661  45.975 0.0000000000
115267  -41.980  2.429  45.271 0.0000000000
66794  -40.420  2.494  44.780 0.0000000000
70767  -37.953  6.999  42.582 0.0000000000
70765  -37.924  7.870  43.696 0.0000000000
71524  -37.925  8.307  44.692 0.0000000000
72214  -37.872  9.396  45.575 0.0000000000
72211  -38.214  10.027  45.986 0.0000000000
70070  -48.659  7.925  31.723 0.0000000000
70069  -47.639  7.121  31.732 0.0000000000
70078  -47.395  7.466  30.691 0.0000000000
70014  -44.379  6.427  36.154 0.0000000000
70041  -45.315  6.885  34.868 0.0000000000
113170  -43.288  6.489  33.525 0.0000000000
70838  -44.997  7.323  32.939 0.0000000000
70851  -45.698  7.974  32.174 0.0000000000
71611  -46.488  8.473  30.404 0.0000000000
70887  -47.003  8.092  29.821 0.0000000000
70084  -46.164  6.876  29.697 0.0000000000
69321  -45.519  6.388  29.378 0.0000000000
69330  -44.539  6.445  28.283 0.0000000000
69338  -43.828  6.351  27.591 0.0000000000
70893  -43.616  7.342  27.516 0.0000000000
70106  -43.721  6.869  27.229 0.0000000000
69336  -42.318  5.835  27.059 0.0000000000
70111  -41.717  6.756  26.208 0.0000000000
118188  -40.822  7.427  26.288 0.0000000000
71633  -40.528  8.683  26.096 0.0000000000
72236  -38.221  9.885  41.257 0.0000000000
72868  -38.542  10.485  39.991 0.0000000000
108037  -39.008  11.156  38.827 0.0000000000
106100  -39.846  12.979  39.813 0.0000000000
74076  -39.603  12.442  38.819 0.0000000000
73471  -39.458  11.298  37.470 0.0000000000
73476  -39.613  11.076  36.566 0.0000000000
72888  -40.288  10.794  34.999 0.0000000000
73493  -40.742  11.154  33.785 0.0000000000
74712  -45.186  13.662  39.133 0.0000000000
74725  -43.759  13.598  38.238 0.0000000000
74739  -43.429  13.547  37.511 0.0000000000
100954  -44.383  13.826  35.274 0.0000000000
74764  -43.435  13.723  35.389 0.0000000000
74751  -42.478  13.485  36.269 0.0000000000
74108  -41.422  12.649  34.388 0.0000000000
73494  -41.128  11.666  33.286 0.0000000000
116842  -40.903  11.067  32.422 0.0000000000
73504  -41.325  11.420  31.155 0.0000000000
73518  -41.828  10.930  28.249 0.0000000000
74820  -42.870  13.275  28.045 0.0000000000
73521  -42.898  11.908  26.897 0.0000000000
113014  -42.748  10.657  26.056 0.0000000000
72937  -42.275  10.330  25.387 0.0000000000
72935  -41.386  10.013  25.412 0.0000000000
75494  -41.242  14.619  27.420 0.0000000000
78142  -44.210  18.219  31.624 0.0000000000
78152  -42.758  18.291  30.855 0.0000000000
78163  -40.813  18.348  30.631 0.0000000000
77507  -41.575  17.785  32.793 0.0000000000
78138  -40.855  18.147  32.339 0.0000000000
78170  -38.995  18.227  29.674 0.0000000000
77524  -38.024  17.600  30.370 0.0000000000
76853  -37.306  16.819  31.210 0.0000000000
76159  -37.239  15.896  32.219 0.0000000000
78111  -36.773  18.430  34.828 0.0000000000
78118  -35.601  18.243  34.587 0.0000000000
79708  -42.963  21.791  38.215 0.0000000000
79716  -41.713  21.318  37.945 0.0000000000
113039  -40.681  19.859  38.637 0.0000000000
78071  -40.114  19.045  39.188 0.0000000000
78059  -39.193  18.650  39.752 0.0000000000
69313  -45.746  5.997  30.259 0.0000000000
67641  -46.564  3.862  45.379 0.0000000000
120075  -45.429  3.584  45.604 0.0000000000
67632  -45.239  3.743  46.171 0.0000000000
68360  -34.473  4.681  48.132 0.0000000000
107943  -45.222  6.472  37.781 0.0000000000
109769  -40.597  9.398  32.877 0.0000000000
72291  -40.633  9.717  32.295 0.0000000000
72294  -40.662  9.284  31.741 0.0000000000
100529  -44.985  13.678  42.008 0.0000000000
74679  -44.272  13.808  41.709 0.0000000000
76847  -45.635  16.787  32.521 0.0000000000
76161  -45.652  15.942  32.209 0.0000000000
76865  -45.272  16.514  31.083 0.0000000000
77518  -45.191  17.204  31.289 0.0000000000
78675  -42.927  19.768  37.620 0.0000000000
78090  -41.711  18.656  37.879 0.0000000000
69962  -41.652  6.096  39.948 0.0000000000
69970  -41.250  6.651  39.523 0.0000000000
72251  -39.138  9.677  38.707 0.0000000000
72879  -39.400  10.411  37.182 0.0000000000
75400  -49.240  13.825  40.682 0.0000000000
77443  -47.137  17.713  37.798 0.0000000000
76801  -47.098  16.619  37.782 0.0000000000
76819  -47.375  16.693  36.508 0.0000000000
77466  -47.518  17.751  36.491 0.0000000000
78115  -47.370  17.890  35.903 0.0000000000
79722  -48.129  21.300  37.613 0.0000000000
79721  -47.445  21.488  37.705 0.0000000000
117371  -47.109  21.243  37.422 0.0000000000
103016  -42.263  4.463  29.119 0.0000000000
68563  -41.765  4.826  28.562 0.0000000000
68568  -41.991  5.255  27.713 0.0000000000
72215  -38.752  9.642  45.413 0.0000000000
72216  -39.594  9.927  45.334 0.0000000000
74017  -42.651  11.764  45.412 0.0000000000
73429  -42.522  10.854  45.248 0.0000000000
118665  -43.585  11.068  44.371 0.0000000000
74018  -43.560  11.983  45.114 0.0000000000
74647  -48.403  13.238  45.955 0.0000000000
74029  -48.522  12.947  44.660 0.0000000000
69246  -50.325  5.403  39.659 0.0000000000
69231  -49.493  5.158  40.240 0.0000000000
112125  -45.955  4.498  41.178 0.0000000000
67693  -45.099  3.905  41.830 0.0000000000
67656  -41.521  2.851  43.191 0.0000000000
68420  -40.165  3.787  42.361 0.0000000000
112099  -39.703  6.085  50.557 0.0000000000
67602  -40.793  3.103  48.709 0.0000000000
66749  -40.944  2.705  48.061 0.0000000000
66759  -41.216  2.561  47.232 0.0000000000
66758  -40.318  2.382  47.456 0.0000000000
111669  -36.973  5.617  45.141 0.0000000000
69944  -37.194  6.236  44.576 0.0000000000
71592  -47.522  8.886  32.040 0.0000000000
105818  -42.865  7.005  30.442 0.0000000000
70874  -44.919  7.638  29.619 0.0000000000
71626  -42.613  8.519  26.997 0.0000000000
71629  -42.478  9.135  26.549 0.0000000000
71634  -42.440  8.722  25.674 0.0000000000
72311  -42.625  9.415  25.903 0.0000000000
109498  -39.380  11.875  41.876 0.0000000000
74038  -40.026  12.149  42.186 0.0000000000
101512  -41.292  13.432  38.056 0.0000000000
74737  -41.512  13.372  37.351 0.0000000000
74093  -40.950  12.969  36.802 0.0000000000
74750  -41.710  13.294  36.550 0.0000000000
74742  -46.937  13.119  37.393 0.0000000000
106055  -46.227  13.208  37.038 0.0000000000
103491  -43.056  13.750  32.170 0.0000000000
74791  -43.243  13.889  32.838 0.0000000000
74790  -42.480  13.440  32.565 0.0000000000
74798  -42.510  13.394  31.784 0.0000000000
74805  -42.633  13.480  30.942 0.0000000000
75502  -43.015  14.466  25.850 0.0000000000
74833  -43.078  13.408  25.681 0.0000000000
74837  -42.875  13.581  25.621 0.0000000000
74836  -42.698  12.953  25.407 0.0000000000
75506  -42.428  13.571  25.658 0.0000000000
74156  -41.528  12.931  26.183 0.0000000000
75500  -41.960  13.983  25.904 0.0000000000
77534  -39.874  17.886  28.855 0.0000000000
118841  -40.159  16.930  28.534 0.0000000000
119977  -39.556  17.567  28.973 0.0000000000
77533  -39.278  17.940  29.261 0.0000000000
106396  -43.664  17.344  34.356 0.0000000000
118944  -39.239  17.619  34.147 0.0000000000
111805  -39.491  17.901  33.538 0.0000000000
78128  -37.970  18.469  32.971 0.0000000000
78127  -37.178  18.443  33.183 0.0000000000
78121  -37.772  18.390  33.686 0.0000000000
77450  -37.445  17.141  37.758 0.0000000000
69968  -39.542  7.017  40.120 0.0000000000
71540  -39.034  8.058  39.946 0.0000000000
76782  -48.821  15.745  41.620 0.0000000000
77415  -46.386  17.683  40.992 0.0000000000
77425  -46.853  16.751  40.689 0.0000000000
77424  -46.320  17.482  39.918 0.0000000000
77433  -46.624  17.383  38.808 0.0000000000
78072  -46.490  18.205  39.196 0.0000000000
102509  -46.343  20.283  40.432 0.0000000000
79179  -47.085  20.357  39.409 0.0000000000
79180  -48.029  21.331  38.747 0.0000000000
68550  -44.287  4.754  30.628 0.0000000000
69319  -44.090  5.580  28.976 0.0000000000
67661  -46.208  3.510  43.562 0.0000000000
67660  -45.240  3.362  43.433 0.0000000000
66786  -44.329  2.920  44.982 0.0000000000
66798  -43.852  2.805  44.096 0.0000000000
66797  -43.089  2.591  44.507 0.0000000000
66806  -42.314  2.607  43.823 0.0000000000
67625  -36.118  3.665  47.094 0.0000000000
68381  -35.653  4.267  46.956 0.0000000000
68382  -36.418  4.125  46.369 0.0000000000
70822  -40.649  7.711  34.375 0.0000000000
70837  -41.069  7.135  33.839 0.0000000000
71590  -40.985  7.923  31.877 0.0000000000
101176  -41.338  7.368  32.331 0.0000000000
70859  -41.606  7.323  31.508 0.0000000000
72300  -40.999  9.118  30.101 0.0000000000
74040  -42.733  12.716  42.493 0.0000000000
74661  -42.599  13.512  41.871 0.0000000000
75397  -43.658  14.356  40.497 0.0000000000
74695  -42.748  14.193  40.393 0.0000000000
74710  -42.504  13.983  39.542 0.0000000000
99226  -43.114  13.833  38.880 0.0000000000
104873  -46.250  14.601  34.794 0.0000000000
75437  -46.050  14.114  35.090 0.0000000000
75444  -45.808  14.637  34.347 0.0000000000
75463  -45.288  15.341  31.956 0.0000000000
117820  -44.277  14.556  31.809 0.0000000000
75476  -43.944  14.565  30.320 0.0000000000
103612  -44.478  14.881  30.838 0.0000000000
76189  -44.082  15.483  28.718 0.0000000000
76188  -43.636  15.689  27.928 0.0000000000
76895  -43.045  16.127  27.371 0.0000000000
76884  -43.426  16.563  28.409 0.0000000000
77525  -43.367  17.825  29.782 0.0000000000
77536  -42.513  17.630  28.935 0.0000000000
78173  -42.527  18.070  29.879 0.0000000000
100929  -43.441  17.780  36.419 0.0000000000
77464  -42.751  17.506  36.555 0.0000000000
76811  -41.505  16.805  36.638 0.0000000000
76826  -40.493  16.555  35.725 0.0000000000
76816  -39.855  16.523  36.452 0.0000000000
77441  -40.660  17.584  38.165 0.0000000000
77440  -39.873  17.410  38.464 0.0000000000
76800  -39.190  16.911  38.111 0.0000000000
69971  -43.694  6.402  39.255 0.0000000000
69982  -43.202  6.561  38.665 0.0000000000
109812  -41.674  6.764  37.385 0.0000000000
113142  -42.289  6.513  36.972 0.0000000000
70782  -40.900  7.225  39.109 0.0000000000
71559  -39.979  8.257  37.015 0.0000000000
70791  -40.466  7.686  37.448 0.0000000000
70797  -40.399  7.709  36.603 0.0000000000
70808  -40.677  7.473  35.242 0.0000000000
111200  -40.327  7.964  35.819 0.0000000000
72269  -39.752  9.597  35.944 0.0000000000
72278  -40.051  9.394  35.171 0.0000000000
72284  -40.215  10.072  34.713 0.0000000000
102521  -47.954  13.405  41.431 0.0000000000
102133  -47.901  13.253  40.594 0.0000000000
74715  -48.373  13.237  39.678 0.0000000000
74729  -47.816  13.012  38.703 0.0000000000
75414  -47.938  13.514  38.467 0.0000000000
76107  -48.149  14.971  39.979 0.0000000000
105917  -47.469  15.368  37.706 0.0000000000
76127  -47.569  14.732  37.293 0.0000000000
75421  -47.625  13.810  37.596 0.0000000000
75429  -47.114  14.782  36.019 0.0000000000
76828  -46.995  16.477  35.370 0.0000000000
114394  -46.569  15.902  34.935 0.0000000000
116632  -45.640  16.225  33.659 0.0000000000
76841  -45.671  16.708  34.107 0.0000000000
77489  -45.965  17.235  34.587 0.0000000000
78114  -47.050  18.164  35.680 0.0000000000
77476  -46.269  17.736  35.086 0.0000000000
78680  -48.510  19.966  36.984 0.0000000000
78686  -47.690  19.755  36.535 0.0000000000
78103  -45.938  18.740  36.215 0.0000000000
78684  -45.287  19.158  36.822 0.0000000000
116897  -44.930  20.311  37.560 0.0000000000
79191  -43.919  20.300  37.691 0.0000000000
69326  -40.962  5.421  28.324 0.0000000000
70102  -40.868  6.439  27.155 0.0000000000
72225  -39.378  9.682  43.833 0.0000000000
72227  -40.714  10.434  43.791 0.0000000000
72829  -40.443  10.601  45.983 0.0000000000
72217  -40.382  10.119  45.403 0.0000000000
72838  -42.588  10.477  44.451 0.0000000000
72837  -41.864  10.188  44.942 0.0000000000
72842  -41.595  10.484  43.913 0.0000000000
72843  -42.404  10.598  43.917 0.0000000000
73438  -44.243  11.396  43.927 0.0000000000
73437  -43.639  11.218  43.741 0.0000000000
74032  -44.977  12.028  43.802 0.0000000000
74633  -46.111  13.477  46.137 0.0000000000
74027  -47.004  12.565  44.393 0.0000000000
100521  -46.272  12.332  44.264 0.0000000000
74034  -46.796  12.694  43.748 0.0000000000
74656  -49.403  13.454  43.350 0.0000000000
74655  -48.542  13.355  43.093 0.0000000000
74667  -49.880  13.716  42.571 0.0000000000
69987  -49.651  5.981  38.054 0.0000000000
69244  -48.209  5.483  39.225 0.0000000000
69986  -46.967  5.953  38.503 0.0000000000
68465  -49.698  4.857  41.007 0.0000000000
69228  -46.112  5.298  40.236 0.0000000000
69242  -45.759  5.766  39.665 0.0000000000
69241  -44.856  5.883  39.773 0.0000000000
117821  -43.498  5.423  40.341 0.0000000000
68458  -42.382  4.894  40.702 0.0000000000
67675  -43.739  3.385  42.423 0.0000000000
67692  -44.124  3.750  41.739 0.0000000000
67689  -41.500  3.812  41.707 0.0000000000
69211  -41.538  4.936  40.781 0.0000000000
69210  -40.589  4.965  40.985 0.0000000000
104702  -45.323  4.520  47.269 0.0000000000
69898  -41.796  7.037  50.863 0.0000000000
69899  -42.684  6.730  50.669 0.0000000000
69147  -42.191  6.082  50.307 0.0000000000
112475  -39.150  4.539  50.104 0.0000000000
68339  -39.875  4.864  50.258 0.0000000000
119236  -41.659  4.138  49.340 0.0000000000
105093  -41.345  4.525  49.706 0.0000000000
68352  -42.144  4.539  49.419 0.0000000000
69155  -42.585  5.312  49.755 0.0000000000
68353  -43.006  4.724  49.226 0.0000000000
69167  -43.758  4.984  48.951 0.0000000000
68364  -43.397  4.353  48.543 0.0000000000
67617  -42.614  3.193  47.546 0.0000000000
67619  -44.185  3.709  47.039 0.0000000000
67630  -43.758  3.170  46.534 0.0000000000
67629  -42.948  2.868  46.754 0.0000000000
66773  -42.295  2.494  46.068 0.0000000000
66783  -41.227  2.383  45.632 0.0000000000
66795  -41.387  2.452  44.705 0.0000000000
69199  -37.786  5.450  43.467 0.0000000000
69948  -37.740  6.222  43.033 0.0000000000
70764  -37.697  7.042  43.520 0.0000000000
111174  -37.350  7.791  45.084 0.0000000000
70761  -37.648  7.568  44.313 0.0000000000
70757  -36.014  7.476  45.800 0.0000000000
72209  -36.537  9.614  46.287 0.0000000000
72210  -37.354  9.853  46.137 0.0000000000
72826  -37.758  10.576  46.520 0.0000000000
70056  -48.970  7.468  32.687 0.0000000000
70852  -49.279  8.372  32.041 0.0000000000
71604  -48.003  8.639  30.907 0.0000000000
104463  -48.205  8.173  30.965 0.0000000000
70079  -47.843  8.222  30.560 0.0000000000
70086  -47.497  8.002  30.162 0.0000000000
100154  -43.961  6.402  37.063 0.0000000000
100153  -44.833  6.434  37.010 0.0000000000
70039  -43.695  6.464  34.536 0.0000000000
99227  -44.480  6.550  35.176 0.0000000000
70053  -42.312  6.475  33.528 0.0000000000
118832  -42.755  6.498  33.149 0.0000000000
70850  -44.806  7.408  32.054 0.0000000000
70068  -44.140  6.792  32.796 0.0000000000
71602  -46.509  8.575  31.305 0.0000000000
71622  -46.864  8.247  29.859 0.0000000000
113350  -46.354  7.633  29.581 0.0000000000
70090  -45.743  7.125  29.131 0.0000000000
70892  -42.552  7.885  27.769 0.0000000000
70105  -43.159  7.072  26.611 0.0000000000
70904  -43.525  7.189  27.109 0.0000000000
69337  -43.180  6.344  27.028 0.0000000000
70104  -42.629  6.452  26.629 0.0000000000
69341  -41.988  6.224  26.590 0.0000000000
70915  -41.588  8.176  25.557 0.0000000000
70909  -41.346  7.394  25.949 0.0000000000
70914  -40.876  8.042  25.871 0.0000000000
71639  -41.173  8.824  25.527 0.0000000000
106597  -38.201  9.198  41.737 0.0000000000
72229  -38.381  9.963  42.054 0.0000000000
73455  -38.588  11.284  41.085 0.0000000000
73461  -38.568  11.102  40.407 0.0000000000
73462  -38.796  11.317  39.621 0.0000000000
74676  -40.795  13.322  41.195 0.0000000000
74062  -40.019  13.001  40.857 0.0000000000
74692  -40.605  13.425  40.400 0.0000000000
104555  -40.230  12.760  38.124 0.0000000000
73467  -39.333  11.606  38.367 0.0000000000
73472  -39.855  11.855  36.857 0.0000000000
74100  -40.793  12.367  35.505 0.0000000000
73482  -40.389  11.656  35.397 0.0000000000
73487  -40.633  11.375  34.551 0.0000000000
74696  -45.265  14.084  39.981 0.0000000000
105258  -45.225  13.339  37.224 0.0000000000
74740  -44.303  13.478  37.642 0.0000000000
74772  -44.605  14.086  34.589 0.0000000000
103325  -42.856  13.651  34.888 0.0000000000
74763  -42.605  13.520  35.495 0.0000000000
74762  -41.875  13.232  35.719 0.0000000000
74109  -42.058  13.280  34.815 0.0000000000
74123  -41.480  12.283  32.750 0.0000000000
74116  -41.466  12.458  33.578 0.0000000000
73499  -41.145  11.517  32.541 0.0000000000
72903  -41.065  11.236  31.930 0.0000000000
74143  -41.954  12.163  29.783 0.0000000000
73510  -41.508  11.466  30.247 0.0000000000
73514  -41.670  11.407  29.149 0.0000000000
73519  -42.230  11.638  28.087 0.0000000000
74813  -43.212  13.892  28.917 0.0000000000
74157  -43.247  12.604  26.340 0.0000000000
101849  -43.025  12.721  27.256 0.0000000000
99450  -42.935  11.270  26.152 0.0000000000
102187  -42.714  11.121  25.548 0.0000000000
73531  -42.443  11.221  25.296 0.0000000000
72929  -41.491  10.579  25.434 0.0000000000
72925  -40.770  10.250  26.042 0.0000000000
73520  -40.524  10.980  26.969 0.0000000000
76893  -41.849  16.231  27.168 0.0000000000
76194  -41.528  15.537  27.106 0.0000000000
76181  -40.591  15.334  28.949 0.0000000000
75489  -40.813  14.488  28.376 0.0000000000
104233  -45.103  17.685  32.654 0.0000000000
77510  -44.756  17.995  32.175 0.0000000000
77500  -44.505  17.869  32.773 0.0000000000
77508  -42.499  17.964  32.503 0.0000000000
77509  -43.225  18.159  32.178 0.0000000000
78140  -42.594  18.260  31.728 0.0000000000
78151  -41.756  18.319  31.191 0.0000000000
77486  -41.673  16.938  34.301 0.0000000000
77497  -41.246  17.342  33.555 0.0000000000
100712  -40.108  18.418  31.843 0.0000000000
78150  -40.197  18.384  31.056 0.0000000000
78149  -39.382  18.465  31.052 0.0000000000
78161  -38.386  18.102  30.229 0.0000000000
78148  -38.382  18.410  31.049 0.0000000000
77505  -36.951  17.757  31.855 0.0000000000
76846  -36.897  16.402  31.884 0.0000000000
76165  -37.725  16.170  31.629 0.0000000000
76158  -36.617  15.936  32.525 0.0000000000
77494  -36.101  17.708  33.043 0.0000000000
76839  -35.743  16.395  33.054 0.0000000000
77493  -35.559  17.177  33.355 0.0000000000
77481  -35.217  17.481  34.143 0.0000000000
77482  -37.448  18.142  35.075 0.0000000000
78099  -36.107  18.271  35.918 0.0000000000
78110  -36.148  18.429  35.078 0.0000000000
77469  -34.930  17.759  35.033 0.0000000000
79706  -41.331  21.813  38.155 0.0000000000
79184  -41.300  20.542  38.115 0.0000000000
79183  -40.594  20.857  38.458 0.0000000000
78665  -40.072  20.239  39.232 0.0000000000
69959  -38.593  6.705  41.167 0.0000000000
70776  -38.832  7.326  40.512 0.0000000000
103214  -38.275  9.071  40.946 0.0000000000
77404  -46.796  17.979  42.004 0.0000000000
78647  -45.986  19.783  41.388 0.0000000000
105704  -46.313  20.835  41.000 0.0000000000
101903  -38.907  12.431  47.270 0.0000000000
74009  -39.539  12.523  46.965 0.0000000000
109281  -45.159  3.294  45.008 0.0000000000
69175  -34.327  5.616  47.188 0.0000000000
69998  -46.516  6.409  37.435 0.0000000000
99672  -45.990  6.658  36.211 0.0000000000
71574  -40.450  8.616  34.005 0.0000000000
71600  -40.806  8.559  31.429 0.0000000000
71609  -41.053  8.416  30.570 0.0000000000
72914  -40.890  10.117  30.605 0.0000000000
74678  -43.551  13.726  41.799 0.0000000000
75389  -43.963  14.200  41.217 0.0000000000
75398  -44.562  14.306  40.560 0.0000000000
76155  -45.641  15.530  33.572 0.0000000000
75455  -45.618  15.020  33.586 0.0000000000
76154  -45.541  15.506  32.895 0.0000000000
115506  -45.470  15.473  32.461 0.0000000000
76168  -44.928  15.403  31.062 0.0000000000
76176  -44.960  15.985  30.469 0.0000000000
76873  -44.488  16.474  29.742 0.0000000000
76872  -43.990  16.793  29.203 0.0000000000
77526  -44.190  17.328  29.935 0.0000000000
106735  -43.969  17.980  30.514 0.0000000000
99860  -43.243  19.002  37.314 0.0000000000
77454  -42.365  17.780  37.152 0.0000000000
77453  -41.604  17.312  37.285 0.0000000000
76810  -40.892  16.808  37.198 0.0000000000
100815  -40.934  17.237  37.642 0.0000000000
78081  -41.072  18.432  38.299 0.0000000000
70787  -39.869  8.230  38.759 0.0000000000
71564  -39.753  8.880  36.531 0.0000000000
118758  -39.754  10.223  35.792 0.0000000000
74683  -49.116  13.445  41.271 0.0000000000
74700  -48.778  13.458  40.489 0.0000000000
76794  -46.885  16.381  38.749 0.0000000000
111892  -47.347  15.778  36.957 0.0000000000
78670  -48.506  20.708  37.387 0.0000000000
78681  -48.513  20.473  37.039 0.0000000000
79195  -48.358  20.914  37.256 0.0000000000
79193  -46.827  20.789  37.162 0.0000000000
99084  -45.823  19.974  37.142 0.0000000000
79720  -46.307  21.340  37.716 0.0000000000
79710  -45.508  21.770  38.310 0.0000000000
69327  -41.494  5.319  28.006 0.0000000000
71525  -38.521  8.765  44.491 0.0000000000
71526  -38.974  9.173  44.211 0.0000000000
72222  -40.782  9.939  44.972 0.0000000000
72833  -41.945  10.494  45.285 0.0000000000
72835  -43.152  10.763  44.431 0.0000000000
73433  -44.109  11.341  44.158 0.0000000000
74645  -46.704  13.017  45.561 0.0000000000
74021  -47.236  12.705  45.043 0.0000000000
74028  -47.809  12.782  44.530 0.0000000000
74651  -49.231  13.217  44.319 0.0000000000
69256  -50.055  5.630  38.787 0.0000000000
68444  -47.488  4.311  41.885 0.0000000000
68463  -47.246  4.665  41.062 0.0000000000
68461  -45.541  4.922  40.656 0.0000000000
69227  -44.800  5.321  40.376 0.0000000000
112442  -44.831  4.795  40.799 0.0000000000
68440  -43.623  4.281  41.144 0.0000000000
67673  -41.941  3.297  42.335 0.0000000000
68437  -40.715  4.027  41.755 0.0000000000
68436  -39.989  4.544  41.684 0.0000000000
67597  -40.290  3.375  49.187 0.0000000000
67598  -41.180  3.723  49.234 0.0000000000
68362  -41.915  3.856  48.978 0.0000000000
67604  -42.262  3.513  48.317 0.0000000000
66760  -42.089  2.742  46.981 0.0000000000
68399  -37.734  4.535  44.563 0.0000000000
69197  -37.456  5.373  44.335 0.0000000000
107759  -37.424  6.813  44.202 0.0000000000
70758  -36.701  7.252  45.361 0.0000000000
101577  -48.086  9.004  31.226 0.0000000000
70077  -42.920  6.686  31.944 0.0000000000
70067  -43.233  6.583  32.684 0.0000000000
70862  -44.624  7.457  31.083 0.0000000000
70875  -45.528  8.077  30.062 0.0000000000
101030  -45.705  7.843  29.342 0.0000000000
70895  -45.337  7.352  29.010 0.0000000000
70894  -44.513  7.087  28.161 0.0000000000
71620  -41.797  8.519  28.405 0.0000000000
117237  -42.852  8.154  26.234 0.0000000000
70910  -42.721  7.901  25.979 0.0000000000
71641  -42.177  9.060  25.386 0.0000000000
72855  -38.480  10.652  41.590 0.0000000000
73450  -38.993  11.908  41.243 0.0000000000
74709  -41.641  13.748  39.360 0.0000000000
74708  -40.705  13.486  39.551 0.0000000000
74722  -41.034  13.497  38.763 0.0000000000
114112  -40.687  13.226  38.285 0.0000000000
74084  -40.328  12.525  37.248 0.0000000000
74727  -46.245  13.184  38.575 0.0000000000
74741  -46.213  13.109  37.725 0.0000000000
119926  -44.878  13.497  36.528 0.0000000000
119548  -44.104  14.118  34.199 0.0000000000
74782  -43.554  13.991  33.732 0.0000000000
74117  -41.942  13.149  33.897 0.0000000000
74130  -41.885  12.888  32.209 0.0000000000
74812  -42.552  12.918  29.191 0.0000000000
99587  -43.528  14.377  27.095 0.0000000000
74829  -43.294  14.002  26.244 0.0000000000
74158  -43.288  13.190  26.065 0.0000000000
74166  -43.145  12.608  25.537 0.0000000000
73527  -42.977  11.953  25.231 0.0000000000
74171  -42.572  12.110  25.204 0.0000000000
74164  -41.684  12.058  25.572 0.0000000000
110514  -41.016  12.840  27.270 0.0000000000
76892  -41.060  16.324  27.698 0.0000000000
76881  -40.557  16.979  28.202 0.0000000000
108759  -44.198  17.627  33.531 0.0000000000
77496  -40.369  17.583  33.544 0.0000000000
78136  -38.179  18.523  32.091 0.0000000000
77504  -36.399  17.334  32.357 0.0000000000
78134  -36.707  18.069  32.685 0.0000000000
78126  -36.471  18.325  33.488 0.0000000000
101076  -37.481  17.519  35.954 0.0000000000
77463  -37.436  17.182  36.876 0.0000000000
108117  -36.212  18.067  36.666 0.0000000000
78089  -35.976  18.074  37.365 0.0000000000
70781  -39.646  7.541  39.709 0.0000000000
119201  -39.615  8.068  39.368 0.0000000000
76102  -49.279  14.696  41.160 0.0000000000
76789  -47.448  15.846  40.371 0.0000000000
78083  -47.765  18.567  37.357 0.0000000000
103998  -48.108  19.641  38.008 0.0000000000
79185  -48.524  20.942  37.932 0.0000000000
104091  -48.193  21.336  38.301 0.0000000000
79701  -47.883  21.952  39.091 0.0000000000
68565  -42.808  5.036  28.595 0.0000000000
73424  -40.616  11.475  46.293 0.0000000000
74012  -39.906  11.835  46.654 0.0000000000
73425  -41.327  11.510  45.958 0.0000000000
67678  -46.682  3.697  42.937 0.0000000000
67658  -43.391  3.005  43.113 0.0000000000
66805  -41.654  2.572  44.023 0.0000000000
68338  -38.574  5.303  50.331 0.0000000000
68349  -38.407  4.251  50.035 0.0000000000
109201  -38.895  3.603  49.616 0.0000000000
67596  -39.405  3.020  49.138 0.0000000000
69193  -36.672  4.952  45.700 0.0000000000
110606  -36.388  5.775  45.736 0.0000000000
69938  -35.460  6.836  46.140 0.0000000000
69184  -34.852  6.156  46.597 0.0000000000
119279  -41.492  6.634  35.148 0.0000000000
70028  -41.827  6.449  34.824 0.0000000000
70052  -41.612  6.742  33.323 0.0000000000
70065  -41.620  6.903  32.709 0.0000000000
70860  -42.453  6.893  31.242 0.0000000000
70872  -42.751  7.241  29.574 0.0000000000
70871  -41.910  7.594  29.563 0.0000000000
71610  -41.448  8.232  29.583 0.0000000000
72920  -41.759  10.157  27.852 0.0000000000
74039  -40.961  12.360  42.281 0.0000000000
74693  -41.358  13.686  40.789 0.0000000000
74694  -42.177  13.962  41.085 0.0000000000
100093  -42.360  13.776  38.873 0.0000000000
115211  -46.489  13.868  35.829 0.0000000000
74765  -45.988  13.684  35.789 0.0000000000
74773  -45.362  14.317  34.467 0.0000000000
75461  -43.768  14.248  32.142 0.0000000000
74806  -43.311  14.046  30.633 0.0000000000
75477  -44.385  15.189  30.092 0.0000000000
75483  -44.090  15.062  28.998 0.0000000000
75490  -43.643  14.600  28.237 0.0000000000
112534  -43.639  15.055  27.352 0.0000000000
76202  -43.043  15.167  26.143 0.0000000000
113975  -42.262  14.798  26.007 0.0000000000
76196  -42.680  15.673  26.612 0.0000000000
76894  -42.406  16.444  27.445 0.0000000000
77554  -41.796  16.881  27.714 0.0000000000
77548  -42.901  17.115  28.484 0.0000000000
77547  -42.296  17.102  28.098 0.0000000000
78179  -40.952  17.782  28.683 0.0000000000
78172  -40.435  18.008  28.896 0.0000000000
77465  -44.290  17.787  35.996 0.0000000000
77473  -42.952  17.051  35.179 0.0000000000
76834  -41.993  16.719  35.123 0.0000000000
76833  -41.083  16.677  35.037 0.0000000000
76832  -40.223  16.790  34.899 0.0000000000
77484  -39.452  17.101  34.742 0.0000000000
101669  -38.773  17.535  34.630 0.0000000000
77472  -39.014  16.998  35.221 0.0000000000
108724  -39.103  16.572  36.767 0.0000000000
100669  -40.290  16.620  37.116 0.0000000000
76809  -39.598  16.632  37.337 0.0000000000
77451  -38.261  16.926  38.038 0.0000000000
77439  -38.462  17.272  38.680 0.0000000000
101388  -43.080  6.422  37.058 0.0000000000
70789  -41.190  7.177  38.578 0.0000000000
70792  -41.107  7.238  37.886 0.0000000000
70809  -41.205  6.818  35.513 0.0000000000
102771  -40.487  9.540  33.594 0.0000000000
72898  -40.575  10.415  33.617 0.0000000000
74680  -45.906  14.000  41.265 0.0000000000
74698  -46.929  13.590  40.582 0.0000000000
115070  -46.918  13.330  39.790 0.0000000000
115282  -47.351  12.968  39.014 0.0000000000
74756  -47.279  13.513  37.090 0.0000000000
76108  -48.851  14.377  40.356 0.0000000000
76115  -48.571  14.182  39.717 0.0000000000
75407  -48.365  13.657  39.235 0.0000000000
98941  -47.896  14.350  38.507 0.0000000000
75428  -47.004  13.939  36.278 0.0000000000
76140  -46.587  15.060  34.877 0.0000000000
76141  -46.957  15.492  35.437 0.0000000000
77501  -45.433  17.372  32.931 0.0000000000
109600  -44.886  17.696  35.258 0.0000000000
78093  -48.024  18.866  36.868 0.0000000000
78104  -47.182  18.873  36.176 0.0000000000
78687  -48.344  20.083  36.773 0.0000000000
78112  -45.381  18.166  35.737 0.0000000000
78101  -43.902  18.240  36.554 0.0000000000
78677  -44.628  19.652  37.329 0.0000000000
79190  -42.982  20.649  37.795 0.0000000000
110295  -37.962  7.723  42.907 0.0000000000
71530  -38.122  8.501  42.395 0.0000000000
72230  -38.804  9.847  42.898 0.0000000000
72223  -41.279  10.169  44.469 0.0000000000
114676  -41.037  10.883  43.473 0.0000000000
73441  -41.763  11.869  42.905 0.0000000000
73442  -42.489  12.141  42.863 0.0000000000
74041  -43.340  12.081  43.054 0.0000000000
100431  -44.010  12.601  42.813 0.0000000000
74019  -44.400  12.141  44.900 0.0000000000
74025  -44.666  11.830  44.366 0.0000000000
74026  -45.522  12.174  44.321 0.0000000000
74043  -45.962  12.716  43.411 0.0000000000
74665  -48.477  13.405  41.984 0.0000000000
106953  -49.600  13.716  41.741 0.0000000000
74684  -49.780  13.922  41.628 0.0000000000
74668  -50.341  13.965  42.991 0.0000000000
112993  -48.713  5.959  37.983 0.0000000000
69999  -48.078  6.208  37.539 0.0000000000
101357  -47.179  6.185  37.863 0.0000000000
69985  -46.405  6.255  38.192 0.0000000000
116470  -45.647  6.369  38.427 0.0000000000
69230  -48.500  5.200  40.007 0.0000000000
107027  -47.540  5.340  39.831 0.0000000000
69229  -46.955  5.092  40.355 0.0000000000
69972  -44.480  6.375  39.191 0.0000000000
69239  -43.372  5.939  39.848 0.0000000000
110662  -44.092  5.655  40.136 0.0000000000
69963  -42.485  5.980  39.861 0.0000000000
68439  -42.776  4.263  41.134 0.0000000000
69223  -40.240  5.790  40.535 0.0000000000
69208  -38.865  5.882  41.354 0.0000000000
116190  -38.439  6.293  41.686 0.0000000000
68384  -45.641  4.242  46.632 0.0000000000
69900  -43.534  6.506  50.439 0.0000000000
69910  -43.682  5.937  49.878 0.0000000000
69157  -44.126  5.592  49.383 0.0000000000
69168  -44.576  5.222  48.703 0.0000000000
118343  -44.570  4.276  47.518 0.0000000000
68375  -44.933  3.978  46.815 0.0000000000
67638  -44.091  2.951  45.804 0.0000000000
66784  -42.765  2.513  45.297 0.0000000000
106406  -40.878  2.668  43.921 0.0000000000
116201  -39.756  2.181  46.860 0.0000000000
66770  -39.724  2.347  46.131 0.0000000000
66781  -39.702  2.551  45.278 0.0000000000
66804  -39.894  2.953  43.877 0.0000000000
70762  -38.086  8.211  44.200 0.0000000000
71522  -38.405  8.944  45.059 0.0000000000
72827  -38.576  10.514  46.308 0.0000000000
73423  -38.486  11.096  46.688 0.0000000000
72822  -37.153  10.995  46.976 0.0000000000
73422  -37.804  11.268  46.911 0.0000000000
73419  -38.282  11.915  47.216 0.0000000000
117856  -48.160  7.124  32.445 0.0000000000
69307  -46.667  6.409  31.449 0.0000000000
69314  -46.493  6.608  30.525 0.0000000000
99480  -45.290  6.538  36.244 0.0000000000
70031  -45.050  6.606  35.580 0.0000000000
70038  -42.524  6.379  34.290 0.0000000000
70054  -44.397  6.767  33.620 0.0000000000
70839  -45.817  7.815  33.151 0.0000000000
112149  -47.320  8.898  31.365 0.0000000000
71603  -47.436  8.998  30.920 0.0000000000
103434  -47.461  8.534  30.402 0.0000000000
71612  -46.932  8.523  30.164 0.0000000000
112837  -47.374  7.977  29.798 0.0000000000
70085  -46.806  7.508  30.081 0.0000000000
69320  -44.811  5.940  29.134 0.0000000000
69331  -45.212  6.710  28.716 0.0000000000
69329  -43.626  5.606  28.370 0.0000000000
69328  -42.882  5.539  27.708 0.0000000000
70905  -43.944  7.063  27.531 0.0000000000
70103  -41.456  6.272  26.842 0.0000000000
70115  -42.081  7.508  25.709 0.0000000000
70110  -41.109  6.812  26.461 0.0000000000
116310  -40.572  7.132  26.839 0.0000000000
72862  -38.365  10.551  40.799 0.0000000000
72243  -38.371  9.770  40.446 0.0000000000
72869  -38.853  10.495  39.110 0.0000000000
72873  -39.165  10.610  38.179 0.0000000000
74054  -40.389  12.772  41.640 0.0000000000
74061  -39.332  12.418  40.597 0.0000000000
74069  -39.164  12.193  39.710 0.0000000000
100408  -39.159  11.778  39.064 0.0000000000
72882  -39.857  10.855  35.731 0.0000000000
73477  -39.958  11.591  36.103 0.0000000000
72894  -40.485  10.641  34.308 0.0000000000
116566  -45.320  14.163  40.676 0.0000000000
75406  -44.364  14.216  39.778 0.0000000000
98912  -44.108  13.792  38.947 0.0000000000
74738  -42.439  13.519  37.215 0.0000000000
105278  -45.110  13.635  35.867 0.0000000000
106042  -44.054  13.626  36.114 0.0000000000
74752  -43.286  13.554  36.699 0.0000000000
104277  -41.350  12.767  35.205 0.0000000000
73488  -41.069  11.868  34.064 0.0000000000
73498  -40.806  10.930  32.973 0.0000000000
107747  -40.769  10.560  32.225 0.0000000000
72909  -40.921  10.739  31.373 0.0000000000
110306  -41.156  10.920  30.675 0.0000000000
104349  -42.818  13.629  29.989 0.0000000000
74150  -42.561  12.450  28.081 0.0000000000
72921  -42.398  10.906  27.117 0.0000000000
72931  -42.546  10.132  25.685 0.0000000000
72321  -42.063  9.625  25.255 0.0000000000
72936  -41.953  10.348  25.212 0.0000000000
72320  -41.617  9.567  25.326 0.0000000000
72315  -40.887  9.459  25.681 0.0000000000
75495  -41.735  14.775  26.449 0.0000000000
76187  -40.932  15.475  27.948 0.0000000000
77517  -44.821  17.831  31.529 0.0000000000
114624  -44.312  18.081  31.110 0.0000000000
78153  -43.724  18.277  31.019 0.0000000000
109527  -43.983  18.199  32.221 0.0000000000
78141  -43.455  18.278  31.598 0.0000000000
78164  -41.658  18.229  30.208 0.0000000000
111300  -40.585  18.259  29.622 0.0000000000
77498  -42.341  17.464  33.430 0.0000000000
77506  -40.807  17.768  32.971 0.0000000000
102387  -40.919  18.339  31.559 0.0000000000
78162  -39.691  18.444  30.100 0.0000000000
77532  -38.641  17.801  29.762 0.0000000000
76862  -38.340  17.142  30.036 0.0000000000
76854  -37.914  16.650  30.760 0.0000000000
78160  -37.853  18.025  30.735 0.0000000000
76861  -37.729  17.106  30.611 0.0000000000
76845  -36.312  16.556  32.442 0.0000000000
114455  -36.038  15.958  32.858 0.0000000000
77483  -38.016  18.078  34.443 0.0000000000
78119  -36.231  18.457  34.259 0.0000000000
77470  -36.805  18.188  35.538 0.0000000000
78108  -34.847  17.994  35.941 0.0000000000
80230  -47.600  22.409  39.381 0.0000000000
79709  -44.144  21.696  38.368 0.0000000000
79717  -42.520  21.301  37.915 0.0000000000
80234  -42.493  22.233  38.481 0.0000000000
79707  -42.066  21.882  38.032 0.0000000000
79189  -42.143  20.514  37.837 0.0000000000
117857  -41.701  20.033  38.009 0.0000000000
113442  -40.741  18.998  38.643 0.0000000000
77432  -39.627  18.051  39.082 0.0000000000
77431  -38.804  17.781  39.307 0.0000000000
68373  -34.519  4.951  47.490 0.0000000000
71613  -47.245  8.351  30.105 0.0000000000
75454  -44.887  14.624  33.136 0.0000000000
76201  -42.670  15.040  26.009 0.0000000000
76880  -40.045  17.346  28.627 0.0000000000
77442  -41.356  17.820  37.851 0.0000000000
103660  -41.087  21.292  38.119 0.0000000000
110106  -39.603  10.292  36.317 0.0000000000
110785  -43.143  13.628  35.986 0.0000000000
112971  -38.881  18.378  30.324 0.0000000000
117805  -48.545  20.440  37.160 0.0000000000
118593  -43.741  2.719  44.718 0.0000000000
119069  -40.600  4.483  41.432 0.0000000000
