#!ascii label  , from subject sub-01 vox2ras=TkReg
1116
78633  -47.376  19.333  43.162 0.0000000000
86728  -39.274  34.543  35.659 0.0000000000
82745  -40.347  27.577  46.580 0.0000000000
84995  -44.903  31.514  44.286 0.0000000000
85081  -44.488  30.942  33.544 0.0000000000
87285  -45.131  35.220  39.360 0.0000000000
83898  -45.291  30.180  37.309 0.0000000000
99272  -41.311  29.566  41.202 0.0000000000
74647  -48.403  13.238  45.955 0.0000000000
114749  -49.646  17.061  45.291 0.0000000000
90733  -39.650  42.871  35.499 0.0000000000
88921  -44.742  38.977  33.900 0.0000000000
86200  -47.275  34.212  29.627 0.0000000000
80176  -46.859  22.981  46.736 0.0000000000
86695  -40.606  34.503  40.707 0.0000000000
84408  -44.773  30.884  47.389 0.0000000000
81684  -47.735  25.861  45.013 0.0000000000
81180  -44.033  24.666  42.236 0.0000000000
80709  -40.171  23.696  40.138 0.0000000000
105704  -46.313  20.835  41.000 0.0000000000
83389  -47.112  27.651  31.998 0.0000000000
84528  -47.145  30.135  35.230 0.0000000000
83368  -44.926  28.179  33.744 0.0000000000
99330  -42.581  29.399  35.434 0.0000000000
75370  -50.601  14.573  46.819 0.0000000000
76076  -49.443  15.589  47.677 0.0000000000
91727  -36.955  44.380  35.882 0.0000000000
87931  -46.978  37.211  32.414 0.0000000000
79649  -44.681  21.449  45.116 0.0000000000
81138  -42.825  25.277  47.621 0.0000000000
87314  -37.234  35.556  36.448 0.0000000000
87872  -40.093  37.916  38.834 0.0000000000
85545  -46.524  33.704  42.532 0.0000000000
86664  -45.294  34.726  44.087 0.0000000000
103965  -46.446  32.819  46.469 0.0000000000
83261  -46.625  29.165  47.981 0.0000000000
83293  -46.220  28.936  45.921 0.0000000000
81690  -46.571  26.049  42.997 0.0000000000
109382  -44.269  28.285  44.961 0.0000000000
82256  -40.344  26.431  41.558 0.0000000000
85597  -41.938  32.838  34.876 0.0000000000
86718  -42.420  34.584  37.752 0.0000000000
102201  -45.502  32.531  36.239 0.0000000000
85575  -45.907  32.399  39.076 0.0000000000
119545  -45.042  32.052  40.728 0.0000000000
84467  -43.473  30.850  42.357 0.0000000000
84479  -42.809  30.762  39.020 0.0000000000
84497  -40.649  30.400  37.440 0.0000000000
74657  -50.133  13.721  43.456 0.0000000000
76770  -50.410  15.974  43.897 0.0000000000
78621  -49.724  19.064  44.742 0.0000000000
111301  -33.572  40.928  35.743 0.0000000000
89835  -36.451  39.956  34.673 0.0000000000
88915  -39.211  38.532  34.122 0.0000000000
108276  -41.367  36.673  33.464 0.0000000000
86749  -43.359  34.247  32.097 0.0000000000
85105  -45.450  31.269  30.497 0.0000000000
83409  -46.097  28.526  28.412 0.0000000000
85133  -46.166  31.309  27.493 0.0000000000
115539  -45.922  17.769  44.769 0.0000000000
78608  -47.825  19.923  45.771 0.0000000000
102639  -48.824  21.059  45.825 0.0000000000
84438  -40.914  30.653  43.729 0.0000000000
103238  -43.707  36.013  40.431 0.0000000000
85528  -42.730  32.519  43.251 0.0000000000
83275  -42.520  28.830  46.635 0.0000000000
82204  -44.993  26.807  48.384 0.0000000000
81143  -47.975  24.601  47.087 0.0000000000
80198  -47.463  23.160  43.650 0.0000000000
107670  -47.380  23.633  41.214 0.0000000000
80714  -45.855  23.569  40.321 0.0000000000
112439  -43.350  23.101  39.708 0.0000000000
83303  -42.012  27.838  43.218 0.0000000000
81194  -41.708  24.649  41.553 0.0000000000
80232  -40.879  22.157  38.539 0.0000000000
78039  -47.583  18.467  42.816 0.0000000000
78038  -46.529  18.928  42.294 0.0000000000
116543  -46.130  20.534  41.914 0.0000000000
82341  -46.330  26.662  31.108 0.0000000000
82830  -46.997  27.597  33.230 0.0000000000
82856  -44.776  27.034  31.583 0.0000000000
83381  -43.512  28.094  32.800 0.0000000000
82217  -42.008  26.593  47.670 0.0000000000
86727  -38.638  34.870  35.769 0.0000000000
85544  -46.138  33.146  42.824 0.0000000000
85524  -46.518  33.678  44.712 0.0000000000
85523  -46.349  32.891  44.961 0.0000000000
83823  -46.553  30.561  46.728 0.0000000000
84425  -45.726  30.476  45.842 0.0000000000
82752  -45.294  28.410  45.376 0.0000000000
83856  -44.661  29.760  45.186 0.0000000000
85599  -43.178  31.942  34.390 0.0000000000
85579  -43.292  32.678  35.966 0.0000000000
85073  -44.898  31.138  34.450 0.0000000000
83913  -46.759  30.027  35.778 0.0000000000
118760  -46.494  31.033  36.429 0.0000000000
84491  -45.928  31.066  38.014 0.0000000000
85048  -45.846  32.098  39.372 0.0000000000
84490  -45.400  30.981  38.462 0.0000000000
85046  -44.522  31.436  39.598 0.0000000000
113847  -44.670  30.501  38.013 0.0000000000
119244  -41.686  29.989  36.266 0.0000000000
76085  -50.403  15.493  45.715 0.0000000000
109742  -50.819  14.960  45.117 0.0000000000
76767  -50.504  16.240  44.608 0.0000000000
77400  -50.064  17.556  43.880 0.0000000000
77392  -49.956  17.992  44.916 0.0000000000
91221  -38.410  43.985  35.650 0.0000000000
90730  -36.465  42.441  35.587 0.0000000000
90280  -37.707  41.798  35.281 0.0000000000
110165  -37.557  38.674  34.455 0.0000000000
90289  -38.840  41.187  34.875 0.0000000000
89381  -43.697  40.235  34.560 0.0000000000
89385  -41.907  39.189  33.846 0.0000000000
110115  -43.043  38.026  33.466 0.0000000000
103446  -42.289  35.943  32.973 0.0000000000
87928  -43.820  36.684  32.715 0.0000000000
87369  -47.098  35.363  30.852 0.0000000000
86762  -45.824  34.520  31.166 0.0000000000
108289  -46.563  32.999  30.053 0.0000000000
108129  -46.457  30.603  29.502 0.0000000000
103685  -46.787  30.912  28.991 0.0000000000
84012  -46.193  29.964  27.748 0.0000000000
85120  -46.971  31.965  28.349 0.0000000000
78013  -41.797  18.988  46.010 0.0000000000
77380  -43.392  17.946  47.193 0.0000000000
77384  -43.637  17.968  45.729 0.0000000000
76756  -45.828  16.672  45.760 0.0000000000
78026  -44.520  18.529  44.686 0.0000000000
80186  -45.923  22.606  46.158 0.0000000000
78607  -46.381  20.159  45.257 0.0000000000
79651  -47.155  21.990  46.404 0.0000000000
79134  -48.457  20.729  46.104 0.0000000000
79641  -48.156  21.882  46.511 0.0000000000
115296  -39.678  33.945  40.753 0.0000000000
85025  -39.713  31.587  42.330 0.0000000000
85561  -40.603  32.611  41.791 0.0000000000
86719  -44.160  35.124  38.186 0.0000000000
103555  -43.308  36.656  38.742 0.0000000000
87847  -44.287  36.182  39.822 0.0000000000
85522  -44.874  33.673  45.405 0.0000000000
86105  -44.194  33.993  43.306 0.0000000000
84986  -43.857  31.720  45.723 0.0000000000
84985  -42.894  31.135  45.106 0.0000000000
84416  -43.811  30.391  46.559 0.0000000000
82722  -43.881  27.859  48.047 0.0000000000
83260  -44.851  29.287  48.148 0.0000000000
82747  -47.146  27.309  46.317 0.0000000000
82220  -46.936  26.540  47.568 0.0000000000
81677  -48.026  25.031  46.459 0.0000000000
80675  -48.156  23.447  45.359 0.0000000000
81161  -47.866  24.427  44.561 0.0000000000
80694  -47.675  23.989  42.879 0.0000000000
102421  -47.631  25.085  42.875 0.0000000000
81689  -45.477  25.809  43.275 0.0000000000
81723  -46.792  25.074  41.862 0.0000000000
81181  -45.091  24.734  42.042 0.0000000000
80723  -45.147  23.249  39.952 0.0000000000
80712  -43.760  23.806  40.903 0.0000000000
83871  -42.044  29.991  41.543 0.0000000000
83862  -42.604  29.111  43.240 0.0000000000
83865  -41.815  28.905  42.468 0.0000000000
81739  -40.166  25.057  40.858 0.0000000000
81699  -41.162  25.851  42.200 0.0000000000
81207  -40.547  24.319  40.607 0.0000000000
80720  -41.563  23.107  39.663 0.0000000000
80223  -40.300  22.481  39.145 0.0000000000
79704  -40.160  21.303  38.893 0.0000000000
76782  -48.821  15.745  41.620 0.0000000000
109210  -47.787  21.935  39.487 0.0000000000
84552  -45.641  29.640  32.449 0.0000000000
114086  -46.707  30.470  34.530 0.0000000000
83959  -47.654  28.538  33.891 0.0000000000
83358  -46.851  28.451  34.448 0.0000000000
83346  -45.372  28.974  35.504 0.0000000000
83926  -43.747  29.207  35.826 0.0000000000
118624  -43.513  28.768  34.795 0.0000000000
119715  -50.094  13.716  46.517 0.0000000000
75362  -50.504  14.622  47.714 0.0000000000
76758  -49.003  15.988  45.865 0.0000000000
102039  -40.391  46.553  36.168 0.0000000000
88448  -46.324  38.430  33.459 0.0000000000
112173  -47.351  36.184  30.127 0.0000000000
103568  -47.147  35.206  28.788 0.0000000000
79138  -43.482  20.291  44.702 0.0000000000
111290  -43.619  23.627  46.401 0.0000000000
81152  -44.585  24.464  47.160 0.0000000000
112296  -40.524  37.225  39.723 0.0000000000
86698  -46.128  34.527  40.916 0.0000000000
87266  -45.512  35.414  41.623 0.0000000000
86666  -46.247  34.907  43.698 0.0000000000
86099  -46.010  34.409  45.335 0.0000000000
84981  -46.105  32.517  47.239 0.0000000000
84405  -46.153  30.328  48.262 0.0000000000
103814  -46.366  31.514  47.588 0.0000000000
83294  -46.634  28.821  46.550 0.0000000000
82754  -46.794  27.542  45.326 0.0000000000
103401  -47.133  26.373  43.923 0.0000000000
82761  -46.682  27.358  44.913 0.0000000000
82240  -45.494  26.945  44.428 0.0000000000
82239  -44.369  26.889  44.463 0.0000000000
83308  -40.479  28.218  41.473 0.0000000000
83290  -39.125  28.514  45.470 0.0000000000
86157  -40.831  33.621  35.165 0.0000000000
86725  -40.934  33.800  36.856 0.0000000000
111479  -42.304  33.435  36.705 0.0000000000
112402  -43.649  33.713  37.197 0.0000000000
86148  -45.136  33.761  37.628 0.0000000000
85063  -46.350  31.290  35.451 0.0000000000
86149  -45.720  32.932  37.107 0.0000000000
113952  -45.602  33.797  39.062 0.0000000000
85571  -46.316  33.044  40.799 0.0000000000
85570  -46.136  32.784  40.984 0.0000000000
107795  -44.855  32.126  42.455 0.0000000000
84468  -43.983  31.050  43.067 0.0000000000
85038  -43.900  31.529  41.579 0.0000000000
84476  -43.159  31.157  40.432 0.0000000000
84475  -42.536  30.769  39.928 0.0000000000
83909  -42.951  29.770  36.691 0.0000000000
104624  -42.231  30.386  37.687 0.0000000000
74653  -50.480  13.916  45.209 0.0000000000
75377  -50.577  14.477  43.602 0.0000000000
76096  -50.198  15.016  42.498 0.0000000000
77407  -49.628  16.904  43.275 0.0000000000
77399  -49.600  17.904  43.585 0.0000000000
78031  -48.504  19.023  43.563 0.0000000000
89370  -33.293  39.084  35.758 0.0000000000
109102  -34.434  39.791  35.283 0.0000000000
88435  -35.077  37.645  35.465 0.0000000000
88438  -36.382  37.644  34.884 0.0000000000
87911  -37.504  36.735  34.802 0.0000000000
87323  -39.215  35.798  34.502 0.0000000000
90734  -40.848  42.818  35.472 0.0000000000
106144  -40.360  39.646  34.097 0.0000000000
88444  -40.071  37.248  33.768 0.0000000000
111063  -40.150  34.897  34.403 0.0000000000
115232  -41.390  34.710  33.508 0.0000000000
86170  -42.271  33.601  33.115 0.0000000000
85618  -43.301  32.118  32.693 0.0000000000
87336  -45.212  35.867  32.058 0.0000000000
86189  -44.237  33.324  31.344 0.0000000000
85094  -44.413  31.190  31.738 0.0000000000
83984  -45.936  29.284  30.907 0.0000000000
83395  -46.699  27.634  30.780 0.0000000000
82379  -44.211  26.633  27.842 0.0000000000
83407  -44.611  28.075  27.731 0.0000000000
104116  -46.478  33.329  27.607 0.0000000000
76757  -46.832  16.189  46.030 0.0000000000
109886  -47.305  17.095  45.169 0.0000000000
78614  -45.400  19.319  44.644 0.0000000000
78615  -46.556  19.162  44.984 0.0000000000
118199  -49.060  18.241  45.380 0.0000000000
78610  -49.172  19.712  45.460 0.0000000000
78616  -49.373  19.750  45.236 0.0000000000
79145  -48.243  20.546  44.419 0.0000000000
83836  -40.248  29.365  44.945 0.0000000000
87294  -41.560  36.954  38.550 0.0000000000
87860  -41.881  37.697  39.167 0.0000000000
86697  -42.363  35.167  40.787 0.0000000000
87255  -44.724  35.205  42.318 0.0000000000
86111  -43.352  34.007  42.178 0.0000000000
86110  -41.893  33.054  42.013 0.0000000000
85009  -41.632  31.369  43.470 0.0000000000
84423  -41.794  30.040  44.916 0.0000000000
83257  -41.891  28.256  46.717 0.0000000000
82732  -42.415  27.205  47.625 0.0000000000
81665  -43.601  26.424  48.137 0.0000000000
81140  -45.245  24.941  47.640 0.0000000000
109063  -46.112  28.182  48.418 0.0000000000
81651  -46.238  25.979  48.163 0.0000000000
80653  -47.308  24.206  47.386 0.0000000000
80179  -48.424  22.371  46.359 0.0000000000
79658  -48.452  21.818  45.550 0.0000000000
79144  -47.310  20.821  43.643 0.0000000000
79683  -46.611  21.891  42.438 0.0000000000
80215  -47.297  23.097  41.129 0.0000000000
80726  -47.528  22.952  39.998 0.0000000000
81724  -47.249  25.055  41.989 0.0000000000
81211  -47.027  24.074  40.970 0.0000000000
80229  -46.850  22.739  39.303 0.0000000000
80228  -45.585  22.739  39.338 0.0000000000
79709  -44.144  21.696  38.368 0.0000000000
83863  -43.314  29.546  43.758 0.0000000000
82757  -43.009  27.444  44.192 0.0000000000
81687  -43.104  25.890  43.662 0.0000000000
82766  -41.325  27.294  42.656 0.0000000000
81178  -41.746  25.675  42.551 0.0000000000
81179  -43.027  24.758  42.296 0.0000000000
81209  -42.809  23.923  41.019 0.0000000000
80225  -42.036  22.632  39.061 0.0000000000
77404  -46.796  17.979  42.004 0.0000000000
78632  -46.460  19.869  42.577 0.0000000000
82351  -44.755  26.200  30.196 0.0000000000
82857  -46.051  26.825  31.664 0.0000000000
82339  -44.277  26.526  30.853 0.0000000000
106755  -41.315  25.963  47.611 0.0000000000
82730  -40.977  26.882  47.266 0.0000000000
86715  -39.267  34.823  37.260 0.0000000000
86723  -39.614  34.309  36.410 0.0000000000
85011  -45.530  32.293  44.106 0.0000000000
85530  -46.271  33.066  43.890 0.0000000000
84996  -45.684  31.875  45.005 0.0000000000
84443  -45.918  31.445  45.710 0.0000000000
84442  -44.887  30.846  45.000 0.0000000000
85072  -43.860  31.430  34.016 0.0000000000
83912  -45.983  29.936  36.517 0.0000000000
84501  -45.942  30.598  37.257 0.0000000000
99289  -45.555  30.648  37.849 0.0000000000
83897  -44.299  29.932  37.254 0.0000000000
74023  -49.064  13.138  45.249 0.0000000000
76764  -49.888  16.373  45.518 0.0000000000
76765  -50.360  16.336  45.135 0.0000000000
77393  -50.040  17.189  45.098 0.0000000000
77397  -50.183  17.179  44.762 0.0000000000
109957  -38.928  43.402  35.564 0.0000000000
116016  -38.083  43.165  35.593 0.0000000000
90732  -38.443  42.464  35.434 0.0000000000
110631  -38.402  41.683  35.172 0.0000000000
90281  -39.126  41.943  35.259 0.0000000000
89843  -45.145  41.266  34.843 0.0000000000
90294  -44.647  42.038  35.196 0.0000000000
89387  -44.267  39.579  34.303 0.0000000000
89386  -43.025  39.372  34.061 0.0000000000
88920  -43.550  38.809  33.780 0.0000000000
110142  -43.696  37.513  33.194 0.0000000000
114700  -43.975  38.289  33.568 0.0000000000
86778  -47.204  34.822  30.251 0.0000000000
86199  -46.951  33.874  30.193 0.0000000000
86214  -47.087  33.133  29.544 0.0000000000
85112  -46.747  31.506  29.308 0.0000000000
85113  -47.137  32.269  29.072 0.0000000000
85119  -46.743  31.224  28.312 0.0000000000
113168  -47.282  32.907  29.015 0.0000000000
78017  -41.640  19.501  45.689 0.0000000000
113896  -42.366  18.993  45.636 0.0000000000
78018  -43.033  18.518  45.644 0.0000000000
78606  -43.072  18.972  45.126 0.0000000000
77388  -44.307  17.804  45.199 0.0000000000
102716  -47.940  21.246  46.357 0.0000000000
100754  -39.902  35.205  40.375 0.0000000000
86123  -39.875  32.865  41.294 0.0000000000
86124  -40.554  33.471  41.228 0.0000000000
86711  -44.584  35.482  38.683 0.0000000000
87297  -44.594  35.908  39.406 0.0000000000
108021  -45.108  35.517  40.086 0.0000000000
84987  -44.879  32.507  46.462 0.0000000000
85514  -44.394  32.698  45.567 0.0000000000
84979  -44.354  31.375  46.536 0.0000000000
83815  -44.062  29.804  47.140 0.0000000000
83816  -44.844  30.034  47.833 0.0000000000
82236  -47.476  26.544  45.157 0.0000000000
82231  -47.471  26.534  45.978 0.0000000000
81682  -47.750  25.792  45.810 0.0000000000
81683  -48.059  25.057  45.782 0.0000000000
81685  -47.923  25.145  44.848 0.0000000000
81166  -47.714  24.542  43.386 0.0000000000
111164  -47.566  25.844  44.202 0.0000000000
81702  -44.784  25.236  42.725 0.0000000000
81197  -44.418  24.246  41.495 0.0000000000
83870  -41.715  29.357  41.929 0.0000000000
81206  -39.709  24.416  40.445 0.0000000000
80719  -40.649  23.097  39.615 0.0000000000
80718  -39.855  23.133  39.742 0.0000000000
77417  -48.303  16.641  42.104 0.0000000000
79176  -47.141  21.203  39.883 0.0000000000
111441  -47.248  28.222  32.537 0.0000000000
83957  -47.004  29.029  32.995 0.0000000000
83966  -47.622  28.480  33.351 0.0000000000
82829  -45.806  27.628  33.117 0.0000000000
83370  -47.329  28.019  33.904 0.0000000000
83369  -46.301  28.053  33.856 0.0000000000
111885  -46.320  28.834  35.086 0.0000000000
83357  -45.429  28.540  34.647 0.0000000000
83345  -44.235  28.793  35.282 0.0000000000
83356  -44.122  28.509  34.377 0.0000000000
83366  -42.963  28.479  33.385 0.0000000000
75351  -50.320  14.856  48.549 0.0000000000
76080  -49.703  15.550  46.660 0.0000000000
92231  -38.833  46.024  36.153 0.0000000000
88467  -47.256  37.470  31.101 0.0000000000
112112  -47.144  36.678  29.582 0.0000000000
102021  -46.437  37.453  29.740 0.0000000000
80663  -42.869  23.901  46.588 0.0000000000
81151  -43.686  24.247  46.879 0.0000000000
80664  -44.349  23.724  46.550 0.0000000000
81139  -43.699  24.887  47.452 0.0000000000
87317  -36.532  35.941  36.437 0.0000000000
88414  -40.564  38.069  38.980 0.0000000000
111756  -46.615  33.969  41.966 0.0000000000
119252  -46.246  35.117  42.322 0.0000000000
86112  -46.535  34.629  42.684 0.0000000000
85516  -46.426  33.302  45.735 0.0000000000
86100  -46.317  34.080  45.372 0.0000000000
86090  -46.247  33.303  46.344 0.0000000000
86089  -45.902  33.652  46.243 0.0000000000
85509  -46.283  32.779  46.940 0.0000000000
84982  -46.566  31.768  47.150 0.0000000000
83840  -46.504  29.615  46.598 0.0000000000
83824  -46.711  29.887  47.116 0.0000000000
83295  -46.834  27.855  45.978 0.0000000000
110519  -46.563  28.158  45.843 0.0000000000
82753  -46.348  27.946  45.418 0.0000000000
83301  -44.597  28.984  45.248 0.0000000000
82759  -44.835  27.597  44.889 0.0000000000
82758  -43.843  27.535  44.597 0.0000000000
86162  -41.454  33.344  34.541 0.0000000000
85586  -41.592  33.187  35.499 0.0000000000
85587  -42.433  32.708  35.394 0.0000000000
85580  -44.489  32.713  36.220 0.0000000000
118399  -43.769  32.961  36.406 0.0000000000
86154  -44.257  33.359  36.766 0.0000000000
86147  -44.535  34.022  37.518 0.0000000000
86155  -45.283  33.199  36.768 0.0000000000
84545  -47.248  29.952  34.596 0.0000000000
85074  -46.158  31.033  34.804 0.0000000000
85064  -46.678  30.819  35.538 0.0000000000
85052  -46.222  31.632  37.222 0.0000000000
85582  -46.152  32.090  36.783 0.0000000000
85577  -45.894  32.291  37.873 0.0000000000
86142  -45.453  33.403  38.094 0.0000000000
86143  -45.701  32.971  38.764 0.0000000000
86140  -46.013  33.181  39.597 0.0000000000
85047  -45.648  31.946  39.614 0.0000000000
85044  -45.978  32.521  40.202 0.0000000000
85040  -45.668  32.299  40.421 0.0000000000
85543  -45.499  32.551  42.154 0.0000000000
85039  -44.704  32.037  41.545 0.0000000000
84480  -43.591  31.165  39.534 0.0000000000
83943  -43.310  29.077  35.350 0.0000000000
83910  -43.815  29.532  36.526 0.0000000000
83908  -42.355  29.738  36.152 0.0000000000
84514  -41.215  30.283  36.783 0.0000000000
84515  -42.128  30.174  36.912 0.0000000000
74649  -50.461  14.068  46.218 0.0000000000
74648  -49.946  13.564  45.692 0.0000000000
75373  -50.675  14.565  45.735 0.0000000000
76089  -50.718  15.234  44.341 0.0000000000
76092  -50.531  15.120  43.333 0.0000000000
75380  -50.360  14.410  42.728 0.0000000000
76774  -50.223  15.697  43.237 0.0000000000
76773  -49.826  15.935  42.875 0.0000000000
76769  -50.090  16.540  43.587 0.0000000000
78033  -49.870  18.367  44.283 0.0000000000
78032  -49.432  18.757  43.957 0.0000000000
78040  -48.690  18.155  43.236 0.0000000000
107642  -32.062  41.124  36.529 0.0000000000
109505  -31.597  40.182  36.689 0.0000000000
89824  -32.293  40.381  36.255 0.0000000000
119235  -32.608  39.064  36.103 0.0000000000
104603  -33.677  39.971  35.582 0.0000000000
91726  -35.725  44.805  36.336 0.0000000000
91219  -35.922  43.397  35.887 0.0000000000
89831  -36.423  40.932  35.004 0.0000000000
103067  -35.472  40.867  35.206 0.0000000000
110340  -35.094  40.019  35.020 0.0000000000
89372  -34.845  39.178  35.103 0.0000000000
88909  -35.331  38.435  35.048 0.0000000000
88437  -35.739  37.823  35.076 0.0000000000
88912  -36.085  38.433  34.771 0.0000000000
109066  -38.472  38.647  34.314 0.0000000000
88914  -37.848  37.852  34.438 0.0000000000
88440  -38.086  37.094  34.471 0.0000000000
87912  -38.125  36.453  34.681 0.0000000000
104652  -38.779  36.636  34.338 0.0000000000
108984  -40.248  40.942  34.702 0.0000000000
90291  -41.224  41.273  34.769 0.0000000000
109386  -41.442  38.318  33.638 0.0000000000
89384  -40.891  38.997  33.816 0.0000000000
88445  -40.971  37.392  33.596 0.0000000000
107514  -40.479  36.409  33.754 0.0000000000
118605  -41.051  35.942  33.600 0.0000000000
86736  -40.824  34.601  34.021 0.0000000000
87327  -41.185  35.309  33.560 0.0000000000
87334  -43.253  35.060  32.330 0.0000000000
87333  -42.427  35.133  32.715 0.0000000000
86180  -42.879  33.520  32.480 0.0000000000
85617  -42.714  32.712  33.062 0.0000000000
86181  -43.472  33.458  31.917 0.0000000000
88454  -46.686  37.820  32.981 0.0000000000
88453  -45.649  37.538  33.085 0.0000000000
87930  -46.020  36.907  32.564 0.0000000000
86198  -45.739  32.894  30.471 0.0000000000
86190  -45.244  33.629  30.905 0.0000000000
86197  -44.868  32.849  30.823 0.0000000000
85626  -44.300  32.140  31.305 0.0000000000
85104  -44.772  31.445  30.975 0.0000000000
84560  -45.403  29.824  31.478 0.0000000000
84570  -45.734  30.246  30.435 0.0000000000
83993  -46.432  29.202  29.408 0.0000000000
106011  -46.466  28.467  30.046 0.0000000000
110426  -46.502  27.896  29.958 0.0000000000
82872  -46.025  26.860  29.547 0.0000000000
82882  -45.551  27.199  28.671 0.0000000000
83408  -45.719  27.935  28.351 0.0000000000
84596  -46.012  30.484  27.508 0.0000000000
83415  -45.345  28.701  27.659 0.0000000000
84010  -44.972  29.222  27.589 0.0000000000
84595  -45.484  30.169  27.617 0.0000000000
86803  -46.984  34.465  28.320 0.0000000000
76751  -45.921  16.467  46.717 0.0000000000
76760  -45.836  17.223  45.111 0.0000000000
76761  -46.665  16.778  45.376 0.0000000000
76762  -47.800  16.454  45.597 0.0000000000
77389  -46.593  17.458  44.973 0.0000000000
79656  -43.706  21.112  44.806 0.0000000000
115986  -44.201  19.556  44.611 0.0000000000
79139  -44.412  20.572  44.720 0.0000000000
78020  -47.589  18.902  45.388 0.0000000000
78021  -48.630  18.685  45.488 0.0000000000
78022  -49.468  18.844  45.341 0.0000000000
111413  -48.580  19.574  45.685 0.0000000000
79135  -48.789  20.749  45.871 0.0000000000
101725  -49.050  20.225  45.669 0.0000000000
79141  -48.999  20.440  45.487 0.0000000000
79146  -49.124  20.018  44.814 0.0000000000
85008  -40.061  31.228  42.825 0.0000000000
83852  -39.651  29.759  44.328 0.0000000000
86717  -41.354  34.554  37.628 0.0000000000
87308  -42.002  35.690  38.213 0.0000000000
87862  -43.512  36.784  39.251 0.0000000000
87875  -42.829  37.231  38.946 0.0000000000
87861  -42.658  37.330  39.149 0.0000000000
87845  -42.356  36.961  39.637 0.0000000000
87279  -42.804  36.088  40.300 0.0000000000
108846  -45.745  35.383  42.785 0.0000000000
87256  -45.206  35.435  42.230 0.0000000000
117298  -45.325  35.318  42.787 0.0000000000
85529  -43.612  33.066  43.713 0.0000000000
117588  -43.681  33.902  42.678 0.0000000000
86104  -43.177  33.341  42.799 0.0000000000
113156  -42.548  33.498  42.082 0.0000000000
85542  -42.282  32.770  42.546 0.0000000000
85010  -41.969  32.050  42.944 0.0000000000
114774  -42.371  31.869  43.560 0.0000000000
108425  -42.725  29.913  45.884 0.0000000000
84440  -42.121  30.628  44.626 0.0000000000
83821  -41.895  29.526  45.507 0.0000000000
110802  -41.794  28.838  46.124 0.0000000000
113332  -42.085  27.705  47.225 0.0000000000
83258  -42.608  28.237  47.196 0.0000000000
82723  -44.607  27.576  48.309 0.0000000000
82219  -43.663  27.128  48.159 0.0000000000
82203  -44.199  26.820  48.298 0.0000000000
81666  -44.816  25.570  48.002 0.0000000000
81650  -45.361  26.084  48.303 0.0000000000
83810  -46.416  29.902  48.185 0.0000000000
83252  -46.219  29.031  48.400 0.0000000000
107685  -46.511  28.326  48.130 0.0000000000
81669  -47.344  25.557  47.306 0.0000000000
81668  -46.861  25.791  47.727 0.0000000000
81142  -47.342  24.874  47.456 0.0000000000
115961  -46.600  25.379  47.798 0.0000000000
80654  -47.995  23.999  47.261 0.0000000000
80667  -48.200  23.220  46.837 0.0000000000
80655  -48.333  23.723  46.949 0.0000000000
80187  -48.544  22.478  45.949 0.0000000000
80189  -47.979  22.777  44.929 0.0000000000
110717  -47.679  21.216  44.198 0.0000000000
79666  -47.641  22.014  44.338 0.0000000000
79665  -47.037  21.501  43.455 0.0000000000
80197  -47.087  22.501  43.079 0.0000000000
80210  -47.459  23.483  42.153 0.0000000000
79689  -47.453  22.647  40.374 0.0000000000
105386  -47.382  23.089  40.453 0.0000000000
112387  -46.777  26.413  43.583 0.0000000000
81705  -47.299  25.415  42.583 0.0000000000
81704  -46.967  25.621  42.398 0.0000000000
81210  -46.128  23.999  40.795 0.0000000000
80715  -46.747  23.548  40.412 0.0000000000
80725  -47.319  23.114  39.913 0.0000000000
80724  -46.338  23.216  39.839 0.0000000000
80237  -46.195  22.329  38.750 0.0000000000
80227  -44.198  22.762  39.402 0.0000000000
80235  -43.563  22.234  38.688 0.0000000000
79708  -42.963  21.791  38.215 0.0000000000
84459  -43.634  30.357  43.372 0.0000000000
83307  -42.115  28.550  43.010 0.0000000000
117067  -42.634  28.221  43.683 0.0000000000
82244  -42.651  26.716  43.901 0.0000000000
82770  -40.873  27.739  42.123 0.0000000000
82765  -40.768  26.896  42.167 0.0000000000
81722  -41.383  25.284  41.918 0.0000000000
112706  -42.128  24.984  42.196 0.0000000000
81700  -42.595  25.438  42.813 0.0000000000
81195  -42.524  24.429  41.642 0.0000000000
115378  -42.104  24.165  41.097 0.0000000000
80224  -41.134  22.613  39.002 0.0000000000
80233  -41.625  22.227  38.423 0.0000000000
79707  -42.066  21.882  38.032 0.0000000000
77405  -47.870  17.542  42.500 0.0000000000
78050  -46.112  18.650  41.219 0.0000000000
82858  -46.818  27.054  31.305 0.0000000000
82846  -47.160  27.525  32.433 0.0000000000
115987  -46.746  26.965  31.757 0.0000000000
82844  -45.282  27.375  32.326 0.0000000000
82828  -44.516  27.914  32.971 0.0000000000
82843  -44.097  27.548  32.223 0.0000000000
81137  -41.856  25.203  47.574 0.0000000000
81664  -42.246  25.872  47.798 0.0000000000
87315  -38.044  35.138  36.304 0.0000000000
86714  -38.400  35.107  37.163 0.0000000000
87306  -39.858  35.651  38.006 0.0000000000
85531  -46.558  33.715  43.608 0.0000000000
84988  -46.483  32.419  45.982 0.0000000000
84989  -46.570  32.230  46.800 0.0000000000
84426  -46.483  31.513  46.474 0.0000000000
83839  -46.110  29.814  46.203 0.0000000000
83838  -45.369  29.395  45.639 0.0000000000
85598  -42.503  32.464  34.652 0.0000000000
85588  -43.224  32.262  35.183 0.0000000000
85061  -44.171  31.710  34.979 0.0000000000
85589  -45.040  32.157  35.702 0.0000000000
84517  -46.662  30.658  35.862 0.0000000000
84516  -46.355  30.534  36.472 0.0000000000
84502  -46.288  31.050  37.157 0.0000000000
114470  -46.083  31.450  37.760 0.0000000000
85050  -45.887  31.704  38.502 0.0000000000
84482  -45.662  31.530  38.802 0.0000000000
84481  -45.231  31.418  39.189 0.0000000000
99117  -44.564  31.058  38.849 0.0000000000
84489  -43.666  30.736  38.536 0.0000000000
83924  -41.804  29.711  35.615 0.0000000000
108056  -49.849  13.513  44.020 0.0000000000
76082  -50.631  14.977  46.386 0.0000000000
112175  -50.699  15.076  45.619 0.0000000000
76086  -50.674  15.525  45.123 0.0000000000
77401  -50.286  17.002  44.191 0.0000000000
77396  -50.104  17.906  44.484 0.0000000000
78029  -49.924  18.638  44.858 0.0000000000
90274  -33.341  41.694  36.125 0.0000000000
108210  -37.405  43.630  35.690 0.0000000000
102729  -36.654  43.107  35.691 0.0000000000
90731  -37.368  42.610  35.535 0.0000000000
90279  -36.877  41.791  35.374 0.0000000000
89836  -37.154  40.489  34.683 0.0000000000
89376  -37.217  39.564  34.515 0.0000000000
102980  -37.786  40.189  34.533 0.0000000000
89837  -38.560  40.346  34.547 0.0000000000
89378  -39.278  39.561  34.287 0.0000000000
90293  -43.790  41.913  35.325 0.0000000000
89840  -41.858  40.665  34.522 0.0000000000
89380  -42.451  40.009  34.294 0.0000000000
88919  -42.470  38.565  33.650 0.0000000000
88446  -42.004  37.598  33.425 0.0000000000
111016  -42.125  36.713  33.224 0.0000000000
108785  -42.722  37.343  33.208 0.0000000000
87927  -43.081  35.888  32.613 0.0000000000
87335  -44.015  35.853  32.314 0.0000000000
87351  -46.918  35.869  31.409 0.0000000000
87350  -46.024  35.444  31.573 0.0000000000
86763  -46.567  35.122  31.179 0.0000000000
86776  -46.226  33.738  30.565 0.0000000000
85636  -46.091  32.121  30.119 0.0000000000
85106  -46.291  31.320  29.844 0.0000000000
84577  -46.572  30.045  29.124 0.0000000000
83999  -46.411  29.399  28.508 0.0000000000
114369  -45.975  29.080  27.741 0.0000000000
84584  -46.589  30.399  28.360 0.0000000000
84597  -46.367  30.834  27.745 0.0000000000
85134  -46.568  31.619  27.806 0.0000000000
79129  -40.348  20.280  45.973 0.0000000000
111583  -41.304  19.296  46.162 0.0000000000
78010  -41.669  18.997  46.743 0.0000000000
78015  -43.104  18.190  46.383 0.0000000000
77386  -44.991  16.877  46.390 0.0000000000
77385  -44.222  17.390  46.026 0.0000000000
103746  -45.013  17.218  45.492 0.0000000000
77395  -45.174  17.763  44.826 0.0000000000
80185  -44.731  22.376  45.600 0.0000000000
79132  -45.528  20.887  45.148 0.0000000000
79650  -45.801  21.764  45.635 0.0000000000
79133  -46.789  21.121  45.813 0.0000000000
114089  -47.586  20.643  45.966 0.0000000000
78609  -48.889  20.271  45.876 0.0000000000
79652  -48.466  21.340  46.206 0.0000000000
79642  -48.403  21.894  46.324 0.0000000000
110428  -39.248  32.362  41.511 0.0000000000
85560  -39.892  32.146  41.861 0.0000000000
102885  -40.788  31.250  43.077 0.0000000000
87309  -43.198  35.706  38.317 0.0000000000
87296  -43.926  36.121  38.620 0.0000000000
87863  -44.064  36.463  39.180 0.0000000000
112505  -43.828  36.372  39.898 0.0000000000
86098  -45.467  34.367  45.084 0.0000000000
86097  -44.553  33.821  44.419 0.0000000000
85521  -43.980  32.868  44.657 0.0000000000
84994  -43.414  31.982  44.888 0.0000000000
85520  -43.090  32.226  44.022 0.0000000000
84415  -43.326  30.690  45.854 0.0000000000
83822  -43.142  29.595  46.513 0.0000000000
83814  -43.376  28.909  47.258 0.0000000000
99917  -44.060  28.611  47.851 0.0000000000
83250  -44.725  28.494  48.240 0.0000000000
83262  -46.806  28.314  47.657 0.0000000000
82734  -46.697  27.488  47.865 0.0000000000
82221  -47.304  26.495  46.872 0.0000000000
81676  -47.656  25.628  46.630 0.0000000000
81154  -48.298  24.300  46.606 0.0000000000
109668  -48.387  23.597  46.626 0.0000000000
81158  -48.254  24.157  45.825 0.0000000000
80683  -47.704  23.775  44.137 0.0000000000
115843  -47.648  24.544  42.545 0.0000000000
82247  -46.059  26.448  43.741 0.0000000000
81703  -46.014  25.347  42.439 0.0000000000
81182  -45.972  24.777  41.824 0.0000000000
106482  -45.475  24.327  41.366 0.0000000000
80713  -44.946  23.772  40.722 0.0000000000
80722  -44.055  23.373  40.146 0.0000000000
84466  -42.707  30.391  41.928 0.0000000000
83867  -42.957  29.970  42.858 0.0000000000
83866  -42.273  29.543  42.403 0.0000000000
120022  -42.185  29.039  42.784 0.0000000000
81698  -40.840  26.249  42.068 0.0000000000
81721  -40.661  25.646  41.592 0.0000000000
81193  -40.932  24.846  41.300 0.0000000000
81208  -41.408  24.225  40.850 0.0000000000
80711  -42.073  23.659  40.406 0.0000000000
80710  -41.066  23.649  40.234 0.0000000000
79705  -40.716  21.619  38.412 0.0000000000
79700  -40.349  21.943  38.748 0.0000000000
79699  -39.801  21.870  39.238 0.0000000000
76102  -49.279  14.696  41.160 0.0000000000
84551  -45.099  30.355  33.023 0.0000000000
84538  -45.612  30.595  33.994 0.0000000000
84544  -46.592  29.883  33.685 0.0000000000
83958  -47.548  29.192  33.905 0.0000000000
83944  -47.393  29.271  34.495 0.0000000000
82831  -47.573  27.961  33.371 0.0000000000
83359  -47.498  28.510  34.188 0.0000000000
83929  -47.118  29.596  35.155 0.0000000000
83928  -46.397  29.400  35.589 0.0000000000
109399  -45.449  29.417  36.094 0.0000000000
83911  -44.916  29.634  36.685 0.0000000000
83927  -44.520  29.252  35.987 0.0000000000
83942  -42.849  29.062  34.730 0.0000000000
83367  -43.837  28.339  33.561 0.0000000000
83355  -43.250  28.692  34.134 0.0000000000
101566  -49.314  13.441  46.212 0.0000000000
74637  -49.806  13.664  47.116 0.0000000000
74638  -50.409  14.112  47.128 0.0000000000
76078  -50.575  14.935  47.367 0.0000000000
76081  -50.406  15.199  46.686 0.0000000000
114347  -49.934  15.662  45.996 0.0000000000
91728  -37.347  45.476  36.090 0.0000000000
91739  -37.957  44.706  35.810 0.0000000000
91740  -39.137  45.078  35.834 0.0000000000
112506  -39.281  44.280  35.667 0.0000000000
88922  -46.032  39.137  33.958 0.0000000000
117090  -47.362  37.414  32.075 0.0000000000
87940  -47.416  37.116  31.483 0.0000000000
87370  -47.302  35.628  30.358 0.0000000000
87380  -47.298  35.367  29.573 0.0000000000
86792  -47.246  34.578  29.043 0.0000000000
117930  -47.287  36.096  29.537 0.0000000000
87968  -47.142  36.010  28.888 0.0000000000
80671  -43.215  23.192  45.955 0.0000000000
80174  -44.084  23.119  45.972 0.0000000000
80175  -45.030  23.180  46.191 0.0000000000
105002  -45.288  23.832  46.797 0.0000000000
112188  -40.041  36.317  40.087 0.0000000000
87277  -40.851  35.844  40.219 0.0000000000
86704  -45.574  34.915  40.131 0.0000000000
87282  -45.581  35.279  40.906 0.0000000000
87267  -46.037  35.171  41.695 0.0000000000
87257  -45.906  35.375  42.316 0.0000000000
86671  -46.007  35.261  43.411 0.0000000000
86106  -46.495  34.330  44.321 0.0000000000
86660  -46.127  34.646  44.649 0.0000000000
86659  -45.874  34.724  44.715 0.0000000000
86092  -45.706  34.047  45.799 0.0000000000
85515  -45.348  33.438  46.183 0.0000000000
84980  -45.484  32.073  47.267 0.0000000000
84409  -45.454  30.727  47.942 0.0000000000
84975  -46.058  31.904  47.594 0.0000000000
84411  -46.412  30.674  47.960 0.0000000000
83817  -46.640  30.018  47.752 0.0000000000
84417  -46.670  31.477  46.965 0.0000000000
83276  -46.762  29.098  47.371 0.0000000000
83277  -46.900  28.171  46.823 0.0000000000
82755  -47.160  27.184  45.455 0.0000000000
108001  -47.389  26.404  44.545 0.0000000000
82242  -47.072  26.959  44.729 0.0000000000
82241  -46.596  26.905  44.296 0.0000000000
82760  -46.009  27.569  44.885 0.0000000000
82246  -44.937  26.264  44.025 0.0000000000
81688  -44.294  25.717  43.484 0.0000000000
83869  -40.699  28.972  41.267 0.0000000000
82769  -40.224  27.288  41.491 0.0000000000
82255  -39.679  26.644  40.982 0.0000000000
81720  -39.867  25.853  40.940 0.0000000000
86729  -40.095  34.063  35.604 0.0000000000
86724  -40.267  33.927  36.423 0.0000000000
86151  -40.793  33.568  35.965 0.0000000000
86152  -41.585  33.428  36.372 0.0000000000
86146  -42.761  33.759  37.257 0.0000000000
112595  -43.173  33.239  36.638 0.0000000000
109940  -43.499  34.470  37.716 0.0000000000
86720  -44.756  34.599  38.126 0.0000000000
86712  -45.155  34.497  38.541 0.0000000000
85062  -45.508  31.566  35.224 0.0000000000
85590  -45.964  32.011  35.872 0.0000000000
85053  -46.384  31.511  36.065 0.0000000000
85581  -45.878  32.389  36.447 0.0000000000
86139  -45.488  34.549  39.410 0.0000000000
86705  -45.872  34.085  39.949 0.0000000000
86137  -46.254  33.491  40.482 0.0000000000
85564  -46.365  33.383  41.563 0.0000000000
85563  -46.148  33.022  41.833 0.0000000000
85030  -45.480  32.504  43.116 0.0000000000
85029  -44.662  31.691  43.337 0.0000000000
85028  -44.219  31.595  42.338 0.0000000000
85042  -44.130  31.576  40.566 0.0000000000
84472  -43.248  31.154  41.279 0.0000000000
84471  -42.541  30.716  40.951 0.0000000000
84470  -41.888  30.311  40.621 0.0000000000
83896  -43.488  29.882  37.116 0.0000000000
84499  -42.869  30.137  37.382 0.0000000000
84488  -42.769  30.495  38.204 0.0000000000
74652  -49.892  13.473  44.775 0.0000000000
112501  -50.328  13.816  44.292 0.0000000000
75375  -50.695  14.377  44.591 0.0000000000
74658  -50.472  14.020  43.765 0.0000000000
115712  -50.068  14.283  42.107 0.0000000000
75392  -49.799  14.464  41.745 0.0000000000
76095  -49.623  15.342  42.022 0.0000000000
76772  -49.220  16.281  42.489 0.0000000000
77406  -48.905  17.218  42.908 0.0000000000
90276  -34.150  41.604  35.761 0.0000000000
90729  -35.630  42.541  35.731 0.0000000000
90277  -35.061  41.635  35.548 0.0000000000
89371  -34.074  39.105  35.423 0.0000000000
88908  -34.538  38.359  35.407 0.0000000000
88434  -34.297  37.667  35.848 0.0000000000
88432  -34.933  36.991  35.998 0.0000000000
87902  -35.832  37.036  35.467 0.0000000000
87903  -36.466  36.307  35.748 0.0000000000
88913  -36.863  38.332  34.584 0.0000000000
88439  -37.168  37.525  34.662 0.0000000000
103145  -37.163  36.175  35.402 0.0000000000
87904  -37.814  35.992  35.098 0.0000000000
87322  -38.487  35.854  34.800 0.0000000000
87320  -38.947  35.024  35.075 0.0000000000
90290  -39.657  41.438  34.964 0.0000000000
89838  -39.425  40.619  34.611 0.0000000000
89379  -41.341  39.806  34.120 0.0000000000
88916  -39.964  38.820  33.923 0.0000000000
106594  -39.621  37.928  33.904 0.0000000000
87913  -39.628  36.496  34.067 0.0000000000
87324  -39.931  35.713  34.206 0.0000000000
86730  -39.686  34.565  34.996 0.0000000000
86731  -40.384  34.200  34.778 0.0000000000
86161  -40.930  33.897  34.442 0.0000000000
87328  -41.770  35.249  33.164 0.0000000000
119242  -41.823  33.854  33.407 0.0000000000
119094  -42.237  32.975  33.594 0.0000000000
85608  -42.541  32.395  33.883 0.0000000000
85609  -43.153  31.903  33.530 0.0000000000
85080  -43.736  31.414  33.116 0.0000000000
88452  -44.586  37.320  33.008 0.0000000000
87929  -44.861  36.681  32.622 0.0000000000
87349  -44.137  34.953  31.781 0.0000000000
103252  -45.117  35.000  31.582 0.0000000000
86761  -44.704  34.265  31.391 0.0000000000
86760  -43.925  34.091  31.628 0.0000000000
85625  -43.601  32.577  31.899 0.0000000000
85085  -43.821  31.652  32.210 0.0000000000
85086  -44.320  30.963  32.640 0.0000000000
84559  -44.852  30.371  32.097 0.0000000000
83974  -46.152  28.950  31.809 0.0000000000
83975  -46.550  28.292  31.089 0.0000000000
83985  -46.323  29.386  29.931 0.0000000000
82361  -46.285  26.682  30.417 0.0000000000
82352  -45.624  26.405  30.343 0.0000000000
118020  -45.649  28.418  27.855 0.0000000000
82889  -43.981  27.140  27.789 0.0000000000
86215  -47.247  33.599  28.867 0.0000000000
85674  -46.706  32.493  27.841 0.0000000000
119324  -46.310  31.997  27.541 0.0000000000
76753  -48.277  15.812  47.672 0.0000000000
76075  -48.224  15.777  46.487 0.0000000000
76763  -49.004  16.808  45.471 0.0000000000
78027  -45.661  18.421  44.655 0.0000000000
79140  -45.145  20.112  44.714 0.0000000000
78028  -46.610  18.257  44.858 0.0000000000
100333  -47.477  17.936  45.116 0.0000000000
77390  -48.373  17.508  45.298 0.0000000000
77391  -49.524  17.846  45.223 0.0000000000
78023  -49.786  18.670  45.108 0.0000000000
78611  -49.638  19.178  45.166 0.0000000000
78620  -49.269  19.432  44.458 0.0000000000
78619  -48.384  19.782  44.009 0.0000000000
78618  -47.296  20.160  43.434 0.0000000000
83835  -39.366  29.119  44.941 0.0000000000
83291  -39.961  28.695  45.500 0.0000000000
118488  -40.456  28.287  46.109 0.0000000000
86716  -40.254  34.494  37.339 0.0000000000
87293  -40.512  36.982  38.481 0.0000000000
87295  -42.558  36.841  38.630 0.0000000000
87874  -41.968  37.620  38.870 0.0000000000
117465  -41.437  37.900  38.983 0.0000000000
87844  -41.474  37.119  39.688 0.0000000000
86696  -41.470  34.923  40.681 0.0000000000
87281  -44.934  35.677  40.671 0.0000000000
87280  -44.392  35.829  40.581 0.0000000000
87264  -44.450  35.500  41.397 0.0000000000
86670  -44.127  34.462  42.528 0.0000000000
86680  -43.832  34.864  41.789 0.0000000000
87263  -43.364  35.406  41.010 0.0000000000
86679  -42.753  34.399  41.491 0.0000000000
101238  -41.962  34.373  41.106 0.0000000000
86678  -41.305  33.950  41.114 0.0000000000
85541  -41.401  32.435  42.318 0.0000000000
85027  -41.285  31.731  42.806 0.0000000000
84993  -42.446  31.406  44.234 0.0000000000
84439  -41.701  30.827  44.056 0.0000000000
83854  -41.346  30.294  44.427 0.0000000000
83837  -41.109  29.678  44.944 0.0000000000
83292  -40.935  28.937  45.616 0.0000000000
119070  -40.801  27.973  46.454 0.0000000000
82731  -41.726  27.213  47.348 0.0000000000
104566  -42.943  26.036  47.936 0.0000000000
82733  -43.121  27.419  47.852 0.0000000000
110476  -43.784  25.668  47.875 0.0000000000
113632  -44.405  25.116  47.647 0.0000000000
80665  -46.442  23.847  47.146 0.0000000000
83808  -45.633  30.106  48.283 0.0000000000
83251  -45.504  28.364  48.424 0.0000000000
82724  -45.594  27.539  48.415 0.0000000000
82206  -46.532  26.665  48.022 0.0000000000
82205  -45.882  26.736  48.356 0.0000000000
81667  -45.791  25.431  47.977 0.0000000000
81141  -46.368  24.729  47.581 0.0000000000
80177  -47.867  22.633  46.757 0.0000000000
80178  -48.275  22.474  46.528 0.0000000000
79653  -48.601  21.596  46.097 0.0000000000
80672  -48.441  23.119  46.290 0.0000000000
79657  -48.471  21.189  45.109 0.0000000000
79161  -46.547  20.843  42.808 0.0000000000
79171  -46.397  21.396  41.711 0.0000000000
80209  -46.956  22.722  42.029 0.0000000000
79688  -46.858  22.350  41.371 0.0000000000
79695  -47.237  21.931  40.476 0.0000000000
79696  -47.684  22.310  39.753 0.0000000000
80221  -47.601  22.550  39.789 0.0000000000
81691  -47.414  25.721  43.311 0.0000000000
81183  -47.521  24.784  42.205 0.0000000000
113611  -47.457  24.472  41.780 0.0000000000
81199  -47.199  24.539  41.544 0.0000000000
81200  -47.433  24.056  41.322 0.0000000000
80716  -47.263  23.395  40.687 0.0000000000
80230  -47.600  22.409  39.381 0.0000000000
80238  -47.270  22.307  38.765 0.0000000000
80236  -44.850  22.237  38.805 0.0000000000
84460  -44.282  30.885  43.899 0.0000000000
84441  -44.040  30.035  44.342 0.0000000000
83855  -43.840  29.070  44.638 0.0000000000
83304  -43.099  28.837  43.985 0.0000000000
83300  -43.419  28.219  44.385 0.0000000000
82238  -43.432  26.854  44.298 0.0000000000
116431  -43.206  26.389  44.062 0.0000000000
81701  -43.621  25.246  42.867 0.0000000000
83309  -41.191  28.712  41.908 0.0000000000
82250  -41.372  26.447  42.623 0.0000000000
82762  -41.849  27.023  43.316 0.0000000000
82251  -42.160  26.200  43.227 0.0000000000
81196  -43.411  24.277  41.609 0.0000000000
102945  -43.078  23.506  40.289 0.0000000000
80721  -42.509  23.115  39.693 0.0000000000
80226  -43.007  22.663  39.146 0.0000000000
75352  -50.488  14.998  48.116 0.0000000000
78014  -42.389  18.647  46.217 0.0000000000
78019  -43.681  18.426  45.081 0.0000000000
78604  -40.837  19.687  45.999 0.0000000000
80666  -47.590  23.482  47.094 0.0000000000
80668  -48.342  23.029  46.635 0.0000000000
80702  -47.647  24.188  41.894 0.0000000000
81153  -45.574  24.368  47.279 0.0000000000
81160  -47.719  25.179  43.792 0.0000000000
81198  -46.476  24.459  41.368 0.0000000000
81649  -44.425  26.209  48.247 0.0000000000
82218  -42.874  26.716  47.933 0.0000000000
82245  -43.868  26.285  44.063 0.0000000000
82248  -47.106  26.034  43.030 0.0000000000
82340  -45.412  26.524  30.959 0.0000000000
82370  -45.368  26.504  28.975 0.0000000000
82725  -46.291  27.506  48.257 0.0000000000
82735  -47.018  27.400  47.212 0.0000000000
82746  -41.281  27.683  46.822 0.0000000000
82763  -42.394  27.457  43.681 0.0000000000
82845  -46.534  27.246  32.376 0.0000000000
82864  -46.516  27.223  30.248 0.0000000000
82873  -46.164  27.733  29.242 0.0000000000
82890  -44.503  27.242  27.821 0.0000000000
82891  -45.149  27.738  27.822 0.0000000000
83259  -43.275  28.094  47.660 0.0000000000
83347  -47.100  28.976  34.831 0.0000000000
83371  -47.653  28.210  33.799 0.0000000000
83382  -47.597  27.962  32.978 0.0000000000
83809  -46.061  29.775  48.430 0.0000000000
83925  -43.107  29.441  35.996 0.0000000000
83967  -47.683  28.180  33.548 0.0000000000
84011  -45.699  29.603  27.619 0.0000000000
84410  -46.038  31.035  48.045 0.0000000000
84418  -46.591  30.908  47.348 0.0000000000
84424  -42.447  30.315  45.295 0.0000000000
84458  -40.273  30.845  43.304 0.0000000000
84487  -41.838  30.552  38.428 0.0000000000
84500  -43.620  30.277  37.731 0.0000000000
84974  -45.684  31.392  47.738 0.0000000000
85026  -40.545  31.823  42.415 0.0000000000
85043  -45.079  31.811  39.984 0.0000000000
85054  -46.357  31.462  36.697 0.0000000000
85075  -46.864  30.622  35.080 0.0000000000
85095  -44.980  30.677  31.161 0.0000000000
85132  -45.774  31.028  27.527 0.0000000000
85504  -46.391  32.305  47.207 0.0000000000
85508  -45.847  33.035  46.799 0.0000000000
85510  -46.434  32.715  46.806 0.0000000000
85562  -41.276  33.165  41.681 0.0000000000
85573  -46.129  32.720  39.997 0.0000000000
85607  -42.022  32.848  34.215 0.0000000000
85635  -45.151  32.088  30.604 0.0000000000
85645  -46.698  32.236  29.613 0.0000000000
85659  -47.111  32.750  28.539 0.0000000000
86093  -46.055  33.994  45.865 0.0000000000
86125  -41.956  33.677  41.547 0.0000000000
86126  -46.448  33.778  41.289 0.0000000000
86145  -41.842  33.807  37.155 0.0000000000
86153  -42.343  33.070  36.107 0.0000000000
86169  -41.807  33.406  33.737 0.0000000000
86232  -46.908  33.408  28.119 0.0000000000
86246  -46.641  34.051  27.750 0.0000000000
86665  -45.946  35.033  44.057 0.0000000000
86672  -46.146  35.276  42.919 0.0000000000
86681  -46.430  34.562  41.814 0.0000000000
86722  -38.843  34.713  36.377 0.0000000000
86737  -41.380  33.996  33.769 0.0000000000
86738  -41.919  34.411  33.123 0.0000000000
86748  -42.638  34.320  32.579 0.0000000000
86777  -46.676  34.563  30.714 0.0000000000
87265  -45.054  35.563  41.512 0.0000000000
87278  -41.896  36.008  40.224 0.0000000000
87318  -37.519  35.544  35.801 0.0000000000
87319  -38.227  35.388  35.449 0.0000000000
87326  -40.595  35.449  33.897 0.0000000000
87352  -47.390  36.277  30.976 0.0000000000
87846  -43.162  36.667  39.685 0.0000000000
87873  -41.072  37.833  38.844 0.0000000000
87876  -43.669  36.678  38.925 0.0000000000
87910  -36.704  36.853  35.131 0.0000000000
87919  -41.620  35.972  33.338 0.0000000000
87920  -42.910  36.727  32.889 0.0000000000
87938  -46.476  36.333  31.998 0.0000000000
87939  -47.287  36.728  31.770 0.0000000000
87949  -47.382  36.878  30.599 0.0000000000
88415  -42.114  37.657  38.989 0.0000000000
88441  -38.729  37.665  34.189 0.0000000000
88447  -45.014  38.179  33.470 0.0000000000
88906  -32.933  38.416  36.156 0.0000000000
88907  -33.740  38.341  35.764 0.0000000000
88918  -40.479  38.114  33.737 0.0000000000
89368  -32.082  39.539  36.335 0.0000000000
89374  -35.712  39.344  34.799 0.0000000000
89375  -36.535  39.117  34.593 0.0000000000
89377  -38.149  39.502  34.417 0.0000000000
89382  -44.923  40.492  34.666 0.0000000000
89388  -45.516  39.810  34.331 0.0000000000
89825  -32.796  41.075  36.115 0.0000000000
89828  -32.813  39.733  35.935 0.0000000000
89829  -33.041  40.444  35.870 0.0000000000
89830  -34.489  40.687  35.422 0.0000000000
89832  -37.216  41.235  35.020 0.0000000000
89839  -40.804  40.411  34.396 0.0000000000
89842  -44.425  41.223  35.074 0.0000000000
90273  -32.547  41.771  36.515 0.0000000000
90278  -36.010  41.710  35.446 0.0000000000
90282  -40.547  41.782  35.093 0.0000000000
90285  -44.035  42.747  35.317 0.0000000000
90288  -37.943  41.014  34.834 0.0000000000
90727  -33.844  42.252  36.111 0.0000000000
91213  -36.136  44.184  36.029 0.0000000000
91220  -36.603  43.721  35.814 0.0000000000
106483  -44.285  28.649  27.932 0.0000000000
107551  -39.326  37.170  33.989 0.0000000000
108945  -46.384  28.563  29.298 0.0000000000
109437  -46.593  34.314  43.405 0.0000000000
109695  -43.984  32.258  35.631 0.0000000000
110641  -45.882  23.316  46.589 0.0000000000
110726  -45.533  29.234  48.404 0.0000000000
111853  -43.149  32.869  32.380 0.0000000000
112436  -35.811  40.221  34.893 0.0000000000
112517  -43.063  24.571  47.220 0.0000000000
112818  -44.198  36.263  38.917 0.0000000000
113191  -45.617  32.469  41.245 0.0000000000
113358  -44.243  29.284  47.672 0.0000000000
113393  -39.553  35.106  34.620 0.0000000000
113829  -39.920  42.144  35.277 0.0000000000
114464  -45.611  35.205  43.407 0.0000000000
114853  -41.025  37.883  39.208 0.0000000000
114919  -42.393  29.326  46.121 0.0000000000
115500  -31.800  40.682  36.606 0.0000000000
115680  -44.925  34.925  43.091 0.0000000000
115764  -39.301  31.848  41.924 0.0000000000
116042  -41.165  28.343  46.325 0.0000000000
117345  -44.728  35.842  39.993 0.0000000000
117364  -43.224  30.136  46.181 0.0000000000
118747  -36.181  42.876  35.721 0.0000000000
118749  -37.642  37.299  34.572 0.0000000000
118776  -37.352  38.085  34.508 0.0000000000
119159  -45.518  35.435  42.166 0.0000000000
119592  -40.006  40.240  34.368 0.0000000000
119861  -42.517  26.292  47.847 0.0000000000
119867  -42.675  27.722  47.522 0.0000000000
119946  -37.019  38.955  34.506 0.0000000000
119958  -36.936  35.774  35.936 0.0000000000
119979  -46.971  31.570  28.839 0.0000000000
