#!ascii label  , from subject sub-01 vox2ras=TkReg
728
38394  -17.697  -29.429  85.372 0.0000000000
49363  -41.200  -17.483  77.859 0.0000000000
50370  -45.481  -15.278  71.643 0.0000000000
51358  -52.118  -15.882  65.507 0.0000000000
49358  -35.882  -17.384  77.384 0.0000000000
51302  -48.854  -15.266  69.401 0.0000000000
58198  -48.204  -7.785  60.881 0.0000000000
60974  -52.262  -5.230  58.556 0.0000000000
44683  -41.990  -21.883  77.632 0.0000000000
45625  -43.407  -21.523  73.470 0.0000000000
50312  -44.230  -16.605  75.666 0.0000000000
39269  -19.014  -28.902  88.561 0.0000000000
40192  -22.578  -27.392  87.243 0.0000000000
41944  -25.480  -25.156  87.382 0.0000000000
44615  -28.846  -22.763  86.071 0.0000000000
47453  -31.780  -19.550  84.333 0.0000000000
115132  -34.317  -16.316  82.314 0.0000000000
109711  -38.643  -18.457  80.604 0.0000000000
45656  -48.229  -21.961  71.003 0.0000000000
116137  -53.627  -5.142  56.643 0.0000000000
48434  -42.290  -18.502  78.033 0.0000000000
47523  -43.881  -19.589  76.624 0.0000000000
49383  -42.940  -17.620  77.109 0.0000000000
40225  -18.984  -27.353  85.891 0.0000000000
39271  -20.733  -28.963  87.288 0.0000000000
48400  -31.562  -19.022  82.055 0.0000000000
48395  -32.790  -18.197  83.531 0.0000000000
49314  -32.692  -17.125  80.551 0.0000000000
49361  -38.773  -17.055  77.656 0.0000000000
50272  -37.808  -16.465  80.410 0.0000000000
49329  -40.073  -17.870  79.588 0.0000000000
46482  -40.184  -20.171  79.500 0.0000000000
48498  -44.437  -18.408  72.783 0.0000000000
109607  -45.051  -21.730  71.944 0.0000000000
48527  -45.782  -18.649  70.461 0.0000000000
51332  -50.470  -15.583  67.317 0.0000000000
48562  -49.888  -19.043  68.403 0.0000000000
48579  -51.053  -17.759  66.582 0.0000000000
99279  -51.535  -17.399  64.539 0.0000000000
58179  -51.623  -6.742  63.651 0.0000000000
56518  -50.695  -9.588  63.762 0.0000000000
105199  -33.120  -17.285  77.397 0.0000000000
50481  -48.633  -16.183  64.569 0.0000000000
60065  -49.967  -5.296  60.206 0.0000000000
59077  -52.560  -5.739  61.089 0.0000000000
58247  -54.465  -7.784  56.354 0.0000000000
43042  -42.537  -24.457  76.710 0.0000000000
110547  -43.194  -21.428  76.262 0.0000000000
47551  -44.692  -19.003  75.043 0.0000000000
99980  -18.580  -29.965  87.575 0.0000000000
39290  -23.682  -27.726  86.100 0.0000000000
41089  -24.191  -25.904  87.539 0.0000000000
40211  -25.431  -26.874  86.244 0.0000000000
119733  -27.419  -26.177  86.311 0.0000000000
41960  -28.868  -25.113  85.945 0.0000000000
42918  -30.704  -24.212  85.077 0.0000000000
45434  -30.326  -21.112  85.321 0.0000000000
108389  -33.184  -20.561  83.755 0.0000000000
51209  -34.947  -15.847  80.349 0.0000000000
48410  -36.810  -17.166  81.366 0.0000000000
46478  -36.792  -19.788  79.350 0.0000000000
45529  -39.027  -21.013  79.601 0.0000000000
43888  -40.917  -22.835  78.193 0.0000000000
48530  -48.294  -18.542  70.030 0.0000000000
53950  -49.405  -12.430  63.363 0.0000000000
51370  -52.853  -14.766  63.913 0.0000000000
38379  -17.063  -29.316  87.272 0.0000000000
49346  -41.723  -17.989  78.232 0.0000000000
49347  -42.420  -17.992  77.735 0.0000000000
49382  -41.910  -17.658  77.474 0.0000000000
48416  -31.861  -18.314  80.364 0.0000000000
49313  -32.347  -17.755  81.049 0.0000000000
49326  -32.185  -17.716  79.870 0.0000000000
50298  -39.664  -17.226  77.913 0.0000000000
50289  -39.665  -17.076  79.273 0.0000000000
50290  -40.238  -17.452  78.951 0.0000000000
49330  -40.877  -18.105  78.870 0.0000000000
48510  -44.464  -18.727  71.408 0.0000000000
49447  -44.993  -17.232  71.031 0.0000000000
51344  -50.810  -15.546  66.657 0.0000000000
49488  -51.058  -17.250  66.941 0.0000000000
50445  -51.886  -16.376  65.820 0.0000000000
48589  -51.413  -17.606  65.645 0.0000000000
49503  -52.445  -16.746  65.142 0.0000000000
57366  -52.439  -7.730  62.946 0.0000000000
57354  -52.218  -8.168  63.421 0.0000000000
112860  -51.533  -9.987  61.525 0.0000000000
59095  -49.596  -6.101  58.296 0.0000000000
60076  -51.053  -4.953  60.048 0.0000000000
60067  -51.816  -4.954  61.180 0.0000000000
60078  -52.572  -5.291  60.245 0.0000000000
59088  -52.922  -5.986  59.870 0.0000000000
115381  -53.046  -5.733  59.128 0.0000000000
59120  -54.258  -6.199  57.098 0.0000000000
44682  -41.891  -22.642  77.549 0.0000000000
44707  -42.665  -23.266  76.521 0.0000000000
44697  -42.606  -22.173  76.671 0.0000000000
48458  -44.255  -18.067  76.290 0.0000000000
47524  -44.296  -18.967  76.162 0.0000000000
48475  -44.785  -17.801  75.121 0.0000000000
48484  -44.827  -17.808  74.842 0.0000000000
50326  -44.445  -16.282  75.075 0.0000000000
38388  -19.761  -29.928  87.671 0.0000000000
38382  -19.704  -29.717  87.792 0.0000000000
40190  -21.580  -28.130  87.085 0.0000000000
42884  -24.898  -24.565  87.177 0.0000000000
41943  -24.603  -25.043  87.531 0.0000000000
41099  -24.646  -26.619  86.968 0.0000000000
41090  -25.755  -25.746  87.081 0.0000000000
40212  -26.292  -26.637  86.207 0.0000000000
41945  -26.312  -25.325  87.037 0.0000000000
42916  -29.203  -24.183  85.950 0.0000000000
116647  -29.476  -24.950  85.616 0.0000000000
43833  -29.616  -23.355  85.903 0.0000000000
46409  -30.834  -20.009  84.566 0.0000000000
46393  -30.526  -20.881  84.786 0.0000000000
46382  -30.844  -20.482  85.359 0.0000000000
44624  -31.235  -22.265  85.055 0.0000000000
45450  -32.088  -21.206  84.520 0.0000000000
44632  -32.715  -22.121  84.167 0.0000000000
105269  -32.434  -20.445  84.330 0.0000000000
49293  -33.460  -17.196  82.610 0.0000000000
47468  -33.269  -18.977  83.596 0.0000000000
47478  -33.807  -18.273  82.600 0.0000000000
48408  -35.001  -17.486  81.676 0.0000000000
50283  -33.790  -16.429  78.723 0.0000000000
109864  -35.567  -16.501  78.910 0.0000000000
49316  -38.297  -17.331  80.678 0.0000000000
49315  -37.530  -16.785  80.930 0.0000000000
48411  -37.652  -17.438  80.966 0.0000000000
120112  -36.904  -18.415  80.650 0.0000000000
47493  -37.813  -18.835  80.552 0.0000000000
46458  -38.962  -19.827  80.196 0.0000000000
45533  -41.186  -21.011  78.676 0.0000000000
44668  -40.326  -21.722  79.001 0.0000000000
43889  -41.256  -22.450  78.076 0.0000000000
43906  -41.558  -23.363  77.652 0.0000000000
40188  -18.525  -28.161  88.078 0.0000000000
40181  -18.328  -28.487  89.238 0.0000000000
39261  -18.179  -28.978  89.430 0.0000000000
43941  -43.730  -24.089  74.754 0.0000000000
43956  -44.386  -23.715  73.809 0.0000000000
45639  -47.225  -22.245  71.908 0.0000000000
51288  -48.346  -15.113  69.881 0.0000000000
49459  -47.815  -16.673  70.366 0.0000000000
49460  -48.775  -17.107  69.836 0.0000000000
46674  -49.499  -20.281  67.861 0.0000000000
47609  -49.380  -19.924  68.845 0.0000000000
54837  -51.808  -11.205  63.308 0.0000000000
54835  -50.105  -11.099  63.598 0.0000000000
53952  -51.332  -11.798  63.401 0.0000000000
109293  -51.135  -13.855  63.318 0.0000000000
101140  -52.805  -13.978  62.887 0.0000000000
51378  -53.085  -15.255  63.233 0.0000000000
60091  -52.638  -5.323  57.597 0.0000000000
60976  -53.230  -5.299  57.231 0.0000000000
60990  -53.292  -4.646  56.114 0.0000000000
100501  -54.067  -4.028  55.176 0.0000000000
46499  -42.277  -20.169  77.953 0.0000000000
112408  -42.926  -20.179  77.397 0.0000000000
47514  -42.817  -19.204  77.725 0.0000000000
48442  -43.375  -18.133  77.211 0.0000000000
50304  -43.924  -16.819  76.301 0.0000000000
107060  -19.372  -28.699  87.788 0.0000000000
102862  -20.080  -29.418  87.620 0.0000000000
40208  -21.640  -27.425  87.088 0.0000000000
48393  -31.679  -19.008  83.336 0.0000000000
48388  -32.407  -18.865  83.861 0.0000000000
48394  -32.387  -18.329  83.455 0.0000000000
49292  -32.888  -17.363  82.750 0.0000000000
50241  -33.913  -16.390  82.210 0.0000000000
49359  -36.818  -17.284  77.636 0.0000000000
50286  -37.201  -16.390  79.597 0.0000000000
50287  -38.143  -16.561  79.498 0.0000000000
50274  -39.337  -16.992  79.973 0.0000000000
49318  -39.611  -17.875  80.174 0.0000000000
47496  -39.482  -19.237  80.164 0.0000000000
48428  -40.418  -18.647  79.444 0.0000000000
47509  -41.287  -19.447  78.775 0.0000000000
40204  -17.919  -27.310  86.863 0.0000000000
46575  -43.789  -19.972  73.434 0.0000000000
44756  -44.254  -21.816  72.345 0.0000000000
45637  -44.327  -21.078  71.874 0.0000000000
111619  -45.988  -20.507  70.978 0.0000000000
46631  -46.948  -20.114  70.767 0.0000000000
51319  -49.477  -15.434  68.662 0.0000000000
110928  -49.596  -17.000  69.127 0.0000000000
50412  -50.354  -16.635  68.054 0.0000000000
119442  -50.529  -18.173  67.782 0.0000000000
58184  -49.939  -6.954  62.850 0.0000000000
57374  -49.366  -8.650  62.314 0.0000000000
57365  -50.797  -8.754  63.861 0.0000000000
100134  -51.832  -9.785  63.617 0.0000000000
49380  -40.098  -17.657  76.643 0.0000000000
118707  -38.782  -17.716  76.547 0.0000000000
50380  -45.805  -15.833  70.875 0.0000000000
52210  -48.419  -14.397  68.024 0.0000000000
51343  -49.570  -14.939  67.438 0.0000000000
51355  -49.601  -15.401  66.258 0.0000000000
51362  -50.553  -15.622  64.844 0.0000000000
59075  -48.875  -6.495  61.154 0.0000000000
59069  -50.466  -5.697  62.142 0.0000000000
60054  -51.881  -6.018  62.525 0.0000000000
58199  -51.935  -7.305  61.139 0.0000000000
60093  -53.673  -5.681  57.469 0.0000000000
58224  -54.253  -7.071  57.399 0.0000000000
43043  -43.042  -24.702  76.361 0.0000000000
44720  -42.979  -23.369  76.047 0.0000000000
45590  -43.410  -21.473  75.450 0.0000000000
46524  -43.655  -20.368  76.464 0.0000000000
46535  -43.855  -20.482  75.915 0.0000000000
46554  -44.212  -19.797  74.667 0.0000000000
47561  -44.486  -19.108  74.264 0.0000000000
49421  -44.900  -17.100  73.872 0.0000000000
48473  -42.323  -18.118  75.706 0.0000000000
50310  -43.698  -16.731  75.896 0.0000000000
51244  -43.948  -15.427  74.722 0.0000000000
109863  -17.909  -29.716  87.144 0.0000000000
38395  -19.268  -30.069  86.188 0.0000000000
40241  -24.808  -27.810  84.904 0.0000000000
118627  -21.622  -26.245  86.624 0.0000000000
41086  -22.434  -26.132  87.307 0.0000000000
41087  -22.826  -26.597  87.443 0.0000000000
103561  -24.563  -27.260  86.277 0.0000000000
40230  -28.307  -26.899  85.271 0.0000000000
103128  -29.118  -26.554  85.318 0.0000000000
44621  -29.359  -22.281  85.581 0.0000000000
45448  -29.965  -21.414  85.173 0.0000000000
44622  -29.594  -22.284  85.737 0.0000000000
111907  -30.577  -22.499  85.492 0.0000000000
43840  -31.274  -23.293  84.993 0.0000000000
47455  -33.026  -19.216  83.911 0.0000000000
50267  -32.771  -16.742  79.658 0.0000000000
50253  -33.939  -16.049  80.778 0.0000000000
51199  -35.126  -16.126  81.835 0.0000000000
50271  -37.021  -16.142  80.682 0.0000000000
50255  -36.064  -16.099  81.547 0.0000000000
49304  -35.334  -16.496  81.804 0.0000000000
48418  -35.519  -18.081  81.027 0.0000000000
47500  -35.831  -19.158  79.735 0.0000000000
44678  -38.362  -22.123  78.561 0.0000000000
46481  -39.694  -20.625  79.609 0.0000000000
44667  -39.837  -21.827  79.163 0.0000000000
43886  -39.667  -23.106  78.297 0.0000000000
43024  -40.705  -23.944  77.665 0.0000000000
38372  -18.025  -29.443  88.853 0.0000000000
49458  -46.744  -17.234  70.420 0.0000000000
48529  -47.711  -18.731  70.252 0.0000000000
47594  -48.374  -20.600  70.334 0.0000000000
48546  -49.354  -18.904  69.211 0.0000000000
47595  -48.852  -19.947  69.639 0.0000000000
45668  -48.498  -21.764  70.325 0.0000000000
104671  -48.872  -15.699  63.646 0.0000000000
100782  -50.756  -15.336  64.105 0.0000000000
114364  -49.338  -10.249  62.504 0.0000000000
54849  -48.647  -11.669  62.859 0.0000000000
53091  -49.014  -13.264  63.288 0.0000000000
52231  -50.866  -14.714  63.611 0.0000000000
51364  -52.613  -15.170  64.508 0.0000000000
50483  -52.913  -16.004  64.360 0.0000000000
38393  -17.009  -29.078  85.366 0.0000000000
49364  -42.049  -17.805  77.753 0.0000000000
48415  -31.405  -18.894  79.792 0.0000000000
48427  -31.724  -18.193  79.265 0.0000000000
49362  -40.306  -17.404  77.437 0.0000000000
50299  -40.440  -17.388  78.257 0.0000000000
49345  -41.002  -17.667  78.459 0.0000000000
108877  -45.046  -16.023  72.250 0.0000000000
103752  -45.274  -16.319  71.328 0.0000000000
51357  -51.650  -15.692  65.852 0.0000000000
51345  -51.462  -15.840  66.121 0.0000000000
50463  -52.324  -16.411  65.342 0.0000000000
57375  -52.202  -7.935  62.214 0.0000000000
56541  -52.045  -8.743  62.131 0.0000000000
60970  -52.266  -4.991  59.381 0.0000000000
60963  -52.036  -4.794  59.941 0.0000000000
60964  -52.437  -5.038  59.871 0.0000000000
60965  -52.645  -5.389  59.532 0.0000000000
60971  -52.544  -5.236  59.050 0.0000000000
102084  -42.296  -21.974  77.222 0.0000000000
49385  -44.156  -17.176  76.250 0.0000000000
112373  -44.543  -17.699  75.705 0.0000000000
49396  -44.623  -17.203  75.431 0.0000000000
49397  -44.842  -17.303  74.956 0.0000000000
50313  -44.661  -16.810  75.154 0.0000000000
38374  -18.979  -29.296  88.459 0.0000000000
39273  -22.006  -27.965  87.090 0.0000000000
118839  -25.318  -24.680  87.344 0.0000000000
106411  -25.043  -25.800  87.319 0.0000000000
41101  -26.344  -26.134  86.647 0.0000000000
43832  -28.909  -23.371  86.193 0.0000000000
42902  -28.471  -24.207  86.337 0.0000000000
118526  -29.377  -22.821  86.011 0.0000000000
47452  -31.340  -19.907  84.978 0.0000000000
46394  -30.902  -20.237  85.386 0.0000000000
46395  -31.175  -19.993  84.939 0.0000000000
46383  -31.300  -20.318  84.766 0.0000000000
46396  -31.899  -19.756  84.515 0.0000000000
49294  -34.054  -16.759  82.400 0.0000000000
48397  -33.450  -17.651  82.882 0.0000000000
48403  -34.039  -17.711  82.396 0.0000000000
106759  -34.306  -17.620  82.275 0.0000000000
49303  -34.544  -16.852  82.171 0.0000000000
50284  -34.786  -16.522  78.792 0.0000000000
49341  -35.322  -16.913  78.106 0.0000000000
103571  -38.708  -17.940  80.643 0.0000000000
48420  -38.284  -17.929  80.766 0.0000000000
109836  -38.190  -18.224  80.760 0.0000000000
47494  -38.633  -19.026  80.527 0.0000000000
46457  -38.471  -19.684  80.211 0.0000000000
47495  -39.039  -19.175  80.434 0.0000000000
103681  -41.783  -20.862  78.157 0.0000000000
118730  -41.596  -21.701  78.052 0.0000000000
39262  -18.494  -28.942  89.176 0.0000000000
43955  -43.519  -23.105  74.175 0.0000000000
44746  -43.849  -22.751  73.342 0.0000000000
109873  -47.625  -21.703  71.385 0.0000000000
44759  -47.568  -22.976  72.084 0.0000000000
44768  -47.824  -23.091  71.580 0.0000000000
44782  -48.060  -22.971  71.092 0.0000000000
111235  -48.310  -14.701  69.578 0.0000000000
50382  -48.542  -16.272  70.033 0.0000000000
50394  -48.845  -15.824  69.680 0.0000000000
57382  -48.159  -8.752  60.959 0.0000000000
54838  -52.210  -11.803  62.917 0.0000000000
53094  -52.360  -13.541  63.215 0.0000000000
47510  -42.009  -19.342  78.267 0.0000000000
49365  -43.032  -17.746  77.227 0.0000000000
48457  -43.707  -17.708  76.839 0.0000000000
49384  -43.664  -17.145  76.846 0.0000000000
40205  -18.778  -27.778  86.792 0.0000000000
41097  -21.119  -26.967  86.575 0.0000000000
48406  -31.496  -19.038  80.896 0.0000000000
48401  -32.083  -18.286  82.682 0.0000000000
49302  -32.810  -17.191  81.832 0.0000000000
49301  -32.427  -17.737  82.223 0.0000000000
50231  -33.424  -16.893  82.406 0.0000000000
50240  -33.297  -16.709  81.548 0.0000000000
49360  -37.802  -17.105  77.612 0.0000000000
49343  -37.425  -16.811  78.526 0.0000000000
49344  -38.423  -16.796  78.518 0.0000000000
50275  -39.878  -17.375  79.504 0.0000000000
49328  -39.640  -17.457  79.992 0.0000000000
49317  -39.134  -17.515  80.385 0.0000000000
48422  -39.814  -18.520  80.011 0.0000000000
48433  -41.562  -18.639  78.522 0.0000000000
48429  -40.965  -18.817  78.969 0.0000000000
46498  -41.581  -20.206  78.494 0.0000000000
47568  -44.130  -19.240  73.066 0.0000000000
46595  -43.903  -20.188  72.249 0.0000000000
47579  -44.180  -19.398  71.904 0.0000000000
47591  -45.047  -19.088  70.691 0.0000000000
114506  -44.615  -19.484  71.165 0.0000000000
47580  -45.215  -19.803  70.848 0.0000000000
47592  -46.058  -19.499  70.559 0.0000000000
51331  -49.897  -15.274  67.874 0.0000000000
51320  -50.193  -15.835  67.980 0.0000000000
48571  -50.653  -18.187  67.298 0.0000000000
47638  -50.352  -19.027  67.373 0.0000000000
47662  -50.374  -18.860  66.640 0.0000000000
58185  -50.782  -7.162  63.648 0.0000000000
57364  -50.073  -8.017  63.278 0.0000000000
116932  -50.970  -7.981  63.968 0.0000000000
55713  -52.209  -11.124  63.032 0.0000000000
48456  -39.267  -17.912  76.298 0.0000000000
52218  -48.682  -14.644  67.308 0.0000000000
112401  -48.727  -15.957  65.459 0.0000000000
50462  -49.635  -15.839  65.195 0.0000000000
51356  -50.770  -15.565  65.974 0.0000000000
60075  -49.616  -5.670  59.248 0.0000000000
59086  -48.934  -5.863  59.806 0.0000000000
102007  -48.505  -6.395  60.316 0.0000000000
59076  -49.238  -5.785  60.711 0.0000000000
111292  -49.566  -5.995  61.624 0.0000000000
60057  -50.163  -5.374  61.218 0.0000000000
60068  -52.323  -5.291  61.142 0.0000000000
60059  -51.827  -5.433  61.829 0.0000000000
60060  -52.140  -5.844  61.776 0.0000000000
58193  -52.379  -6.652  62.211 0.0000000000
58200  -52.452  -6.400  61.404 0.0000000000
99039  -52.539  -6.464  60.436 0.0000000000
59087  -52.773  -5.980  60.548 0.0000000000
59096  -53.227  -6.108  59.021 0.0000000000
58236  -54.458  -6.962  56.731 0.0000000000
42088  -42.531  -24.962  76.490 0.0000000000
42089  -43.021  -25.091  76.297 0.0000000000
115916  -42.801  -22.500  76.272 0.0000000000
112092  -43.092  -22.405  75.741 0.0000000000
47515  -43.430  -19.417  77.187 0.0000000000
46511  -43.453  -20.122  76.931 0.0000000000
47537  -44.552  -19.033  75.528 0.0000000000
46525  -44.180  -19.720  76.043 0.0000000000
46536  -44.311  -19.720  75.474 0.0000000000
46553  -43.834  -20.565  75.121 0.0000000000
48489  -44.779  -18.345  74.741 0.0000000000
49406  -44.863  -17.291  74.608 0.0000000000
48490  -44.814  -17.809  74.218 0.0000000000
38387  -18.371  -29.818  86.440 0.0000000000
37588  -19.259  -30.061  87.309 0.0000000000
37589  -20.067  -30.096  86.995 0.0000000000
38383  -20.467  -29.507  87.336 0.0000000000
39289  -23.221  -28.310  85.428 0.0000000000
39298  -23.975  -27.996  85.129 0.0000000000
41956  -21.990  -25.806  86.734 0.0000000000
41088  -23.438  -26.166  87.543 0.0000000000
40193  -23.237  -26.992  87.355 0.0000000000
40194  -23.843  -26.607  87.349 0.0000000000
40227  -25.342  -27.343  85.553 0.0000000000
101789  -26.314  -27.234  85.295 0.0000000000
103341  -27.006  -26.482  86.233 0.0000000000
40229  -26.958  -26.912  85.744 0.0000000000
41109  -27.716  -26.614  85.810 0.0000000000
41959  -28.134  -25.176  86.272 0.0000000000
41970  -28.635  -26.007  85.819 0.0000000000
101459  -29.322  -25.807  85.492 0.0000000000
42917  -29.904  -24.213  85.529 0.0000000000
41971  -30.093  -25.281  85.107 0.0000000000
41972  -30.932  -25.024  84.671 0.0000000000
45449  -30.631  -21.105  85.118 0.0000000000
45433  -29.935  -21.596  85.397 0.0000000000
44623  -30.116  -21.891  85.583 0.0000000000
44631  -31.855  -21.935  84.640 0.0000000000
43841  -32.259  -22.871  84.499 0.0000000000
110154  -32.140  -23.714  84.469 0.0000000000
45451  -32.999  -21.371  83.942 0.0000000000
44633  -33.358  -22.338  83.660 0.0000000000
48389  -32.892  -18.742  83.818 0.0000000000
47454  -32.470  -19.251  84.097 0.0000000000
49340  -32.280  -16.966  78.881 0.0000000000
50294  -32.595  -16.873  78.174 0.0000000000
50269  -34.381  -16.116  79.565 0.0000000000
50268  -33.556  -16.209  79.736 0.0000000000
50254  -34.267  -15.952  80.283 0.0000000000
51198  -34.324  -16.103  81.757 0.0000000000
51204  -34.692  -15.827  81.067 0.0000000000
49306  -36.942  -16.666  81.267 0.0000000000
50256  -36.749  -16.227  81.266 0.0000000000
50244  -36.444  -16.290  81.406 0.0000000000
50243  -35.643  -16.258  81.725 0.0000000000
49305  -36.233  -16.494  81.570 0.0000000000
48409  -35.920  -17.190  81.542 0.0000000000
47501  -36.827  -19.022  80.068 0.0000000000
47492  -36.062  -18.555  80.425 0.0000000000
106005  -38.293  -20.903  79.402 0.0000000000
45551  -39.180  -21.659  79.290 0.0000000000
46460  -39.643  -19.909  79.776 0.0000000000
44681  -40.736  -22.208  78.489 0.0000000000
44680  -40.379  -22.320  78.629 0.0000000000
110789  -39.985  -22.503  78.675 0.0000000000
43887  -40.415  -23.002  78.326 0.0000000000
43904  -40.223  -23.618  77.976 0.0000000000
43905  -40.934  -23.509  77.914 0.0000000000
43026  -42.047  -24.123  77.282 0.0000000000
43025  -41.415  -24.090  77.451 0.0000000000
43041  -41.980  -24.613  76.907 0.0000000000
38373  -18.517  -29.267  88.874 0.0000000000
38380  -18.027  -29.790  88.040 0.0000000000
44757  -45.390  -22.456  72.490 0.0000000000
44747  -44.847  -23.077  73.068 0.0000000000
44748  -46.113  -23.232  72.954 0.0000000000
51285  -46.393  -14.813  70.933 0.0000000000
111827  -45.768  -16.726  70.623 0.0000000000
107820  -47.836  -17.811  70.235 0.0000000000
112264  -47.741  -20.317  70.597 0.0000000000
109881  -48.199  -19.484  70.150 0.0000000000
48547  -49.850  -18.025  68.917 0.0000000000
46646  -49.094  -20.778  69.236 0.0000000000
45680  -48.769  -21.482  69.496 0.0000000000
46632  -48.759  -21.052  70.009 0.0000000000
44798  -48.438  -22.149  69.948 0.0000000000
51368  -49.670  -15.679  64.100 0.0000000000
99168  -49.780  -15.220  63.573 0.0000000000
56529  -49.978  -9.101  63.255 0.0000000000
56540  -49.378  -9.586  62.360 0.0000000000
103825  -49.901  -9.934  63.182 0.0000000000
53951  -50.254  -11.895  63.509 0.0000000000
54850  -49.363  -11.291  63.189 0.0000000000
53973  -49.400  -11.821  63.360 0.0000000000
53972  -48.535  -12.472  63.103 0.0000000000
52232  -52.112  -14.252  63.666 0.0000000000
51369  -51.920  -14.782  64.217 0.0000000000
119418  -52.730  -15.611  64.590 0.0000000000
52226  -53.083  -15.408  63.988 0.0000000000
48407  -31.971  -18.357  81.548 0.0000000000
50297  -39.273  -16.924  78.577 0.0000000000
117060  -39.897  -17.218  78.661 0.0000000000
109786  -40.379  -17.650  79.049 0.0000000000
49434  -44.568  -17.813  71.773 0.0000000000
48511  -44.937  -18.200  70.771 0.0000000000
49457  -45.737  -17.731  70.494 0.0000000000
50427  -50.755  -16.374  67.340 0.0000000000
51333  -50.964  -15.823  66.773 0.0000000000
50428  -51.346  -16.419  66.525 0.0000000000
49495  -51.604  -17.036  66.213 0.0000000000
109966  -50.933  -18.066  66.339 0.0000000000
111673  -51.563  -17.366  65.921 0.0000000000
107329  -52.032  -17.082  65.411 0.0000000000
49510  -52.132  -17.193  65.013 0.0000000000
57355  -52.233  -7.342  63.420 0.0000000000
57353  -51.776  -7.521  63.942 0.0000000000
56530  -52.386  -8.759  62.945 0.0000000000
105690  -50.439  -5.288  59.472 0.0000000000
60066  -50.938  -4.935  60.873 0.0000000000
60957  -51.708  -4.822  60.546 0.0000000000
60958  -52.389  -4.986  60.546 0.0000000000
116618  -52.562  -5.312  60.688 0.0000000000
59078  -52.681  -5.641  60.425 0.0000000000
60079  -52.836  -5.725  59.831 0.0000000000
60104  -54.350  -4.772  55.656 0.0000000000
105123  -54.084  -5.308  56.511 0.0000000000
59121  -54.555  -5.866  56.128 0.0000000000
57433  -54.452  -8.679  55.815 0.0000000000
43907  -42.224  -23.696  77.194 0.0000000000
43920  -42.674  -23.966  76.712 0.0000000000
44696  -42.356  -23.033  76.992 0.0000000000
47516  -43.777  -18.641  76.855 0.0000000000
48474  -44.600  -18.348  75.575 0.0000000000
48483  -44.766  -18.354  75.071 0.0000000000
50327  -44.759  -16.707  74.742 0.0000000000
38381  -18.958  -29.756  88.210 0.0000000000
98892  -20.143  -29.878  87.468 0.0000000000
39281  -22.942  -27.683  86.931 0.0000000000
41100  -25.586  -26.325  86.732 0.0000000000
99827  -26.908  -25.952  86.600 0.0000000000
43834  -30.358  -23.331  85.512 0.0000000000
46426  -30.688  -20.234  83.300 0.0000000000
46408  -30.245  -20.731  83.882 0.0000000000
119534  -30.577  -21.747  85.356 0.0000000000
49287  -33.065  -17.650  83.217 0.0000000000
48396  -33.155  -18.231  83.480 0.0000000000
48402  -33.487  -18.281  83.149 0.0000000000
47485  -34.241  -18.398  81.636 0.0000000000
48417  -34.793  -18.296  80.952 0.0000000000
50295  -33.510  -16.792  77.965 0.0000000000
115343  -33.136  -16.575  78.431 0.0000000000
50296  -34.421  -16.875  78.010 0.0000000000
98908  -35.240  -16.098  79.621 0.0000000000
50258  -38.039  -16.755  80.558 0.0000000000
50257  -37.352  -16.442  80.929 0.0000000000
112503  -37.400  -17.924  81.011 0.0000000000
47502  -37.654  -19.558  80.021 0.0000000000
103531  -38.787  -20.386  79.844 0.0000000000
46480  -39.241  -20.496  79.758 0.0000000000
46483  -40.893  -20.267  79.076 0.0000000000
45532  -40.418  -21.040  79.251 0.0000000000
45552  -40.881  -21.705  78.623 0.0000000000
41085  -17.652  -27.242  88.020 0.0000000000
40180  -18.005  -27.693  89.164 0.0000000000
45638  -46.180  -21.965  72.019 0.0000000000
44758  -46.817  -22.790  72.494 0.0000000000
43967  -47.297  -23.403  72.450 0.0000000000
51287  -47.724  -14.454  70.164 0.0000000000
50381  -47.852  -15.541  70.320 0.0000000000
113878  -48.439  -17.135  70.111 0.0000000000
110534  -48.608  -17.843  69.906 0.0000000000
55711  -51.307  -10.031  63.747 0.0000000000
55710  -50.483  -10.340  63.625 0.0000000000
116811  -50.843  -10.575  63.653 0.0000000000
54836  -50.927  -11.135  63.608 0.0000000000
53092  -50.128  -13.114  63.284 0.0000000000
53093  -51.300  -12.722  63.278 0.0000000000
52233  -52.887  -14.441  63.335 0.0000000000
116299  -53.107  -14.948  63.487 0.0000000000
60975  -52.887  -5.327  58.014 0.0000000000
60982  -53.178  -5.146  56.964 0.0000000000
60983  -53.481  -4.821  56.357 0.0000000000
60991  -53.799  -4.309  55.705 0.0000000000
60984  -53.954  -4.606  56.024 0.0000000000
60992  -54.136  -4.218  55.306 0.0000000000
45553  -42.267  -21.112  77.622 0.0000000000
48441  -42.911  -18.292  77.550 0.0000000000
111522  -43.308  -18.692  77.352 0.0000000000
39270  -19.535  -29.339  88.008 0.0000000000
40189  -20.121  -28.943  87.585 0.0000000000
40207  -20.839  -28.114  87.072 0.0000000000
40191  -22.228  -27.192  87.294 0.0000000000
47476  -31.188  -19.676  83.680 0.0000000000
47466  -31.558  -19.589  84.249 0.0000000000
47467  -32.016  -19.047  83.979 0.0000000000
115723  -32.545  -17.776  83.024 0.0000000000
113490  -32.839  -17.689  83.243 0.0000000000
50218  -33.066  -17.241  82.750 0.0000000000
50232  -33.927  -16.627  82.442 0.0000000000
49342  -36.332  -16.761  78.496 0.0000000000
50288  -39.000  -16.720  79.393 0.0000000000
50273  -38.598  -16.703  80.152 0.0000000000
50259  -38.725  -16.985  80.370 0.0000000000
48421  -39.229  -18.383  80.459 0.0000000000
47503  -40.013  -19.337  79.733 0.0000000000
47504  -40.645  -19.460  79.297 0.0000000000
44755  -43.558  -21.997  72.951 0.0000000000
102074  -43.562  -21.067  72.742 0.0000000000
46613  -44.653  -20.289  71.341 0.0000000000
45653  -45.383  -21.191  71.489 0.0000000000
45654  -46.717  -21.407  71.559 0.0000000000
50395  -49.337  -16.028  69.261 0.0000000000
50411  -49.868  -16.336  68.612 0.0000000000
49473  -50.158  -17.286  68.492 0.0000000000
49487  -50.602  -17.459  67.753 0.0000000000
48563  -50.335  -18.149  68.226 0.0000000000
47624  -50.007  -19.516  67.792 0.0000000000
58190  -48.752  -7.326  61.433 0.0000000000
57373  -48.709  -8.216  61.565 0.0000000000
58191  -49.308  -7.651  62.230 0.0000000000
107545  -51.673  -8.485  63.910 0.0000000000
56519  -51.510  -9.305  63.868 0.0000000000
55712  -51.826  -10.383  63.443 0.0000000000
49381  -41.075  -17.536  77.091 0.0000000000
49394  -40.877  -18.019  76.297 0.0000000000
49378  -37.217  -17.626  76.942 0.0000000000
49379  -38.258  -17.459  76.816 0.0000000000
99075  -39.296  -17.428  76.991 0.0000000000
52157  -45.400  -13.778  71.721 0.0000000000
51274  -46.446  -14.085  70.892 0.0000000000
51286  -47.069  -14.143  70.512 0.0000000000
52188  -48.016  -14.281  69.533 0.0000000000
52200  -48.442  -14.453  68.745 0.0000000000
52201  -49.253  -14.944  68.346 0.0000000000
118610  -49.659  -15.026  67.801 0.0000000000
100657  -50.137  -15.232  67.367 0.0000000000
117919  -49.331  -14.946  66.930 0.0000000000
106039  -50.167  -15.167  66.927 0.0000000000
116356  -51.674  -15.556  65.475 0.0000000000
58197  -47.864  -7.173  60.105 0.0000000000
118701  -48.404  -7.021  60.777 0.0000000000
59068  -49.359  -6.781  61.928 0.0000000000
59060  -49.955  -6.278  62.377 0.0000000000
59061  -50.817  -6.255  63.080 0.0000000000
60058  -51.140  -5.147  61.715 0.0000000000
60053  -51.351  -5.723  62.480 0.0000000000
59062  -51.684  -6.261  63.130 0.0000000000
58186  -52.424  -7.025  62.866 0.0000000000
58192  -52.439  -7.110  62.261 0.0000000000
58207  -52.883  -6.170  59.833 0.0000000000
60092  -53.012  -5.502  58.443 0.0000000000
60084  -53.455  -5.977  58.408 0.0000000000
59097  -53.594  -6.500  58.274 0.0000000000
59107  -53.908  -6.436  57.801 0.0000000000
43921  -43.001  -24.188  76.345 0.0000000000
43931  -43.357  -24.242  75.742 0.0000000000
111418  -43.274  -23.319  75.174 0.0000000000
111877  -43.263  -22.373  74.747 0.0000000000
45606  -43.362  -21.497  74.381 0.0000000000
45568  -42.887  -20.989  76.897 0.0000000000
46574  -43.521  -20.707  73.935 0.0000000000
110286  -44.626  -18.525  73.951 0.0000000000
110681  -44.915  -15.517  72.872 0.0000000000
49395  -43.037  -17.359  76.449 0.0000000000
50303  -43.794  -17.049  76.502 0.0000000000
50311  -43.952  -16.500  75.875 0.0000000000
51232  -44.033  -16.029  75.273 0.0000000000
51263  -45.154  -14.558  72.299 0.0000000000
38386  -17.395  -29.343  86.212 0.0000000000
108523  -18.544  -29.740  85.320 0.0000000000
41098  -21.867  -26.567  87.050 0.0000000000
40210  -23.804  -27.205  86.943 0.0000000000
40226  -24.464  -27.611  85.597 0.0000000000
41958  -27.236  -25.193  86.646 0.0000000000
41102  -27.969  -26.076  86.111 0.0000000000
41110  -28.456  -26.548  85.553 0.0000000000
109852  -28.720  -22.666  85.826 0.0000000000
45463  -29.821  -21.301  84.466 0.0000000000
45432  -29.565  -21.797  85.346 0.0000000000
110020  -29.937  -22.636  85.803 0.0000000000
42933  -31.553  -24.301  84.610 0.0000000000
46397  -32.783  -19.749  84.083 0.0000000000
46410  -33.234  -19.782  83.650 0.0000000000
105296  -33.362  -20.662  83.429 0.0000000000
102200  -31.975  -17.614  78.940 0.0000000000
49327  -32.319  -17.210  79.528 0.0000000000
50282  -32.928  -16.503  78.889 0.0000000000
50252  -33.288  -16.532  80.592 0.0000000000
108937  -33.716  -16.298  81.414 0.0000000000
50242  -34.431  -16.188  82.388 0.0000000000
49295  -34.666  -16.250  82.006 0.0000000000
50285  -36.226  -16.042  79.809 0.0000000000
50270  -35.656  -15.824  80.397 0.0000000000
101128  -36.291  -15.902  80.982 0.0000000000
51205  -35.541  -15.811  81.164 0.0000000000
48419  -36.433  -17.886  81.115 0.0000000000
46459  -39.304  -19.917  79.976 0.0000000000
45530  -39.511  -21.127  79.516 0.0000000000
45531  -39.935  -21.290  79.403 0.0000000000
43040  -40.679  -24.347  77.121 0.0000000000
38371  -17.378  -29.371  88.598 0.0000000000
114694  -44.276  -22.446  72.762 0.0000000000
48528  -46.779  -18.369  70.359 0.0000000000
117601  -46.447  -18.976  70.403 0.0000000000
47593  -47.179  -19.354  70.438 0.0000000000
46615  -47.996  -21.176  70.862 0.0000000000
49461  -49.044  -16.638  69.608 0.0000000000
49472  -49.189  -17.738  69.545 0.0000000000
48545  -48.755  -18.746  69.728 0.0000000000
46616  -48.402  -21.346  70.550 0.0000000000
50501  -48.926  -16.060  64.086 0.0000000000
50482  -49.418  -15.885  64.541 0.0000000000
56539  -48.789  -9.205  61.584 0.0000000000
55738  -48.802  -10.100  61.762 0.0000000000
55724  -49.670  -10.660  63.174 0.0000000000
55723  -48.852  -10.877  62.396 0.0000000000
55737  -48.041  -10.750  61.394 0.0000000000
53108  -48.123  -13.404  63.041 0.0000000000
103532  -49.763  -14.314  63.278 0.0000000000
51363  -51.771  -15.319  64.769 0.0000000000
106516  -52.286  -15.593  65.119 0.0000000000
51359  -52.615  -16.125  64.967 0.0000000000
49511  -52.607  -16.536  64.667 0.0000000000
50504  -52.984  -15.853  63.774 0.0000000000
50503  -52.633  -16.269  63.615 0.0000000000
49527  -52.290  -16.868  64.205 0.0000000000
44745  -43.384  -22.218  73.748 0.0000000000
44769  -48.065  -22.641  71.167 0.0000000000
45655  -47.819  -22.482  71.514 0.0000000000
46614  -47.269  -20.886  71.099 0.0000000000
47625  -50.366  -18.713  67.809 0.0000000000
49502  -52.081  -16.862  65.542 0.0000000000
49528  -52.795  -16.309  64.157 0.0000000000
50245  -36.979  -16.403  81.146 0.0000000000
52171  -46.845  -13.582  70.455 0.0000000000
52189  -48.736  -14.807  69.094 0.0000000000
52211  -49.060  -14.693  67.962 0.0000000000
58180  -52.015  -7.015  63.770 0.0000000000
59063  -52.092  -6.727  63.328 0.0000000000
59070  -52.207  -6.416  62.568 0.0000000000
60077  -51.418  -5.110  59.203 0.0000000000
111741  -52.348  -6.222  61.805 0.0000000000
114507  -51.383  -10.568  63.579 0.0000000000
115971  -51.993  -6.351  62.974 0.0000000000
