#!ascii label  , from subject sub-01 vox2ras=TkReg
387
54530  -21.335  -12.754  4.926 0.0000000000
50109  -18.579  -17.559  7.149 0.0000000000
50113  -24.485  -17.142  7.371 0.0000000000
46317  -19.983  -20.965  10.148 0.0000000000
65478  -17.819  0.032  0.824 0.0000000000
62252  -21.628  -3.155  3.456 0.0000000000
57101  -18.657  -9.570  2.484 0.0000000000
44544  -18.145  -23.872  12.315 0.0000000000
48289  -19.312  -19.114  8.780 0.0000000000
47327  -17.946  -20.679  10.048 0.0000000000
63823  -19.416  -1.711  2.033 0.0000000000
61484  -17.884  -4.668  1.097 0.0000000000
53657  -18.930  -13.469  4.355 0.0000000000
55434  -17.430  -11.659  4.147 0.0000000000
55458  -19.890  -11.235  3.329 0.0000000000
57909  -21.131  -8.557  3.706 0.0000000000
56253  -23.014  -10.441  5.503 0.0000000000
55416  -25.343  -12.188  6.267 0.0000000000
51918  -17.314  -15.534  6.966 0.0000000000
51087  -20.185  -15.709  5.704 0.0000000000
52755  -23.011  -14.643  7.456 0.0000000000
51050  -20.522  -16.977  7.424 0.0000000000
48292  -22.444  -19.522  8.681 0.0000000000
46325  -23.448  -22.945  8.122 0.0000000000
58733  -16.551  -7.384  2.373 0.0000000000
59658  -19.186  -6.652  1.915 0.0000000000
60595  -23.078  -5.463  4.086 0.0000000000
45359  -16.888  -22.131  12.027 0.0000000000
45361  -19.380  -23.248  11.204 0.0000000000
48266  -16.997  -19.291  9.604 0.0000000000
47326  -16.690  -20.371  10.662 0.0000000000
61494  -16.853  -3.630  0.936 0.0000000000
60617  -16.031  -5.015  1.729 0.0000000000
53659  -20.010  -13.417  4.202 0.0000000000
54555  -19.284  -12.479  3.591 0.0000000000
54558  -20.749  -12.044  3.950 0.0000000000
56261  -21.538  -10.566  4.533 0.0000000000
55424  -21.823  -11.840  5.227 0.0000000000
55427  -24.532  -11.070  5.945 0.0000000000
54517  -22.642  -12.755  6.337 0.0000000000
51048  -17.555  -16.385  7.315 0.0000000000
51933  -18.601  -15.793  6.006 0.0000000000
50124  -19.046  -17.121  6.612 0.0000000000
51070  -20.239  -16.679  6.588 0.0000000000
50110  -19.150  -17.652  7.080 0.0000000000
111259  -19.699  -20.298  9.694 0.0000000000
48290  -20.289  -18.985  8.975 0.0000000000
47348  -21.551  -20.832  9.295 0.0000000000
47359  -22.837  -21.426  8.245 0.0000000000
46319  -21.543  -21.805  9.280 0.0000000000
64607  -16.167  -0.908  0.194 0.0000000000
65475  -15.323  -0.249  0.968 0.0000000000
65477  -17.243  0.536  0.603 0.0000000000
67221  -18.142  2.208  0.434 0.0000000000
65449  -19.877  0.658  2.139 0.0000000000
62997  -20.560  -2.397  2.780 0.0000000000
56270  -17.918  -10.522  3.239 0.0000000000
57088  -16.607  -9.294  3.439 0.0000000000
57917  -17.262  -8.100  2.323 0.0000000000
59656  -17.695  -6.722  1.443 0.0000000000
58743  -18.823  -8.012  1.915 0.0000000000
57899  -22.857  -8.087  4.791 0.0000000000
58726  -21.831  -7.083  3.986 0.0000000000
59612  -24.089  -6.649  4.427 0.0000000000
51053  -23.305  -16.097  8.086 0.0000000000
51937  -25.282  -15.202  6.888 0.0000000000
44543  -17.383  -23.479  12.557 0.0000000000
44558  -17.923  -23.057  12.082 0.0000000000
104902  -18.506  -22.589  11.485 0.0000000000
44559  -18.764  -23.561  11.749 0.0000000000
49182  -17.774  -18.476  8.255 0.0000000000
103753  -18.383  -18.663  8.172 0.0000000000
48287  -18.016  -19.140  8.625 0.0000000000
48268  -18.239  -19.688  9.070 0.0000000000
47328  -18.605  -20.794  10.044 0.0000000000
63829  -16.445  -1.613  0.387 0.0000000000
103781  -18.316  -1.330  1.148 0.0000000000
63017  -17.663  -2.703  0.688 0.0000000000
62263  -18.540  -3.340  1.329 0.0000000000
61468  -18.879  -4.040  1.737 0.0000000000
53644  -17.530  -13.641  5.477 0.0000000000
54541  -17.754  -12.503  4.407 0.0000000000
106575  -18.918  -11.704  3.325 0.0000000000
56281  -19.407  -10.606  2.978 0.0000000000
57919  -19.786  -8.765  2.665 0.0000000000
57091  -20.646  -10.030  3.731 0.0000000000
57078  -21.846  -8.895  4.464 0.0000000000
57068  -24.479  -8.894  5.236 0.0000000000
56255  -25.272  -10.249  5.342 0.0000000000
42788  -18.916  -25.736  12.596 0.0000000000
43775  -19.697  -25.378  11.634 0.0000000000
52763  -17.841  -14.496  5.765 0.0000000000
52780  -19.512  -14.637  5.074 0.0000000000
52782  -20.699  -14.291  5.409 0.0000000000
52764  -21.561  -13.914  6.183 0.0000000000
51935  -21.194  -15.477  6.768 0.0000000000
51919  -21.629  -15.980  7.494 0.0000000000
51037  -22.244  -17.077  8.389 0.0000000000
49184  -19.548  -18.485  8.316 0.0000000000
49186  -21.113  -18.006  8.555 0.0000000000
49188  -23.474  -18.596  8.076 0.0000000000
48293  -23.262  -19.685  8.126 0.0000000000
106653  -23.789  -22.224  7.735 0.0000000000
111430  -19.856  -0.135  2.211 0.0000000000
101872  -17.204  -6.021  1.367 0.0000000000
60609  -18.913  -5.753  1.646 0.0000000000
61455  -20.306  -4.841  2.796 0.0000000000
58724  -20.482  -7.360  3.072 0.0000000000
59627  -21.349  -6.093  3.449 0.0000000000
61471  -22.014  -3.956  3.657 0.0000000000
53633  -24.198  -13.390  6.836 0.0000000000
53647  -25.833  -13.574  5.998 0.0000000000
47315  -16.065  -20.676  11.402 0.0000000000
46300  -16.921  -21.083  11.007 0.0000000000
46302  -18.482  -21.370  10.557 0.0000000000
46304  -20.204  -22.031  10.395 0.0000000000
44561  -20.689  -25.097  10.609 0.0000000000
44574  -20.273  -23.997  10.649 0.0000000000
45386  -21.317  -22.822  9.664 0.0000000000
119774  -15.280  -4.896  2.103 0.0000000000
99813  -20.741  -13.145  4.502 0.0000000000
54543  -20.282  -13.070  4.054 0.0000000000
54544  -20.707  -12.670  4.173 0.0000000000
104934  -21.182  -12.186  4.522 0.0000000000
116555  -22.435  -11.876  5.732 0.0000000000
54531  -22.161  -12.385  5.734 0.0000000000
51036  -17.386  -17.053  7.799 0.0000000000
115580  -18.006  -17.212  7.294 0.0000000000
51049  -18.377  -16.861  6.825 0.0000000000
47347  -20.674  -20.676  9.697 0.0000000000
46318  -20.763  -21.592  9.915 0.0000000000
64608  -17.016  -0.400  0.512 0.0000000000
65476  -16.283  0.062  0.579 0.0000000000
66353  -18.377  1.507  0.670 0.0000000000
101179  -19.537  1.257  1.735 0.0000000000
114035  -18.417  0.372  1.166 0.0000000000
62251  -20.675  -3.145  2.963 0.0000000000
62998  -21.329  -2.513  3.139 0.0000000000
56279  -18.353  -10.063  2.766 0.0000000000
57089  -17.557  -9.734  2.986 0.0000000000
57100  -18.053  -9.354  2.437 0.0000000000
57099  -17.147  -8.839  2.739 0.0000000000
115298  -17.870  -8.740  2.233 0.0000000000
57927  -18.519  -8.325  1.968 0.0000000000
57928  -18.825  -8.690  2.163 0.0000000000
58714  -24.404  -7.328  4.596 0.0000000000
58713  -23.493  -7.292  4.671 0.0000000000
116351  -23.851  -16.770  8.019 0.0000000000
51072  -24.921  -16.470  7.139 0.0000000000
43761  -18.344  -24.811  12.669 0.0000000000
43760  -17.647  -24.140  12.799 0.0000000000
43774  -18.945  -24.483  11.984 0.0000000000
49181  -17.026  -18.230  8.765 0.0000000000
49171  -17.412  -18.902  8.947 0.0000000000
106261  -17.308  -20.089  9.912 0.0000000000
47344  -17.911  -20.097  9.466 0.0000000000
47345  -18.420  -20.258  9.581 0.0000000000
107822  -16.198  -1.856  0.450 0.0000000000
63830  -17.445  -1.797  0.650 0.0000000000
63016  -16.844  -2.450  0.500 0.0000000000
113911  -17.482  -3.743  0.882 0.0000000000
61495  -17.927  -3.324  0.827 0.0000000000
107736  -18.185  -4.011  1.113 0.0000000000
62264  -19.244  -3.198  2.006 0.0000000000
53645  -18.406  -13.951  5.002 0.0000000000
53656  -18.070  -13.240  4.705 0.0000000000
55447  -19.829  -11.969  3.459 0.0000000000
55446  -19.450  -11.924  3.415 0.0000000000
55456  -19.176  -11.197  3.124 0.0000000000
56272  -20.001  -10.326  3.234 0.0000000000
56273  -20.427  -10.893  3.600 0.0000000000
56262  -22.275  -10.242  5.071 0.0000000000
107618  -21.333  -9.837  4.254 0.0000000000
57066  -22.770  -9.772  5.229 0.0000000000
57079  -22.780  -9.035  5.152 0.0000000000
57067  -23.691  -9.537  5.347 0.0000000000
57069  -24.801  -9.573  5.297 0.0000000000
56254  -24.290  -10.397  5.549 0.0000000000
55415  -24.360  -11.801  6.354 0.0000000000
110560  -25.184  -11.374  6.044 0.0000000000
54533  -25.900  -12.785  5.853 0.0000000000
107916  -18.800  -26.281  12.942 0.0000000000
41858  -19.459  -26.637  12.360 0.0000000000
51931  -17.001  -14.668  6.594 0.0000000000
51932  -17.846  -15.299  6.259 0.0000000000
51085  -19.192  -16.104  5.884 0.0000000000
51952  -19.164  -15.407  5.527 0.0000000000
51953  -19.817  -15.178  5.398 0.0000000000
118929  -19.913  -14.529  5.053 0.0000000000
52781  -20.204  -14.840  5.361 0.0000000000
109468  -21.147  -14.726  6.225 0.0000000000
51954  -20.596  -15.249  5.881 0.0000000000
51071  -20.834  -16.263  7.036 0.0000000000
51051  -21.436  -16.589  7.821 0.0000000000
51052  -22.380  -16.290  8.079 0.0000000000
50094  -21.256  -17.290  8.209 0.0000000000
49183  -18.921  -18.625  8.150 0.0000000000
48291  -21.468  -19.335  9.020 0.0000000000
101222  -20.962  -18.611  8.798 0.0000000000
111622  -21.828  -18.662  8.789 0.0000000000
49187  -22.763  -18.670  8.585 0.0000000000
119249  -22.625  -22.035  8.362 0.0000000000
105701  -24.949  -23.703  7.762 0.0000000000
64602  -19.138  -0.873  1.730 0.0000000000
63812  -19.978  -0.963  2.408 0.0000000000
54540  -16.929  -12.156  4.896 0.0000000000
58732  -15.666  -7.359  2.903 0.0000000000
59643  -15.946  -6.819  2.387 0.0000000000
60608  -16.257  -5.998  1.877 0.0000000000
59655  -16.844  -6.728  1.840 0.0000000000
59657  -18.436  -6.518  1.436 0.0000000000
61469  -19.293  -4.877  2.172 0.0000000000
105130  -19.801  -5.879  2.457 0.0000000000
57908  -20.487  -8.269  3.093 0.0000000000
58735  -19.872  -7.891  2.553 0.0000000000
58725  -21.159  -7.687  3.581 0.0000000000
59628  -22.602  -6.357  4.231 0.0000000000
109591  -21.814  -6.427  3.784 0.0000000000
104682  -22.145  -5.773  3.803 0.0000000000
60594  -21.609  -5.432  3.500 0.0000000000
61457  -22.425  -4.859  3.755 0.0000000000
61458  -23.550  -4.673  3.822 0.0000000000
52765  -22.485  -13.912  6.965 0.0000000000
53632  -23.096  -13.306  6.777 0.0000000000
52766  -23.647  -14.000  7.180 0.0000000000
52768  -25.658  -14.509  6.219 0.0000000000
46280  -15.829  -21.242  11.956 0.0000000000
46281  -16.542  -21.484  11.669 0.0000000000
46282  -17.308  -21.675  11.423 0.0000000000
46283  -18.064  -21.823  11.207 0.0000000000
105201  -18.700  -21.974  11.061 0.0000000000
45375  -19.270  -21.914  10.750 0.0000000000
45376  -19.822  -22.810  10.737 0.0000000000
106244  -20.789  -23.463  10.207 0.0000000000
48253  -16.496  -19.604  10.362 0.0000000000
62262  -16.343  -2.991  0.796 0.0000000000
116585  -16.354  -3.507  1.168 0.0000000000
61482  -16.582  -4.265  1.345 0.0000000000
61483  -17.265  -4.451  1.111 0.0000000000
53658  -19.623  -13.456  4.226 0.0000000000
53669  -19.384  -13.044  3.908 0.0000000000
53670  -19.766  -12.963  3.814 0.0000000000
54557  -20.217  -12.487  3.699 0.0000000000
55448  -20.310  -11.744  3.581 0.0000000000
55449  -20.857  -11.250  3.996 0.0000000000
55435  -21.353  -11.479  4.546 0.0000000000
55436  -22.035  -10.930  5.191 0.0000000000
55425  -22.669  -11.341  5.668 0.0000000000
54532  -23.053  -11.928  6.191 0.0000000000
54518  -23.652  -12.638  6.548 0.0000000000
119999  -16.941  -16.351  7.874 0.0000000000
51067  -18.098  -16.076  6.599 0.0000000000
51068  -18.823  -16.474  6.303 0.0000000000
51069  -19.474  -16.560  6.179 0.0000000000
103533  -20.052  -16.456  6.029 0.0000000000
50125  -19.689  -17.028  6.627 0.0000000000
118573  -20.027  -17.057  6.910 0.0000000000
50111  -19.765  -17.505  7.309 0.0000000000
48269  -18.994  -19.801  9.273 0.0000000000
48270  -19.945  -19.726  9.388 0.0000000000
48271  -21.039  -19.937  9.352 0.0000000000
47358  -22.076  -20.384  8.871 0.0000000000
47349  -22.135  -21.439  8.793 0.0000000000
46320  -22.435  -22.525  8.629 0.0000000000
116577  -15.425  -0.862  0.585 0.0000000000
66352  -17.448  1.529  0.444 0.0000000000
63010  -19.651  -2.418  2.308 0.0000000000
104311  -20.861  -1.034  2.639 0.0000000000
63813  -20.308  -1.693  2.589 0.0000000000
57087  -16.232  -8.477  3.304 0.0000000000
57916  -16.366  -7.952  2.894 0.0000000000
58741  -17.469  -7.458  1.849 0.0000000000
58742  -18.271  -7.546  1.653 0.0000000000
58734  -19.269  -7.549  2.113 0.0000000000
57898  -21.869  -7.909  4.218 0.0000000000
58712  -22.622  -7.215  4.493 0.0000000000
59611  -23.268  -6.692  4.499 0.0000000000
59629  -23.631  -6.040  4.289 0.0000000000
51921  -23.692  -15.455  7.736 0.0000000000
52756  -24.292  -14.846  7.431 0.0000000000
51922  -24.705  -15.714  7.369 0.0000000000
116476  -25.285  -15.976  6.918 0.0000000000
44542  -16.662  -23.226  12.803 0.0000000000
45346  -17.137  -22.800  12.304 0.0000000000
45360  -17.633  -22.330  11.775 0.0000000000
50092  -17.226  -17.699  8.244 0.0000000000
50108  -17.965  -17.904  7.640 0.0000000000
49198  -18.646  -18.159  7.648 0.0000000000
118441  -18.215  -18.360  7.876 0.0000000000
48288  -18.607  -19.164  8.647 0.0000000000
48267  -17.692  -19.579  9.205 0.0000000000
47346  -19.105  -20.541  9.827 0.0000000000
63821  -15.419  -1.204  0.644 0.0000000000
63828  -15.702  -1.261  0.319 0.0000000000
64609  -17.674  -0.848  0.826 0.0000000000
64601  -18.416  -0.386  1.255 0.0000000000
63822  -18.227  -2.201  1.058 0.0000000000
62275  -17.343  -3.104  0.637 0.0000000000
63008  -18.237  -2.862  1.015 0.0000000000
63009  -18.870  -2.510  1.573 0.0000000000
62265  -19.927  -3.003  2.561 0.0000000000
62250  -19.827  -3.870  2.546 0.0000000000
54542  -18.685  -12.832  4.037 0.0000000000
54554  -18.368  -12.136  3.713 0.0000000000
55445  -18.151  -11.334  3.481 0.0000000000
56271  -18.662  -10.869  3.056 0.0000000000
56280  -18.910  -10.356  2.745 0.0000000000
99899  -19.040  -9.737  2.559 0.0000000000
57102  -19.147  -9.091  2.383 0.0000000000
57103  -19.589  -9.653  2.795 0.0000000000
57090  -20.390  -9.274  3.249 0.0000000000
118893  -20.926  -10.521  4.044 0.0000000000
113631  -21.047  -9.302  3.884 0.0000000000
57892  -23.706  -8.560  5.187 0.0000000000
57900  -24.662  -8.138  4.885 0.0000000000
110349  -25.180  -8.885  4.941 0.0000000000
57080  -25.539  -9.668  4.822 0.0000000000
116734  -25.029  -10.747  5.770 0.0000000000
105180  -24.422  -17.974  7.234 0.0000000000
43762  -19.093  -25.253  12.215 0.0000000000
53630  -17.096  -13.962  6.123 0.0000000000
51951  -18.438  -15.165  5.718 0.0000000000
52779  -18.767  -14.670  5.231 0.0000000000
52794  -19.212  -14.072  4.672 0.0000000000
52795  -19.793  -14.014  4.634 0.0000000000
52796  -20.157  -14.105  4.820 0.0000000000
53646  -21.083  -13.496  5.156 0.0000000000
53631  -21.776  -13.104  5.811 0.0000000000
51936  -21.870  -14.622  6.988 0.0000000000
51934  -20.483  -16.088  6.167 0.0000000000
51920  -22.377  -15.426  7.645 0.0000000000
51038  -23.138  -16.870  8.385 0.0000000000
49199  -19.239  -18.070  7.688 0.0000000000
49200  -19.759  -17.955  7.953 0.0000000000
50093  -20.396  -17.615  8.018 0.0000000000
49185  -20.306  -18.268  8.423 0.0000000000
50095  -22.072  -17.878  8.651 0.0000000000
50096  -22.993  -17.746  8.543 0.0000000000
50112  -23.823  -17.651  7.956 0.0000000000
48309  -23.931  -19.502  7.426 0.0000000000
102918  -22.797  -20.337  8.382 0.0000000000
47360  -23.400  -20.984  7.726 0.0000000000
65465  -19.118  0.289  1.668 0.0000000000
64590  -20.731  -0.343  2.489 0.0000000000
60607  -15.462  -5.669  2.272 0.0000000000
60618  -16.849  -5.204  1.348 0.0000000000
60619  -17.579  -5.336  1.197 0.0000000000
107927  -17.843  -6.047  1.211 0.0000000000
61485  -18.487  -4.845  1.486 0.0000000000
61470  -20.934  -3.958  3.207 0.0000000000
57918  -19.242  -8.368  2.246 0.0000000000
59644  -19.837  -6.963  2.531 0.0000000000
109719  -21.164  -6.865  3.510 0.0000000000
59626  -20.520  -6.462  3.055 0.0000000000
60593  -20.776  -5.591  3.109 0.0000000000
61456  -21.352  -4.783  3.353 0.0000000000
111350  -22.692  -3.164  3.535 0.0000000000
116860  -22.294  -13.371  6.463 0.0000000000
54519  -24.775  -12.711  6.599 0.0000000000
52767  -24.840  -14.200  7.081 0.0000000000
53634  -25.234  -13.527  6.646 0.0000000000
54520  -25.483  -12.923  6.345 0.0000000000
47325  -16.069  -19.922  11.006 0.0000000000
106027  -17.331  -20.702  10.462 0.0000000000
46301  -17.677  -21.234  10.754 0.0000000000
46303  -19.238  -21.243  10.303 0.0000000000
44560  -19.751  -24.441  11.276 0.0000000000
51054  -24.240  -16.286  7.674 0.0000000000
51086  -19.713  -15.973  5.738 0.0000000000
53660  -20.455  -13.586  4.627 0.0000000000
53671  -19.997  -12.920  3.783 0.0000000000
54556  -19.772  -12.499  3.598 0.0000000000
55426  -23.646  -11.138  5.893 0.0000000000
55457  -19.511  -11.456  3.293 0.0000000000
57112  -18.456  -8.901  2.210 0.0000000000
57113  -18.816  -9.195  2.341 0.0000000000
57926  -18.012  -8.260  1.896 0.0000000000
60620  -18.184  -5.561  1.268 0.0000000000
62274  -16.839  -3.088  0.618 0.0000000000
62999  -22.242  -2.400  3.286 0.0000000000
100250  -23.829  -7.845  4.913 0.0000000000
100858  -18.065  0.853  0.737 0.0000000000
102461  -18.805  -7.266  1.763 0.0000000000
102621  -22.098  -9.730  4.772 0.0000000000
111592  -16.912  -1.136  0.477 0.0000000000
113166  -18.800  -1.751  1.480 0.0000000000
114002  -19.135  -22.451  11.087 0.0000000000
