#!ascii label  , from subject sub-01 vox2ras=TkReg
1036
46300  -16.921  -21.083  11.007 0.5555555820
46302  -18.482  -21.370  10.557 0.6666666865
47345  -18.420  -20.258  9.581 0.7777777910
47346  -19.105  -20.541  9.827 0.7777777910
48289  -19.312  -19.114  8.780 0.8888888955
48291  -21.468  -19.335  9.020 0.8888888955
46281  -16.542  -21.484  11.669 0.5555555820
47326  -16.690  -20.371  10.662 0.5555555820
106261  -17.308  -20.089  9.912 0.6666666865
47344  -17.911  -20.097  9.466 0.8888888955
111259  -19.699  -20.298  9.694 0.8888888955
49185  -20.306  -18.268  8.423 1.0000000000
111622  -21.828  -18.662  8.789 0.8888888955
50095  -22.072  -17.878  8.651 1.0000000000
48253  -16.496  -19.604  10.362 0.7777777910
49182  -17.774  -18.476  8.255 1.0000000000
50108  -17.965  -17.904  7.640 1.0000000000
103753  -18.383  -18.663  8.172 1.0000000000
50110  -19.150  -17.652  7.080 1.0000000000
49198  -18.646  -18.159  7.648 1.0000000000
50111  -19.765  -17.505  7.309 1.0000000000
50124  -19.046  -17.121  6.612 1.0000000000
118573  -20.027  -17.057  6.910 1.0000000000
51050  -20.522  -16.977  7.424 1.0000000000
51052  -22.380  -16.290  8.079 1.0000000000
51070  -20.239  -16.679  6.588 1.0000000000
51071  -20.834  -16.263  7.036 1.0000000000
51053  -23.305  -16.097  8.086 1.0000000000
51936  -21.870  -14.622  6.988 1.0000000000
52755  -23.011  -14.643  7.456 0.7777777910
51036  -17.386  -17.053  7.799 0.8888888955
50109  -18.579  -17.559  7.149 1.0000000000
50125  -19.689  -17.028  6.627 1.0000000000
51049  -18.377  -16.861  6.825 1.0000000000
51069  -19.474  -16.560  6.179 1.0000000000
51954  -20.596  -15.249  5.881 1.0000000000
51935  -21.194  -15.477  6.768 1.0000000000
109468  -21.147  -14.726  6.225 1.0000000000
52765  -22.485  -13.912  6.965 1.0000000000
52766  -23.647  -14.000  7.180 0.8888888955
53632  -23.096  -13.306  6.777 1.0000000000
53633  -24.198  -13.390  6.836 0.7777777910
53634  -25.234  -13.527  6.646 0.7777777910
51918  -17.314  -15.534  6.966 0.5555555820
53645  -18.406  -13.951  5.002 0.7777777910
51951  -18.438  -15.165  5.718 0.8888888955
51953  -19.817  -15.178  5.398 1.0000000000
51087  -20.185  -15.709  5.704 1.0000000000
52780  -19.512  -14.637  5.074 0.8888888955
118929  -19.913  -14.529  5.053 1.0000000000
52782  -20.699  -14.291  5.409 1.0000000000
53631  -21.776  -13.104  5.811 1.0000000000
116860  -22.294  -13.371  6.463 0.8888888955
54531  -22.161  -12.385  5.734 1.0000000000
54517  -22.642  -12.755  6.337 0.8888888955
55415  -24.360  -11.801  6.354 0.7777777910
54533  -25.900  -12.785  5.853 0.6666666865
55428  -25.891  -11.912  5.516 0.6666666865
53643  -16.715  -13.279  5.966 0.4444444478
53630  -17.096  -13.962  6.123 0.7777777910
53656  -18.070  -13.240  4.705 0.6666666865
53669  -19.384  -13.044  3.908 0.7777777910
53658  -19.623  -13.456  4.226 0.8888888955
53659  -20.010  -13.417  4.202 0.8888888955
53646  -21.083  -13.496  5.156 1.0000000000
54543  -20.282  -13.070  4.054 1.0000000000
54544  -20.707  -12.670  4.173 1.0000000000
54530  -21.335  -12.754  4.926 1.0000000000
55424  -21.823  -11.840  5.227 0.8888888955
55425  -22.669  -11.341  5.668 0.7777777910
55427  -24.532  -11.070  5.945 0.7777777910
55429  -26.359  -12.246  4.612 0.5555555820
116734  -25.029  -10.747  5.770 0.7777777910
105238  -25.624  -10.962  5.421 0.6666666865
54541  -17.754  -12.503  4.407 0.6666666865
54529  -17.194  -12.891  5.198 0.6666666865
54542  -18.685  -12.832  4.037 0.7777777910
54554  -18.368  -12.136  3.713 0.7777777910
54555  -19.284  -12.479  3.591 0.8888888955
54557  -20.217  -12.487  3.699 0.8888888955
55447  -19.829  -11.969  3.459 1.0000000000
55448  -20.310  -11.744  3.581 1.0000000000
55449  -20.857  -11.250  3.996 1.0000000000
104934  -21.182  -12.186  4.522 0.8888888955
56262  -22.275  -10.242  5.071 0.8888888955
56253  -23.014  -10.441  5.503 0.8888888955
107618  -21.333  -9.837  4.254 0.8888888955
57066  -22.770  -9.772  5.229 0.7777777910
57067  -23.691  -9.537  5.347 0.7777777910
56255  -25.272  -10.249  5.342 0.7777777910
56263  -25.952  -10.438  4.744 0.6666666865
55434  -17.430  -11.659  4.147 0.6666666865
54540  -16.929  -12.156  4.896 0.5555555820
55445  -18.151  -11.334  3.481 0.7777777910
106575  -18.918  -11.704  3.325 0.8888888955
55446  -19.450  -11.924  3.415 0.8888888955
56281  -19.407  -10.606  2.978 1.0000000000
55458  -19.890  -11.235  3.329 1.0000000000
118893  -20.926  -10.521  4.044 1.0000000000
56261  -21.538  -10.566  4.533 0.8888888955
57079  -22.780  -9.035  5.152 0.7777777910
57892  -23.706  -8.560  5.187 0.7777777910
110349  -25.180  -8.885  4.941 0.6666666865
57092  -25.744  -9.137  4.215 0.5555555820
57081  -26.139  -9.908  4.074 0.5555555820
55444  -17.499  -10.943  3.750 0.7777777910
56269  -17.016  -10.232  3.764 0.6666666865
56271  -18.662  -10.869  3.056 0.8888888955
56272  -20.001  -10.326  3.234 1.0000000000
57090  -20.390  -9.274  3.249 0.8888888955
113631  -21.047  -9.302  3.884 0.8888888955
57909  -21.131  -8.557  3.706 0.8888888955
57078  -21.846  -8.895  4.464 0.8888888955
57899  -22.857  -8.087  4.791 0.7777777910
58713  -23.493  -7.292  4.671 0.7777777910
58714  -24.404  -7.328  4.596 0.7777777910
57901  -25.505  -8.281  4.233 0.5555555820
58726  -21.831  -7.083  3.986 0.7777777910
59613  -24.955  -6.680  4.236 0.5555555820
57910  -25.930  -8.209  3.273 0.5555555820
59612  -24.089  -6.649  4.427 0.6666666865
57077  -16.123  -9.615  4.212 0.4444444478
57100  -18.053  -9.354  2.437 0.7777777910
99899  -19.040  -9.737  2.559 1.0000000000
56279  -18.353  -10.063  2.766 0.8888888955
57102  -19.147  -9.091  2.383 1.0000000000
57919  -19.786  -8.765  2.665 0.8888888955
58735  -19.872  -7.891  2.553 0.8888888955
57908  -20.487  -8.269  3.093 0.8888888955
58725  -21.159  -7.687  3.581 0.8888888955
59611  -23.268  -6.692  4.499 0.6666666865
59631  -25.429  -6.971  3.680 0.5555555820
58733  -16.551  -7.384  2.373 0.6666666865
57916  -16.366  -7.952  2.894 0.6666666865
58741  -17.469  -7.458  1.849 0.7777777910
58743  -18.823  -8.012  1.915 0.8888888955
58742  -18.271  -7.546  1.653 0.7777777910
58734  -19.269  -7.549  2.113 0.7777777910
59658  -19.186  -6.652  1.915 0.7777777910
58724  -20.482  -7.360  3.072 0.8888888955
59626  -20.520  -6.462  3.055 0.7777777910
109591  -21.814  -6.427  3.784 0.6666666865
61455  -20.306  -4.841  2.796 0.6666666865
60594  -21.609  -5.432  3.500 0.6666666865
104682  -22.145  -5.773  3.803 0.6666666865
59628  -22.602  -6.357  4.231 0.5555555820
61471  -22.014  -3.956  3.657 0.6666666865
61458  -23.550  -4.673  3.822 0.5555555820
60598  -25.175  -6.161  3.582 0.4444444478
61472  -23.111  -3.940  3.765 0.5555555820
60592  -14.648  -5.651  3.092 0.3333333433
59641  -15.049  -6.220  2.840 0.3333333433
60608  -16.257  -5.998  1.877 0.5555555820
59655  -16.844  -6.728  1.840 0.6666666865
60618  -16.849  -5.204  1.348 0.5555555820
59656  -17.695  -6.722  1.443 0.7777777910
59657  -18.436  -6.518  1.436 0.7777777910
61485  -18.487  -4.845  1.486 0.6666666865
60609  -18.913  -5.753  1.646 0.6666666865
61469  -19.293  -4.877  2.172 0.6666666865
62250  -19.827  -3.870  2.546 0.6666666865
62252  -21.628  -3.155  3.456 0.6666666865
111350  -22.692  -3.164  3.535 0.5555555820
119774  -15.280  -4.896  2.103 0.4444444478
61467  -14.209  -4.823  3.010 0.4444444478
61481  -15.765  -4.016  1.661 0.5555555820
60617  -16.031  -5.015  1.729 0.5555555820
61483  -17.265  -4.451  1.111 0.6666666865
60619  -17.579  -5.336  1.197 0.6666666865
61484  -17.884  -4.668  1.097 0.6666666865
61468  -18.879  -4.040  1.737 0.6666666865
62265  -19.927  -3.003  2.561 0.6666666865
62997  -20.560  -2.397  2.780 0.6666666865
63814  -22.738  -1.712  2.950 0.5555555820
63000  -23.186  -2.458  3.151 0.6666666865
62260  -15.290  -3.291  1.709 0.4444444478
61494  -16.853  -3.630  0.936 0.6666666865
113911  -17.482  -3.743  0.882 0.6666666865
61495  -17.927  -3.324  0.827 0.6666666865
107736  -18.185  -4.011  1.113 0.6666666865
48268  -18.239  -19.688  9.070 0.8888888955
48267  -17.692  -19.579  9.205 1.0000000000
49183  -18.921  -18.625  8.150 1.0000000000
50094  -21.256  -17.290  8.209 1.0000000000
55435  -21.353  -11.479  4.546 0.8888888955
114920  -16.981  -10.946  4.237 0.5555555820
99618  -15.746  -8.688  3.811 0.5555555820
56270  -17.918  -10.522  3.239 0.7777777910
57103  -19.589  -9.653  2.795 1.0000000000
57898  -21.869  -7.909  4.218 0.8888888955
57076  -15.443  -8.934  4.519 0.2222222239
59629  -23.631  -6.040  4.289 0.6666666865
60596  -24.089  -5.284  3.977 0.4444444478
61482  -16.582  -4.265  1.345 0.6666666865
62262  -16.343  -2.991  0.796 0.6666666865
54528  -16.462  -12.417  5.709 0.4444444478
55423  -16.577  -11.409  4.832 0.4444444478
63001  -23.827  -2.596  2.587 0.5555555820
62254  -24.201  -3.199  2.455 0.5555555820
61466  -13.794  -4.293  3.161 0.2222222239
61480  -14.742  -4.303  2.279 0.3333333433
108493  -23.485  -1.897  2.558 0.5555555820
45360  -17.633  -22.330  11.775 0.5555555820
104902  -18.506  -22.589  11.485 0.5555555820
46301  -17.677  -21.234  10.754 0.6666666865
46303  -19.238  -21.243  10.303 0.5555555820
47348  -21.551  -20.832  9.295 0.7777777910
47358  -22.076  -20.384  8.871 0.8888888955
45359  -16.888  -22.131  12.027 0.5555555820
46317  -19.983  -20.965  10.148 0.6666666865
47347  -20.674  -20.676  9.697 0.8888888955
48292  -22.444  -19.522  8.681 0.7777777910
49187  -22.763  -18.670  8.585 0.7777777910
50096  -22.993  -17.746  8.543 0.8888888955
46280  -15.829  -21.242  11.956 0.4444444478
47325  -16.069  -19.922  11.006 0.5555555820
51037  -22.244  -17.077  8.389 1.0000000000
49159  -16.006  -18.236  10.629 0.2222222239
49170  -16.718  -18.531  9.407 0.6666666865
51922  -24.705  -15.714  7.369 0.6666666865
52767  -24.840  -14.200  7.081 0.7777777910
52768  -25.658  -14.509  6.219 0.6666666865
50091  -16.614  -17.516  8.823 0.5555555820
53647  -25.833  -13.574  5.998 0.6666666865
103503  -16.460  -15.862  8.161 0.4444444478
119502  -26.190  -13.480  5.333 0.5555555820
54545  -26.545  -13.018  4.004 0.5555555820
52754  -16.221  -14.363  7.327 0.2222222239
55438  -26.556  -12.182  3.774 0.5555555820
53628  -16.012  -12.941  6.556 0.4444444478
56264  -26.370  -10.752  3.854 0.5555555820
55414  -15.817  -11.507  6.157 0.3333333433
107233  -26.395  -10.303  3.095 0.5555555820
57930  -26.149  -9.207  1.773 0.4444444478
57065  -15.290  -9.174  5.115 0.3333333433
58736  -25.774  -7.528  2.932 0.5555555820
59645  -25.531  -6.635  2.638 0.4444444478
59624  -14.688  -6.363  3.398 0.3333333433
59625  -15.113  -7.013  3.167 0.3333333433
59642  -15.316  -6.909  2.888 0.4444444478
60610  -24.973  -4.862  2.736 0.4444444478
61473  -24.482  -3.974  2.739 0.4444444478
105747  -24.195  -2.707  1.875 0.2222222239
109144  -14.098  -4.117  2.735 0.3333333433
62261  -15.905  -3.082  1.162 0.6666666865
62275  -17.343  -3.104  0.637 0.6666666865
62263  -18.540  -3.340  1.329 0.6666666865
63009  -18.870  -2.510  1.573 0.6666666865
63823  -19.416  -1.711  2.033 0.6666666865
104311  -20.861  -1.034  2.639 0.6666666865
63813  -20.308  -1.693  2.589 0.6666666865
105715  -21.547  -1.638  2.918 0.6666666865
63815  -23.227  -1.075  2.395 0.4444444478
114353  -23.955  -2.130  2.063 0.3333333433
63015  -16.261  -2.440  0.624 0.5555555820
106027  -17.331  -20.702  10.462 0.6666666865
46282  -17.308  -21.675  11.423 0.5555555820
46283  -18.064  -21.823  11.207 0.6666666865
47327  -17.946  -20.679  10.048 0.6666666865
47328  -18.605  -20.794  10.044 0.7777777910
48269  -18.994  -19.801  9.273 0.8888888955
49184  -19.548  -18.485  8.316 1.0000000000
48288  -18.607  -19.164  8.647 1.0000000000
101222  -20.962  -18.611  8.798 1.0000000000
48290  -20.289  -18.985  8.975 0.8888888955
48271  -21.039  -19.937  9.352 0.8888888955
47315  -16.065  -20.676  11.402 0.5555555820
48266  -16.997  -19.291  9.604 0.8888888955
48270  -19.945  -19.726  9.388 0.8888888955
49186  -21.113  -18.006  8.555 1.0000000000
50093  -20.396  -17.615  8.018 1.0000000000
48252  -15.806  -19.108  10.950 0.5555555820
49160  -16.323  -18.788  10.123 0.6666666865
48287  -18.016  -19.140  8.625 1.0000000000
49181  -17.026  -18.230  8.765 0.8888888955
49171  -17.412  -18.902  8.947 1.0000000000
118441  -18.215  -18.360  7.876 1.0000000000
50092  -17.226  -17.699  8.244 0.8888888955
49199  -19.239  -18.070  7.688 1.0000000000
49200  -19.759  -17.955  7.953 1.0000000000
51051  -21.436  -16.589  7.821 1.0000000000
51919  -21.629  -15.980  7.494 1.0000000000
51934  -20.483  -16.088  6.167 1.0000000000
103533  -20.052  -16.456  6.029 1.0000000000
51920  -22.377  -15.426  7.645 1.0000000000
51921  -23.692  -15.455  7.736 0.8888888955
52756  -24.292  -14.846  7.431 0.7777777910
51048  -17.555  -16.385  7.315 1.0000000000
119999  -16.941  -16.351  7.874 0.5555555820
51035  -16.707  -16.774  8.382 0.6666666865
115580  -18.006  -17.212  7.294 1.0000000000
51068  -18.823  -16.474  6.303 1.0000000000
51067  -18.098  -16.076  6.599 0.8888888955
51085  -19.192  -16.104  5.884 1.0000000000
52781  -20.204  -14.840  5.361 1.0000000000
52764  -21.561  -13.914  6.183 1.0000000000
54518  -23.652  -12.638  6.548 0.8888888955
54519  -24.775  -12.711  6.599 0.7777777910
54520  -25.483  -12.923  6.345 0.6666666865
51917  -16.669  -15.087  7.256 0.5555555820
51047  -16.824  -15.716  7.592 0.5555555820
51931  -17.001  -14.668  6.594 0.6666666865
51932  -17.846  -15.299  6.259 0.6666666865
52763  -17.841  -14.496  5.765 0.7777777910
53657  -18.930  -13.469  4.355 0.8888888955
52779  -18.767  -14.670  5.231 0.8888888955
52794  -19.212  -14.072  4.672 0.8888888955
51933  -18.601  -15.793  6.006 0.8888888955
51952  -19.164  -15.407  5.527 1.0000000000
52795  -19.793  -14.014  4.634 0.8888888955
52796  -20.157  -14.105  4.820 1.0000000000
116555  -22.435  -11.876  5.732 0.8888888955
54532  -23.053  -11.928  6.191 0.8888888955
55416  -25.343  -12.188  6.267 0.7777777910
110560  -25.184  -11.374  6.044 0.6666666865
53648  -26.309  -12.863  5.029 0.5555555820
55437  -26.262  -11.380  4.556 0.6666666865
53644  -17.530  -13.641  5.477 0.5555555820
53629  -16.406  -13.810  6.638 0.3333333433
53670  -19.766  -12.963  3.814 0.8888888955
99813  -20.741  -13.145  4.502 1.0000000000
54558  -20.749  -12.044  3.950 1.0000000000
55436  -22.035  -10.930  5.191 0.7777777910
56254  -24.290  -10.397  5.549 0.7777777910
56273  -20.427  -10.893  3.600 1.0000000000
57068  -24.479  -8.894  5.236 0.7777777910
57069  -24.801  -9.573  5.297 0.7777777910
57080  -25.539  -9.668  4.822 0.6666666865
117496  -16.506  -11.902  5.302 0.4444444478
55456  -19.176  -11.197  3.124 0.8888888955
57091  -20.646  -10.030  3.731 0.8888888955
57900  -24.662  -8.138  4.885 0.6666666865
57921  -26.238  -8.926  2.755 0.5555555820
57104  -26.313  -9.819  2.354 0.5555555820
56260  -16.384  -10.525  4.558 0.5555555820
57089  -17.557  -9.734  2.986 0.6666666865
56280  -18.910  -10.356  2.745 0.8888888955
58712  -22.622  -7.215  4.493 0.8888888955
58715  -25.183  -7.454  4.321 0.6666666865
109719  -21.164  -6.865  3.510 0.8888888955
57088  -16.607  -9.294  3.439 0.5555555820
57101  -18.657  -9.570  2.484 1.0000000000
115298  -17.870  -8.740  2.233 0.7777777910
57099  -17.147  -8.839  2.739 0.7777777910
57918  -19.242  -8.368  2.246 0.8888888955
57928  -18.825  -8.690  2.163 0.7777777910
58732  -15.666  -7.359  2.903 0.5555555820
59643  -15.946  -6.819  2.387 0.4444444478
57917  -17.262  -8.100  2.323 0.7777777910
57087  -16.232  -8.477  3.304 0.7777777910
57927  -18.519  -8.325  1.968 0.7777777910
59644  -19.837  -6.963  2.531 0.7777777910
105130  -19.801  -5.879  2.457 0.6666666865
59627  -21.349  -6.093  3.449 0.6666666865
60593  -20.776  -5.591  3.109 0.6666666865
61470  -20.934  -3.958  3.207 0.6666666865
61456  -21.352  -4.783  3.353 0.6666666865
61457  -22.425  -4.859  3.755 0.5555555820
60595  -23.078  -5.463  4.086 0.5555555820
109568  -23.936  -4.054  3.478 0.4444444478
60611  -25.233  -5.672  2.776 0.4444444478
62253  -23.698  -3.296  3.206 0.5555555820
117086  -15.558  -6.381  2.467 0.4444444478
60607  -15.462  -5.669  2.272 0.5555555820
101872  -17.204  -6.021  1.367 0.6666666865
107927  -17.843  -6.047  1.211 0.7777777910
62251  -20.675  -3.145  2.963 0.6666666865
62998  -21.329  -2.513  3.139 0.6666666865
116585  -16.354  -3.507  1.168 0.6666666865
62264  -19.244  -3.198  2.006 0.6666666865
63010  -19.651  -2.418  2.308 0.6666666865
56252  -16.126  -10.930  5.138 0.4444444478
57897  -15.199  -8.078  4.086 0.3333333433
55422  -16.126  -11.559  5.632 0.4444444478
62266  -24.483  -3.572  1.679 0.3333333433
63816  -23.853  -1.518  1.919 0.3333333433
46272  -16.153  -21.881  12.290 0.4444444478
45345  -16.424  -22.576  12.547 0.5555555820
51038  -23.138  -16.870  8.385 0.7777777910
46271  -15.415  -21.419  12.566 0.3333333433
48246  -15.373  -19.841  11.677 0.4444444478
51937  -25.282  -15.202  6.888 0.6666666865
52745  -15.825  -14.328  8.020 0.1111111119
53620  -15.867  -13.593  7.199 0.1111111119
54527  -16.041  -12.106  6.255 0.4444444478
103014  -15.698  -10.778  5.641 0.3333333433
58723  -15.173  -7.305  3.373 0.3333333433
107962  -22.416  -1.042  2.730 0.4444444478
44575  -21.402  -25.110  10.005 0.4444444478
43777  -22.047  -26.026  10.323 0.2222222239
44558  -17.923  -23.057  12.082 0.4444444478
44559  -18.764  -23.561  11.749 0.4444444478
45361  -19.380  -23.248  11.204 0.4444444478
44574  -20.273  -23.997  10.649 0.4444444478
45377  -21.785  -24.370  9.503 0.4444444478
44585  -22.717  -24.904  9.190 0.2222222239
46304  -20.204  -22.031  10.395 0.4444444478
45386  -21.317  -22.822  9.664 0.4444444478
44593  -24.064  -24.469  8.524 0.1111111119
44587  -23.966  -24.504  8.637 0.1111111119
45388  -23.166  -24.066  8.617 0.3333333433
46318  -20.763  -21.592  9.915 0.4444444478
108889  -22.078  -23.020  8.974 0.3333333433
46325  -23.448  -22.945  8.122 0.3333333433
45395  -24.482  -24.292  8.160 0.2222222239
46319  -21.543  -21.805  9.280 0.4444444478
46320  -22.435  -22.525  8.629 0.3333333433
106653  -23.789  -22.224  7.735 0.2222222239
46326  -24.581  -21.951  7.461 0.1111111119
47368  -26.435  -21.819  7.215 0.1111111119
47359  -22.837  -21.426  8.245 0.3333333433
47360  -23.400  -20.984  7.726 0.3333333433
48293  -23.262  -19.685  8.126 0.4444444478
49188  -23.474  -18.596  8.076 0.6666666865
49203  -25.135  -19.613  6.719 0.4444444478
50112  -23.823  -17.651  7.956 0.6666666865
50128  -26.425  -17.821  5.786 0.3333333433
50113  -24.485  -17.142  7.371 0.6666666865
105992  -25.572  -17.182  6.232 0.5555555820
116351  -23.851  -16.770  8.019 0.6666666865
51073  -25.410  -16.534  6.500 0.5555555820
51088  -25.894  -16.523  5.698 0.5555555820
50137  -26.207  -17.134  5.710 0.4444444478
51089  -26.539  -16.297  4.997 0.3333333433
51072  -24.921  -16.470  7.139 0.5555555820
52783  -26.376  -15.170  4.548 0.4444444478
110084  -26.188  -14.406  5.115 0.5555555820
51955  -26.027  -15.776  5.101 0.4444444478
52784  -26.476  -13.884  4.344 0.4444444478
63008  -18.237  -2.862  1.015 0.5555555820
63017  -17.663  -2.703  0.688 0.5555555820
63822  -18.227  -2.201  1.058 0.5555555820
64602  -19.138  -0.873  1.730 0.5555555820
63812  -19.978  -0.963  2.408 0.5555555820
111430  -19.856  -0.135  2.211 0.5555555820
44561  -20.689  -25.097  10.609 0.4444444478
43785  -22.238  -25.901  10.178 0.2222222239
105701  -24.949  -23.703  7.762 0.2222222239
47366  -23.973  -20.587  7.324 0.4444444478
48310  -24.739  -20.387  7.014 0.3333333433
105180  -24.422  -17.974  7.234 0.6666666865
49202  -24.690  -18.658  6.839 0.4444444478
51956  -26.726  -15.489  4.442 0.3333333433
118276  -26.567  -14.726  4.201 0.4444444478
55450  -26.618  -12.047  2.917 0.4444444478
64609  -17.674  -0.848  0.826 0.5555555820
45375  -19.270  -21.914  10.750 0.4444444478
48321  -26.085  -19.899  6.557 0.2222222239
64590  -20.731  -0.343  2.489 0.5555555820
43762  -19.093  -25.253  12.215 0.4444444478
43775  -19.697  -25.378  11.634 0.4444444478
42800  -20.398  -26.315  11.455 0.4444444478
42802  -21.447  -26.186  10.846 0.2222222239
43763  -21.815  -25.552  11.410 0.2222222239
44543  -17.383  -23.479  12.557 0.4444444478
44544  -18.145  -23.872  12.315 0.4444444478
44577  -23.051  -25.184  9.680 0.1111111119
44578  -23.543  -24.587  9.255 0.1111111119
109657  -22.264  -25.633  10.643 0.1111111119
45378  -24.305  -24.059  8.947 0.1111111119
45396  -25.013  -24.238  8.009 0.1111111119
46322  -25.783  -22.731  8.075 0.1111111119
46329  -26.391  -21.852  7.313 0.1111111119
47376  -26.755  -21.134  6.854 0.1111111119
48322  -27.047  -20.196  6.499 0.2222222239
50138  -26.812  -17.167  5.389 0.1111111119
49214  -26.422  -18.847  6.166 0.2222222239
51099  -27.081  -15.763  4.440 0.2222222239
51967  -27.297  -15.292  4.041 0.2222222239
52797  -26.892  -15.000  3.979 0.3333333433
53672  -26.756  -13.725  3.433 0.4444444478
53687  -26.942  -13.362  2.702 0.3333333433
54568  -27.094  -12.933  1.947 0.3333333433
120088  -26.502  -11.486  3.603 0.4444444478
55459  -26.484  -11.800  2.118 0.3333333433
57907  -15.532  -7.842  3.474 0.4444444478
57920  -26.094  -8.284  2.302 0.4444444478
61487  -25.277  -5.206  2.196 0.3333333433
103809  -15.463  -2.587  1.296 0.4444444478
64591  -21.724  -0.517  2.684 0.5555555820
107822  -16.198  -1.856  0.450 0.5555555820
63829  -16.445  -1.613  0.387 0.5555555820
103781  -18.316  -1.330  1.148 0.5555555820
65465  -19.118  0.289  1.668 0.5555555820
65449  -19.877  0.658  2.139 0.5555555820
64607  -16.167  -0.908  0.194 0.5555555820
116476  -25.285  -15.976  6.918 0.5555555820
51938  -25.699  -15.358  5.892 0.5555555820
112776  -25.934  -15.170  5.258 0.4444444478
61486  -24.971  -4.528  1.899 0.3333333433
105201  -18.700  -21.974  11.061 0.4444444478
47349  -22.135  -21.439  8.793 0.3333333433
43784  -21.439  -25.936  10.476 0.3333333433
43778  -22.468  -25.761  10.028 0.1111111119
43774  -18.945  -24.483  11.984 0.4444444478
44560  -19.751  -24.441  11.276 0.4444444478
45376  -19.822  -22.810  10.737 0.4444444478
106244  -20.789  -23.463  10.207 0.4444444478
44576  -22.300  -25.352  9.617 0.4444444478
45387  -22.180  -23.958  9.021 0.4444444478
43786  -22.776  -25.379  9.718 0.2222222239
44586  -23.374  -24.720  9.137 0.1111111119
45389  -24.550  -24.280  8.151 0.1111111119
45362  -23.496  -23.270  10.433 0.1111111119
119249  -22.625  -22.035  8.362 0.3333333433
119026  -24.685  -21.162  7.178 0.2222222239
47367  -25.572  -21.788  7.255 0.1111111119
46334  -25.627  -22.963  7.683 0.1111111119
48311  -25.819  -20.866  6.869 0.1111111119
46335  -26.066  -22.348  7.572 0.1111111119
102918  -22.797  -20.337  8.382 0.3333333433
48309  -23.931  -19.502  7.426 0.4444444478
116414  -24.444  -19.317  7.009 0.4444444478
49213  -25.447  -18.767  6.437 0.3333333433
49220  -27.019  -18.153  5.690 0.1111111119
50127  -25.790  -17.924  6.118 0.4444444478
50126  -25.012  -17.824  6.633 0.5555555820
104888  -25.603  -15.922  6.169 0.5555555820
103352  -26.860  -14.450  3.746 0.4444444478
63830  -17.445  -1.797  0.650 0.5555555820
43776  -20.577  -25.748  10.979 0.4444444478
46327  -25.338  -23.672  7.920 0.1111111119
64608  -17.016  -0.400  0.512 0.5555555820
42789  -19.613  -26.087  11.940 0.4444444478
41873  -20.709  -26.627  11.538 0.4444444478
41874  -20.947  -26.533  11.440 0.2222222239
42801  -21.225  -26.354  11.002 0.4444444478
44562  -22.560  -24.666  10.769 0.1111111119
45390  -25.043  -24.135  8.141 0.1111111119
37519  -18.702  -31.274  16.743 0.1111111119
40081  -16.819  -28.547  15.630 0.3333333433
38295  -17.939  -30.862  15.547 0.2222222239
38284  -18.197  -31.143  15.961 0.2222222239
38285  -18.881  -30.900  16.314 0.1111111119
38296  -18.707  -30.629  15.708 0.1111111119
42752  -16.140  -25.876  15.016 0.3333333433
41825  -15.645  -26.255  15.466 0.3333333433
40980  -15.870  -27.098  15.737 0.3333333433
40092  -18.171  -28.647  14.694 0.3333333433
39170  -18.531  -30.377  15.166 0.2222222239
40093  -19.092  -29.311  14.149 0.2222222239
39171  -19.337  -30.072  15.202 0.1111111119
39179  -19.304  -29.808  14.495 0.2222222239
107079  -15.272  -23.934  14.592 0.2222222239
43734  -15.383  -24.585  14.893 0.2222222239
41826  -16.551  -26.647  15.209 0.3333333433
40991  -17.181  -27.283  15.070 0.3333333433
40094  -19.863  -29.488  13.734 0.1111111119
44527  -15.465  -23.455  14.079 0.2222222239
43747  -15.835  -24.210  14.198 0.3333333433
44528  -16.153  -23.601  13.449 0.3333333433
43748  -16.563  -24.538  13.739 0.3333333433
44529  -16.978  -23.939  13.116 0.3333333433
43749  -17.500  -24.860  13.352 0.3333333433
103526  -17.026  -25.390  14.006 0.3333333433
42777  -17.707  -25.679  13.669 0.3333333433
40993  -18.764  -27.606  13.680 0.3333333433
41849  -18.315  -26.433  13.573 0.3333333433
41002  -19.930  -28.258  12.769 0.3333333433
41850  -19.206  -27.133  12.899 0.3333333433
40095  -20.143  -29.184  13.442 0.1111111119
40105  -20.177  -28.636  13.079 0.2222222239
106791  -15.168  -22.330  13.572 0.2222222239
45334  -15.582  -22.917  13.496 0.2222222239
45335  -16.102  -22.933  13.030 0.3333333433
43760  -17.647  -24.140  12.799 0.3333333433
42788  -18.916  -25.736  12.596 0.3333333433
107916  -18.800  -26.281  12.942 0.3333333433
41013  -19.945  -27.536  12.225 0.3333333433
41003  -20.190  -27.914  12.455 0.1111111119
46256  -14.980  -21.640  13.302 0.3333333433
102711  -15.667  -22.289  12.922 0.3333333433
45346  -17.137  -22.800  12.304 0.3333333433
43761  -18.344  -24.811  12.669 0.3333333433
41859  -20.170  -26.889  11.835 0.3333333433
51979  -27.312  -14.911  3.747 0.2222222239
53673  -27.207  -14.081  3.192 0.2222222239
52808  -27.684  -14.536  3.308 0.2222222239
56282  -26.383  -10.842  2.009 0.2222222239
40082  -17.608  -29.074  15.245 0.3333333433
42766  -16.152  -25.141  14.502 0.3333333433
41840  -17.978  -26.851  14.184 0.3333333433
100081  -18.660  -28.375  14.122 0.3333333433
40104  -20.185  -29.038  13.288 0.3333333433
44542  -16.662  -23.226  12.803 0.3333333433
37500  -18.089  -31.383  16.655 0.1111111119
37501  -18.680  -31.458  17.374 0.1111111119
40968  -15.219  -27.521  16.231 0.3333333433
40080  -16.096  -27.983  16.073 0.3333333433
40066  -16.293  -28.944  16.196 0.3333333433
39168  -17.065  -29.548  15.733 0.3333333433
39155  -17.363  -30.453  15.852 0.3333333433
37479  -19.240  -31.516  18.082 0.1111111119
38267  -19.333  -31.043  16.785 0.1111111119
38286  -19.537  -30.388  16.299 0.1111111119
39156  -20.112  -29.636  15.850 0.1111111119
44515  -14.885  -23.422  14.671 0.2222222239
117665  -20.374  -28.942  13.527 0.1111111119
41841  -20.568  -27.700  13.050 0.1111111119
41014  -20.190  -27.399  12.141 0.1111111119
41860  -20.535  -26.900  11.888 0.1111111119
53688  -27.422  -13.533  2.458 0.2222222239
57115  -26.199  -10.147  1.365 0.2222222239
56289  -26.248  -11.053  1.011 0.2222222239
47305  -15.307  -20.622  12.150 0.2222222239
115692  -16.527  -17.957  9.248 0.5555555820
54579  -26.744  -12.244  1.590 0.2222222239
37502  -19.500  -31.331  17.432 0.1111111119
40982  -17.409  -28.070  15.180 0.3333333433
40981  -16.652  -27.579  15.503 0.3333333433
39169  -17.809  -30.118  15.357 0.3333333433
42751  -15.470  -25.412  15.217 0.2222222239
41824  -14.806  -25.822  15.758 0.2222222239
40083  -18.443  -29.629  14.822 0.3333333433
41839  -17.328  -26.719  14.668 0.3333333433
40992  -17.915  -27.608  14.550 0.3333333433
42767  -16.802  -25.965  14.625 0.3333333433
39172  -19.954  -29.567  14.343 0.1111111119
45322  -14.926  -22.758  14.180 0.2222222239
42768  -17.546  -26.134  14.175 0.3333333433
42778  -18.265  -25.595  13.190 0.3333333433
41858  -19.459  -26.637  12.360 0.3333333433
41851  -20.472  -27.348  12.303 0.1111111119
37478  -18.015  -31.347  17.545 0.1111111119
38283  -17.665  -31.087  16.088 0.2222222239
40065  -15.378  -28.458  16.485 0.3333333433
39154  -16.642  -29.789  16.335 0.3333333433
38282  -17.003  -30.501  16.536 0.3333333433
43715  -14.678  -24.917  15.594 0.2222222239
52822  -27.705  -14.031  2.806 0.1111111119
52823  -28.392  -14.190  2.679 0.1111111119
53691  -30.048  -13.653  2.012 0.1111111119
53690  -29.044  -13.755  2.028 0.1111111119
53702  -28.679  -13.263  1.471 0.1111111119
54581  -29.388  -12.759  0.840 0.1111111119
112656  -26.474  -11.565  1.474 0.1111111119
54591  -29.036  -12.149  0.167 0.1111111119
104915  -26.841  -11.759  0.800 0.1111111119
55479  -27.819  -12.104  0.372 0.1111111119
58744  -25.864  -7.543  1.894 0.2222222239
55478  -27.304  -11.448  -0.048 0.1111111119
117557  -25.285  -6.163  1.167 0.1111111119
60622  -25.399  -5.943  1.962 0.2222222239
118105  -24.871  -4.805  1.207 0.1111111119
100001  -25.590  -7.762  0.833 0.1111111119
60628  -24.987  -5.893  0.609 0.1111111119
63016  -16.844  -2.450  0.500 0.4444444478
102246  -24.639  -4.305  0.981 0.1111111119
63821  -15.419  -1.204  0.644 0.4444444478
62276  -24.435  -3.561  0.546 0.1111111119
64601  -18.416  -0.386  1.255 0.4444444478
64592  -22.670  -0.364  2.426 0.3333333433
63824  -23.780  -0.886  1.734 0.2222222239
63825  -24.157  -1.183  1.270 0.1111111119
63018  -24.334  -2.823  1.048 0.1111111119
117584  -24.325  -2.866  0.167 0.1111111119
65478  -17.819  0.032  0.824 0.4444444478
65477  -17.243  0.536  0.603 0.4444444478
66353  -18.377  1.507  0.670 0.4444444478
114035  -18.417  0.372  1.166 0.4444444478
101179  -19.537  1.257  1.735 0.4444444478
66324  -20.549  1.343  2.188 0.4444444478
66336  -21.542  1.660  2.113 0.4444444478
66326  -22.110  1.155  2.120 0.2222222239
65466  -22.743  0.916  1.807 0.2222222239
65467  -23.424  0.456  1.373 0.2222222239
113086  -23.853  0.256  0.754 0.2222222239
64614  -24.124  -0.350  0.303 0.2222222239
68877  -22.470  3.843  -2.830 0.1111111119
67246  -23.302  2.076  -2.109 0.1111111119
64613  -24.015  -0.440  -0.637 0.1111111119
64600  -15.321  -0.622  0.885 0.4444444478
65475  -15.323  -0.249  0.968 0.4444444478
118397  -15.753  0.120  0.764 0.4444444478
65476  -16.283  0.062  0.579 0.3333333433
66354  -19.119  1.940  0.929 0.4444444478
116315  -20.076  2.071  1.691 0.4444444478
118687  -20.930  2.104  2.005 0.4444444478
68046  -19.304  3.620  0.809 0.3333333433
67207  -21.649  2.448  1.838 0.3333333433
67222  -22.810  2.626  0.556 0.1111111119
66355  -22.811  2.051  1.070 0.1111111119
66356  -23.315  1.796  0.439 0.1111111119
65479  -23.588  0.947  0.683 0.2222222239
113423  -23.606  1.148  -0.090 0.1111111119
66366  -23.547  1.714  -0.583 0.1111111119
65462  -15.025  0.112  1.281 0.2222222239
66351  -16.476  1.113  0.577 0.3333333433
99569  -16.480  1.956  0.144 0.3333333433
98975  -18.721  2.864  0.611 0.3333333433
67206  -20.768  2.752  1.599 0.4444444478
68029  -20.513  3.618  1.169 0.2222222239
68047  -22.278  3.499  0.739 0.2222222239
67230  -22.837  3.265  -0.049 0.1111111119
118616  -20.674  4.362  0.956 0.1111111119
68030  -21.463  4.055  1.010 0.1111111119
68838  -22.004  4.369  0.394 0.1111111119
68063  -23.022  3.041  -0.946 0.1111111119
68055  -22.673  3.750  -0.754 0.1111111119
66350  -15.628  0.713  0.831 0.3333333433
67218  -15.272  2.501  0.347 0.3333333433
67219  -16.126  2.669  0.278 0.3333333433
99950  -17.781  2.974  0.254 0.3333333433
102587  -19.818  4.347  0.873 0.2222222239
105223  -20.274  5.007  0.834 0.1111111119
68853  -21.765  5.115  0.034 0.1111111119
68862  -22.585  4.189  -1.463 0.1111111119
105616  -21.736  5.250  -3.319 0.1111111119
68013  -14.967  3.880  2.736 0.1111111119
68020  -14.981  3.578  1.968 0.1111111119
68027  -15.365  3.570  0.939 0.2222222239
68028  -16.132  4.157  0.901 0.2222222239
68044  -16.963  3.617  0.240 0.3333333433
68834  -16.836  4.738  0.208 0.2222222239
68045  -18.127  3.678  0.420 0.3333333433
68835  -17.452  4.550  0.283 0.3333333433
108622  -18.114  5.272  0.486 0.1111111119
69565  -18.661  5.921  0.493 0.1111111119
69566  -19.790  5.812  0.662 0.1111111119
68837  -21.224  4.776  0.651 0.1111111119
69568  -21.559  5.724  -0.231 0.1111111119
107266  -21.710  6.002  -0.750 0.1111111119
69590  -22.420  5.012  -1.494 0.1111111119
68868  -22.185  4.544  -3.095 0.1111111119
68077  -22.478  3.082  -3.184 0.1111111119
68021  -15.632  4.121  2.600 0.1111111119
68796  -16.665  4.401  2.740 0.1111111119
68806  -15.816  4.117  1.721 0.1111111119
68807  -16.396  4.808  2.116 0.1111111119
70322  -16.436  6.361  1.416 0.1111111119
69553  -16.535  5.714  0.954 0.1111111119
109106  -17.125  5.241  0.217 0.2222222239
70332  -16.658  6.344  0.966 0.1111111119
69564  -17.381  6.149  0.522 0.1111111119
70334  -17.825  7.052  0.569 0.1111111119
70335  -19.118  6.731  0.430 0.1111111119
71103  -19.770  7.282  0.123 0.1111111119
70336  -20.248  6.488  0.336 0.1111111119
68808  -17.127  4.891  2.784 0.1111111119
68786  -17.681  4.759  3.499 0.1111111119
69545  -16.769  5.632  2.379 0.1111111119
70314  -16.483  6.500  1.994 0.1111111119
70323  -16.525  7.067  1.614 0.1111111119
71100  -17.494  7.844  0.903 0.1111111119
69546  -17.195  6.370  2.580 0.1111111119
69537  -18.267  6.292  3.170 0.1111111119
70315  -16.805  7.211  2.247 0.1111111119
52824  -29.393  -14.238  2.563 0.1111111119
53689  -28.112  -13.671  2.204 0.1111111119
53703  -29.696  -13.253  1.401 0.1111111119
53704  -30.297  -13.063  1.508 0.1111111119
57122  -26.008  -10.396  0.467 0.1111111119
56297  -26.419  -11.077  0.192 0.1111111119
57114  -25.832  -9.533  0.814 0.1111111119
63828  -15.702  -1.261  0.319 0.4444444478
65451  -21.377  0.183  2.488 0.4444444478
65452  -22.189  0.390  2.360 0.3333333433
64603  -23.978  -0.383  1.185 0.2222222239
64610  -24.299  -0.914  0.680 0.1111111119
65464  -18.781  1.050  1.092 0.4444444478
110657  -23.803  0.378  -0.129 0.2222222239
67231  -23.271  2.501  -0.244 0.1111111119
67240  -23.364  2.296  -1.205 0.1111111119
112093  -23.511  0.893  -1.853 0.1111111119
67221  -18.142  2.208  0.434 0.3333333433
68062  -22.828  3.507  -1.605 0.1111111119
68833  -16.555  4.898  0.555 0.2222222239
70333  -16.942  7.061  0.948 0.1111111119
71101  -18.643  7.784  0.322 0.1111111119
71089  -16.835  7.825  2.047 0.1111111119
70316  -17.668  7.086  2.801 0.1111111119
54560  -30.736  -13.214  2.894 0.1111111119
54569  -30.672  -12.976  2.040 0.1111111119
59659  -25.541  -6.801  1.458 0.2222222239
63006  -15.444  -1.922  0.950 0.4444444478
66352  -17.448  1.529  0.444 0.4444444478
101843  -21.577  3.271  1.432 0.2222222239
69536  -17.757  5.444  3.172 0.1111111119
53674  -30.773  -14.002  3.008 0.1111111119
52809  -28.652  -14.683  3.155 0.1111111119
52825  -30.234  -14.160  2.717 0.1111111119
55452  -30.484  -12.264  2.851 0.1111111119
107697  -30.809  -13.603  3.657 0.1111111119
55460  -30.331  -11.541  1.381 0.1111111119
54592  -30.063  -12.159  0.532 0.1111111119
56298  -29.735  -10.926  0.207 0.1111111119
55486  -28.400  -11.548  -0.293 0.1111111119
56296  -26.036  -10.462  -0.355 0.1111111119
56307  -26.808  -10.902  -0.599 0.1111111119
55485  -27.891  -10.993  -0.731 0.1111111119
57121  -25.599  -9.852  -0.101 0.1111111119
98962  -25.190  -8.713  -0.673 0.1111111119
59684  -24.591  -7.134  -0.903 0.1111111119
63007  -15.831  -2.416  0.837 0.4444444478
59671  -24.570  -6.032  -0.351 0.1111111119
61496  -24.712  -5.090  0.480 0.1111111119
63023  -24.230  -2.774  -0.513 0.1111111119
111085  -24.183  -4.275  -0.733 0.1111111119
110912  -15.246  -1.045  1.012 0.4444444478
116577  -15.425  -0.862  0.585 0.4444444478
119666  -23.958  -1.799  -1.659 0.1111111119
64618  -23.763  -0.468  -1.514 0.1111111119
65448  -14.834  0.580  1.419 0.2222222239
65463  -15.072  0.638  1.237 0.3333333433
108771  -14.718  1.074  1.448 0.2222222239
66335  -15.047  1.669  1.003 0.2222222239
66375  -23.284  1.296  -2.333 0.1111111119
67195  -14.245  2.478  1.972 0.1111111119
106992  -14.809  2.810  0.836 0.2222222239
67248  -22.030  2.760  -3.960 0.1111111119
67196  -14.511  3.303  2.455 0.1111111119
67189  -15.610  2.960  3.673 0.1111111119
68015  -17.037  3.461  3.871 0.1111111119
68010  -17.371  3.794  4.863 0.1111111119
68884  -21.550  4.541  -3.884 0.1111111119
103929  -18.504  4.757  4.803 0.1111111119
108970  -20.088  7.683  -0.287 0.1111111119
71116  -20.561  7.681  -0.952 0.1111111119
70381  -21.311  6.593  -2.958 0.1111111119
70380  -20.757  6.630  -3.728 0.1111111119
68797  -18.181  5.038  4.197 0.1111111119
69531  -18.567  5.661  4.048 0.1111111119
71096  -16.942  7.732  1.533 0.1111111119
109689  -17.860  8.438  0.672 0.1111111119
71090  -17.302  7.850  2.575 0.1111111119
57929  -25.845  -8.528  1.286 0.1111111119
63011  -24.152  -2.029  1.346 0.1111111119
66325  -21.433  0.880  2.319 0.4444444478
53701  -27.742  -13.136  1.672 0.1111111119
60621  -25.144  -5.345  1.397 0.2222222239
54580  -28.296  -12.725  0.879 0.1111111119
55468  -30.499  -12.120  1.040 0.1111111119
55487  -29.151  -11.504  -0.293 0.1111111119
59672  -25.165  -6.935  0.249 0.1111111119
58750  -25.326  -8.016  -0.029 0.1111111119
107799  -24.451  -4.284  0.017 0.1111111119
105263  -24.304  -2.170  -0.065 0.1111111119
62284  -24.245  -3.527  -0.448 0.1111111119
66337  -22.397  1.792  1.713 0.2222222239
66338  -23.142  1.371  1.248 0.1111111119
63835  -24.310  -1.235  -0.185 0.1111111119
68070  -22.772  3.294  -2.398 0.1111111119
68869  -22.490  4.464  -2.260 0.1111111119
66371  -23.503  1.526  -1.546 0.1111111119
67239  -23.112  2.817  -1.855 0.1111111119
67245  -22.906  2.566  -2.665 0.1111111119
66374  -22.971  1.775  -2.871 0.1111111119
63841  -23.726  -1.175  -1.982 0.1111111119
63834  -24.100  -1.188  -1.184 0.1111111119
65487  -23.735  0.107  -1.014 0.2222222239
67205  -19.744  2.821  1.168 0.3333333433
106364  -23.659  0.858  -1.009 0.2222222239
67220  -17.130  2.498  0.223 0.3333333433
107704  -22.445  3.902  0.005 0.1111111119
68854  -22.344  4.567  -0.526 0.1111111119
103817  -15.718  1.870  0.275 0.3333333433
68042  -15.319  3.021  0.390 0.3333333433
68836  -18.715  4.442  0.670 0.2222222239
69567  -20.895  5.639  0.405 0.1111111119
69581  -22.089  5.426  -0.729 0.1111111119
69599  -22.229  5.212  -2.415 0.1111111119
69589  -21.972  5.835  -1.584 0.1111111119
69598  -21.705  5.899  -2.647 0.1111111119
67188  -14.855  2.718  3.491 0.1111111119
68043  -16.066  3.536  0.520 0.3333333433
108497  -19.261  5.126  0.798 0.1111111119
112980  -18.168  6.491  0.466 0.1111111119
70337  -21.143  6.396  -0.239 0.1111111119
70372  -21.534  6.559  -2.020 0.1111111119
70364  -21.488  6.515  -1.117 0.1111111119
68014  -15.568  4.078  2.601 0.1111111119
68816  -16.357  4.897  1.210 0.1111111119
69544  -16.417  5.735  1.646 0.1111111119
69563  -16.822  5.487  0.502 0.1111111119
70354  -20.525  7.097  -0.226 0.1111111119
71117  -21.055  7.009  -0.775 0.1111111119
52810  -29.774  -14.737  3.111 0.1111111119
54583  -30.458  -12.609  1.446 0.1111111119
57937  -25.526  -8.852  0.204 0.1111111119
65494  -23.565  0.243  -1.731 0.1111111119
65501  -23.267  0.514  -2.442 0.1111111119
71102  -19.479  8.020  -0.109 0.1111111119
71803  -17.377  8.505  2.324 0.1111111119
68787  -18.042  4.715  4.345 0.1111111119
58761  -24.988  -7.896  -0.725 0.1111111119
63838  -24.189  -2.116  -0.958 0.1111111119
64625  -23.396  -0.396  -2.417 0.1111111119
65500  -22.895  0.959  -2.992 0.1111111119
113600  -14.436  2.843  1.810 0.1111111119
67187  -14.344  2.344  3.211 0.1111111119
67249  -22.565  2.262  -3.422 0.1111111119
71132  -21.160  7.172  -1.502 0.1111111119
71818  -17.382  8.406  1.387 0.1111111119
71819  -17.677  9.216  0.991 0.1111111119
71820  -18.607  8.668  0.080 0.1111111119
39153  -15.725  -29.281  16.702 0.2222222239
51024  -15.485  -16.318  9.917 0.2222222239
50081  -16.288  -17.555  9.458 0.3333333433
51025  -16.382  -16.947  8.871 0.4444444478
51034  -16.303  -16.154  8.551 0.3333333433
63005  -15.156  -2.472  1.549 0.3333333433
62996  -14.763  -2.885  2.163 0.2222222239
117627  -14.329  -0.664  2.322 0.1111111119
64589  -15.034  -0.351  1.285 0.1111111119
58722  -14.841  -7.299  3.724 0.2222222239
57906  -15.050  -7.566  3.765 0.1111111119
49169  -16.271  -18.067  9.868 0.2222222239
57896  -14.845  -7.650  4.139 0.1111111119
61453  -13.846  -4.847  3.531 0.1111111119
62988  -13.588  -2.571  3.634 0.1111111119
64581  -14.341  -1.053  2.817 0.1111111119
110864  -14.226  -0.160  2.518 0.1111111119
62249  -14.661  -3.434  2.259 0.2222222239
110427  -15.390  -19.163  11.589 0.2222222239
62248  -13.996  -3.747  2.757 0.1111111119
104699  -15.663  -13.039  7.172 0.1111111119
54516  -15.813  -12.345  6.773 0.3333333433
63820  -15.306  -1.571  1.054 0.3333333433
63811  -15.235  -1.228  1.087 0.1111111119
50080  -16.038  -17.755  10.289 0.2222222239
62995  -13.775  -2.482  3.160 0.1111111119
63004  -15.082  -2.046  1.461 0.1111111119
102394  -13.766  -3.769  4.798 0.1111111119
63810  -14.311  -1.750  2.861 0.1111111119
98820  -13.675  -2.819  4.183 0.1111111119
63798  -13.686  -2.362  3.746 0.1111111119
63803  -14.099  -2.090  3.284 0.1111111119
62241  -13.776  -4.150  3.126 0.1111111119
47377  -27.548  -21.090  6.941 0.1111111119
39136  -15.235  -29.494  17.206 0.1111111119
39137  -16.193  -29.923  16.942 0.1111111119
38265  -16.661  -30.450  17.346 0.1111111119
40051  -13.828  -28.452  17.152 0.1111111119
40064  -14.385  -27.895  16.672 0.1111111119
41814  -14.256  -26.272  16.273 0.1111111119
42750  -14.118  -25.487  16.200 0.1111111119
40979  -15.023  -26.657  15.963 0.1111111119
48232  -15.013  -19.676  12.196 0.1111111119
51894  -15.578  -15.373  9.608 0.1111111119
116531  -15.662  -10.014  4.989 0.2222222239
56251  -15.462  -9.984  5.554 0.2222222239
56243  -15.322  -9.443  5.426 0.2222222239
40063  -13.574  -27.710  17.048 0.1111111119
51906  -16.041  -15.173  8.310 0.1111111119
51907  -16.259  -15.100  7.805 0.1111111119
39134  -13.360  -28.770  17.758 0.1111111119
38264  -15.777  -30.029  17.647 0.1111111119
40960  -13.182  -27.163  17.308 0.1111111119
41813  -13.783  -26.894  16.737 0.1111111119
108044  -13.670  -25.912  16.579 0.1111111119
42749  -14.031  -24.902  16.214 0.1111111119
43733  -14.814  -24.075  15.121 0.1111111119
108005  -14.703  -20.098  12.845 0.1111111119
49132  -15.537  -18.201  12.368 0.1111111119
56245  -15.609  -10.793  5.831 0.2222222239
114935  -15.322  -9.233  5.774 0.2222222239
57075  -14.995  -8.309  4.667 0.1111111119
38266  -17.442  -31.045  16.947 0.1111111119
39120  -14.905  -29.624  17.998 0.1111111119
112002  -14.524  -22.941  14.847 0.1111111119
111161  -14.886  -20.050  12.428 0.1111111119
40967  -14.502  -27.042  16.370 0.1111111119
39152  -14.732  -28.879  16.898 0.1111111119
51009  -15.218  -16.469  10.829 0.1111111119
39135  -14.284  -29.141  17.437 0.1111111119
49118  -15.732  -18.570  13.236 0.1111111119
56244  -15.428  -10.012  5.632 0.1111111119
42738  -13.707  -25.321  16.523 0.1111111119
48215  -15.374  -19.288  13.590 0.1111111119
49147  -15.760  -18.495  11.111 0.1111111119
57053  -15.004  -9.037  5.633 0.1111111119
57889  -14.950  -8.274  4.697 0.1111111119
58721  -14.664  -6.990  3.677 0.1111111119
55404  -15.851  -11.747  6.402 0.1111111119
58710  -14.579  -7.189  4.044 0.1111111119
59623  -14.425  -6.504  3.857 0.1111111119
60591  -14.323  -5.625  3.518 0.1111111119
40103  -19.487  -28.785  13.546 0.2222222239
42810  -21.746  -26.064  10.498 0.3333333433
43764  -22.197  -24.758  11.529 0.1111111119
49201  -24.125  -18.602  7.421 0.4444444478
51054  -24.240  -16.286  7.674 0.5555555820
51086  -19.713  -15.973  5.738 1.0000000000
52807  -27.185  -14.644  3.643 0.2222222239
53660  -20.455  -13.586  4.627 1.0000000000
53671  -19.997  -12.920  3.783 0.8888888955
54556  -19.772  -12.499  3.598 0.8888888955
54559  -26.620  -12.916  3.086 0.3333333433
54567  -26.720  -12.614  2.310 0.3333333433
54582  -30.229  -12.697  1.018 0.1111111119
55426  -23.646  -11.138  5.893 0.7777777910
55457  -19.511  -11.456  3.293 0.8888888955
55461  -30.561  -12.182  1.776 0.1111111119
55480  -29.668  -11.555  0.138 0.1111111119
57064  -15.093  -8.747  5.030 0.2222222239
57093  -26.221  -9.451  3.358 0.5555555820
57112  -18.456  -8.901  2.210 0.7777777910
57113  -18.816  -9.195  2.341 1.0000000000
57926  -18.012  -8.260  1.896 0.7777777910
58727  -25.578  -7.665  3.737 0.5555555820
59630  -24.571  -5.964  4.101 0.4444444478
60597  -24.831  -5.383  3.450 0.4444444478
60606  -14.846  -5.266  2.578 0.3333333433
60620  -18.184  -5.561  1.268 0.7777777910
61459  -24.423  -4.643  3.413 0.4444444478
62274  -16.839  -3.088  0.618 0.6666666865
62999  -22.242  -2.400  3.286 0.6666666865
63014  -15.724  -1.816  0.617 0.4444444478
63831  -24.293  -1.624  0.626 0.1111111119
64593  -23.348  -0.329  1.854 0.3333333433
64606  -15.915  -0.717  0.309 0.4444444478
65450  -20.621  0.431  2.355 0.4444444478
65453  -22.903  0.226  1.987 0.3333333433
67208  -22.326  2.669  1.314 0.1111111119
100206  -25.820  -22.915  7.741 0.1111111119
100250  -23.829  -7.845  4.913 0.7777777910
100858  -18.065  0.853  0.737 0.4444444478
101189  -23.941  -2.542  -1.792 0.1111111119
102461  -18.805  -7.266  1.763 0.7777777910
102621  -22.098  -9.730  4.772 0.7777777910
103060  -22.650  3.864  -2.129 0.1111111119
104030  -20.484  -28.948  14.227 0.1111111119
107038  -26.530  -11.195  2.907 0.5555555820
107134  -25.077  -17.059  6.749 0.5555555820
111592  -16.912  -1.136  0.477 0.5555555820
112114  -13.787  -4.483  3.367 0.1111111119
113166  -18.800  -1.751  1.480 0.5555555820
114002  -19.135  -22.451  11.087 0.4444444478
114724  -16.554  4.189  0.471 0.2222222239
114844  -27.366  -12.508  1.192 0.2222222239
114884  -30.522  -13.616  2.500 0.1111111119
117524  -13.553  -3.311  4.181 0.1111111119
118026  -18.229  -30.808  15.528 0.2222222239
118235  -15.386  -8.866  5.936 0.1111111119
118419  -24.303  -2.298  0.623 0.1111111119
120050  -25.958  -8.780  3.587 0.5555555820
