#!ascii label  , from subject sub-01 vox2ras=TkReg
1318
17010  -22.447  -56.745  19.121 0.5000000000
17002  -22.544  -56.101  19.285 0.4000000060
17003  -23.021  -56.888  19.757 0.6000000238
101113  -22.693  -55.142  18.597 0.6000000238
17009  -22.381  -56.267  18.953 0.5000000000
17905  -22.565  -55.328  19.469 0.6999999881
103318  -23.138  -55.923  19.971 0.6999999881
18782  -22.237  -54.735  19.076 0.6999999881
17916  -22.302  -55.532  19.006 0.6999999881
100513  -22.326  -54.927  18.936 0.6999999881
114252  -23.043  -54.163  18.362 0.5000000000
18794  -22.491  -54.243  18.663 0.6999999881
100968  -23.223  -54.889  18.353 0.5000000000
14646  -19.268  -59.165  26.488 0.5000000000
18768  -22.547  -54.651  19.618 0.6999999881
18793  -22.171  -53.994  18.968 0.6999999881
19578  -22.247  -53.886  19.365 0.6999999881
19593  -21.850  -53.091  19.021 0.6999999881
108126  -23.087  -52.929  18.454 0.6000000238
17869  -25.470  -55.448  23.615 0.6999999881
107597  -25.643  -54.916  22.916 0.6999999881
17906  -23.263  -55.083  20.222 0.6999999881
104045  -24.251  -55.167  20.859 0.6999999881
15336  -19.432  -58.126  26.520 0.6000000238
13977  -18.524  -60.483  25.535 0.4000000060
19600  -22.035  -53.247  18.845 0.6999999881
19601  -22.603  -53.469  18.515 0.6999999881
20385  -22.189  -52.459  18.646 0.6999999881
17862  -25.252  -55.111  24.517 0.6999999881
118977  -25.249  -55.671  24.218 0.6999999881
18761  -25.487  -54.879  22.021 0.6999999881
18734  -25.552  -54.502  23.788 0.6999999881
16099  -19.967  -56.867  27.198 0.6000000238
113007  -23.808  -54.568  20.662 0.6999999881
18760  -24.713  -54.484  21.246 0.6999999881
18746  -25.677  -54.194  22.729 0.6999999881
15349  -18.642  -59.031  25.255 0.5000000000
117339  -18.953  -59.439  25.762 0.5000000000
20373  -22.136  -52.904  19.542 0.6999999881
18769  -22.949  -54.272  20.218 0.6999999881
19550  -25.732  -53.358  22.575 0.6999999881
14645  -18.687  -59.984  25.439 0.4000000060
19592  -21.708  -52.299  18.985 0.6999999881
19579  -22.851  -53.450  20.257 0.6999999881
19566  -24.682  -53.671  21.264 0.6999999881
101714  -25.422  -53.943  21.849 0.6999999881
13984  -18.275  -60.517  25.070 0.4000000060
19567  -25.226  -53.022  21.639 0.6999999881
117506  -21.736  -52.413  19.166 0.6999999881
21171  -23.729  -52.078  20.634 0.6999999881
19580  -24.000  -52.998  20.841 0.6999999881
21170  -22.646  -51.668  20.254 0.6999999881
108672  -23.415  -52.097  18.587 0.6000000238
21185  -22.343  -51.334  18.616 0.6999999881
21184  -21.705  -51.707  18.938 0.6999999881
22030  -25.186  -50.289  17.726 0.5000000000
22021  -24.716  -50.883  18.311 0.5000000000
21196  -26.671  -51.149  17.832 0.4000000060
22022  -25.834  -50.981  18.195 0.5000000000
19505  -25.430  -53.806  24.613 0.6999999881
16940  -19.795  -56.299  26.478 0.6000000238
15350  -19.050  -58.555  25.776 0.5000000000
20374  -22.801  -52.541  20.270 0.6999999881
21169  -22.011  -51.385  19.676 0.6999999881
22882  -23.426  -49.271  17.568 0.6999999881
22020  -23.185  -50.561  18.334 0.6999999881
22029  -23.975  -50.031  17.903 0.6999999881
110637  -22.778  -54.158  27.403 0.6999999881
119345  -23.474  -54.055  27.211 0.6999999881
19494  -23.875  -53.532  27.037 0.8000000119
19495  -24.511  -53.629  26.482 0.8000000119
102623  -21.901  -54.968  27.600 0.6000000238
18678  -22.040  -54.336  27.529 0.6000000238
19476  -23.073  -53.457  27.346 0.6000000238
19504  -24.985  -53.678  25.629 0.8000000119
18677  -21.241  -54.630  27.310 0.6000000238
119748  -21.649  -53.843  27.348 0.6000000238
20319  -25.623  -52.962  24.248 0.6999999881
17810  -20.784  -55.537  27.385 0.6000000238
115122  -19.431  -56.811  25.771 0.6000000238
17837  -20.017  -55.439  26.062 0.6000000238
19536  -25.718  -53.615  23.558 0.6999999881
16115  -19.195  -57.576  25.753 0.5000000000
99990  -19.172  -56.938  25.044 0.6000000238
20364  -25.556  -52.296  21.758 0.6999999881
20380  -21.659  -51.857  19.175 0.6999999881
102321  -21.998  -52.094  19.694 0.6999999881
20363  -24.712  -52.269  21.198 0.6999999881
22019  -22.280  -50.399  18.706 0.8000000119
113867  -23.579  -51.286  20.569 0.6999999881
22028  -22.821  -49.701  18.198 0.8000000119
21176  -21.597  -51.776  19.021 0.6999999881
22031  -26.164  -50.500  17.417 0.5000000000
22032  -26.983  -50.806  17.042 0.4000000060
19475  -22.250  -53.581  27.440 0.6000000238
20289  -24.233  -52.853  26.801 0.8000000119
20290  -24.851  -52.762  26.156 0.8000000119
99421  -25.576  -52.246  24.747 0.8000000119
103614  -20.681  -54.332  26.570 0.6000000238
15357  -18.704  -57.826  24.970 0.6000000238
16951  -19.606  -56.079  25.245 0.6000000238
113778  -25.864  -52.341  23.965 0.6999999881
15356  -18.189  -58.477  24.440 0.5000000000
21151  -26.084  -51.832  22.270 0.6999999881
21134  -26.206  -51.996  23.234 0.6999999881
14653  -17.540  -60.090  24.261 0.5000000000
22881  -22.584  -48.930  17.897 0.8000000119
118892  -21.853  -51.076  18.929 0.8000000119
103251  -21.730  -51.308  19.099 0.6999999881
104222  -22.622  -50.864  20.229 0.6999999881
22012  -22.093  -50.402  19.031 0.6999999881
19474  -21.676  -53.112  27.258 0.6999999881
20271  -22.492  -52.720  27.374 0.6999999881
101792  -23.917  -52.259  27.052 0.8000000119
21073  -23.202  -52.017  27.299 0.8000000119
21094  -24.705  -51.422  26.548 0.8000000119
18696  -21.055  -53.641  26.808 0.6000000238
20291  -25.250  -52.142  25.618 0.8000000119
99208  -20.308  -54.646  25.888 0.6000000238
21110  -25.538  -51.508  25.152 0.6999999881
112327  -18.905  -57.031  24.379 0.6000000238
16968  -19.289  -56.424  24.322 0.6000000238
118287  -26.256  -51.377  23.560 0.8000000119
21118  -25.966  -51.586  24.201 0.6999999881
16132  -18.498  -57.497  23.940 0.6000000238
14664  -17.593  -59.082  23.910 0.4000000060
119680  -24.422  -51.658  20.876 0.6999999881
21164  -25.357  -51.591  21.396 0.6999999881
103598  -26.137  -51.098  21.954 0.6999999881
13990  -17.076  -60.627  22.696 0.4000000060
21163  -24.580  -51.049  20.807 0.6999999881
22006  -22.779  -50.134  20.068 0.6999999881
22895  -24.121  -48.842  17.015 0.6999999881
22883  -24.645  -49.548  17.309 0.5000000000
22042  -26.599  -50.118  16.751 0.5000000000
22884  -25.705  -49.813  17.044 0.5000000000
22043  -27.404  -50.401  16.478 0.4000000060
20270  -21.770  -52.397  27.207 0.6000000238
21072  -22.301  -51.823  27.309 0.6999999881
21093  -23.964  -51.471  27.066 0.8000000119
18695  -20.524  -53.859  25.958 0.6999999881
21095  -25.191  -51.428  25.947 0.8000000119
18709  -20.241  -54.235  25.081 0.6000000238
21923  -24.972  -50.629  26.222 0.8000000119
17860  -19.996  -55.115  25.071 0.6000000238
100018  -25.802  -50.795  24.813 0.8000000119
17859  -19.598  -55.618  24.310 0.6000000238
21135  -26.411  -51.145  22.945 0.8999999762
21971  -26.262  -50.735  23.893 0.8000000119
104964  -25.510  -50.784  21.262 0.8000000119
21997  -26.176  -50.386  21.820 0.8000000119
15365  -18.053  -58.151  23.413 0.5000000000
22851  -25.106  -49.736  20.522 0.8000000119
15364  -17.616  -58.789  22.845 0.4000000060
23708  -22.364  -48.082  17.667 0.8000000119
22870  -22.532  -49.441  18.589 0.8000000119
22860  -22.404  -49.483  19.020 0.8000000119
22013  -22.380  -49.999  19.479 0.8000000119
22850  -23.784  -49.846  20.299 0.6999999881
22005  -22.178  -50.669  19.581 0.8000000119
103234  -23.607  -50.528  20.474 0.6999999881
23709  -22.988  -48.541  17.322 0.8000000119
23678  -22.543  -48.723  18.463 0.8000000119
22896  -25.316  -49.088  16.717 0.6000000238
22897  -26.256  -49.378  16.598 0.5000000000
21091  -21.509  -51.744  26.788 0.6000000238
21904  -22.951  -51.050  27.347 0.6999999881
19493  -20.683  -53.166  26.178 0.6000000238
21921  -23.767  -50.575  27.038 0.6999999881
21922  -24.391  -50.842  26.768 0.6999999881
20302  -20.928  -52.075  26.179 0.6000000238
19503  -20.433  -53.204  25.203 0.6000000238
21939  -25.506  -50.076  25.456 0.8000000119
16133  -18.922  -56.782  23.754 0.5000000000
16140  -18.461  -57.407  22.987 0.3000000119
22826  -26.429  -49.878  22.440 0.8000000119
21972  -26.455  -50.293  23.171 0.8000000119
22838  -25.695  -50.104  21.158 0.8000000119
22839  -26.237  -49.829  21.708 0.8000000119
22862  -24.314  -49.291  20.011 0.8000000119
22880  -22.440  -48.560  18.096 0.8000000119
21996  -24.752  -50.361  20.670 0.6999999881
22861  -22.993  -49.445  19.687 0.8000000119
23679  -22.759  -48.821  19.014 0.8000000119
23719  -23.645  -48.090  16.826 0.6999999881
23720  -25.740  -48.449  16.436 0.6000000238
23722  -27.355  -48.727  16.001 0.3000000119
21092  -22.063  -51.138  27.212 0.6000000238
22756  -23.139  -50.128  27.132 0.6999999881
114645  -23.772  -49.874  26.892 0.6999999881
18758  -17.313  -54.460  21.644 0.5000000000
20287  -20.677  -52.613  25.962 0.6000000238
20301  -20.608  -52.101  25.375 0.6000000238
108053  -24.935  -49.687  26.192 0.6999999881
17868  -19.428  -55.256  23.696 0.5000000000
104294  -20.088  -53.863  24.493 0.5000000000
22784  -25.383  -49.173  25.638 0.6999999881
16981  -18.589  -56.259  22.774 0.3000000119
16974  -19.168  -56.119  23.564 0.5000000000
22797  -26.237  -49.211  24.196 0.8000000119
21952  -26.074  -50.028  24.566 0.8000000119
22852  -26.101  -49.421  21.103 0.8999999762
102136  -26.535  -49.206  22.665 0.8999999762
22811  -26.473  -49.526  23.287 0.8000000119
15373  -18.036  -58.049  22.491 0.4000000060
22863  -25.536  -49.105  20.369 0.8999999762
99302  -26.473  -49.307  21.943 0.8999999762
23718  -22.431  -47.744  17.182 0.8000000119
102746  -24.767  -48.393  16.622 0.6000000238
24565  -26.302  -47.829  16.199 0.6000000238
23721  -26.614  -48.670  16.320 0.6000000238
21919  -21.573  -50.856  26.602 0.6000000238
21920  -22.318  -50.433  27.067 0.6999999881
21109  -20.994  -51.395  25.986 0.6000000238
101365  -24.230  -49.238  26.604 0.8000000119
116687  -19.436  -54.411  23.600 0.6000000238
19535  -19.831  -53.584  23.972 0.5000000000
20318  -20.313  -52.514  24.631 0.6000000238
109801  -24.374  -50.133  26.671 0.6999999881
17880  -18.428  -55.586  22.628 0.4000000060
16973  -18.743  -56.759  23.184 0.4000000060
22796  -25.797  -49.429  24.973 0.8000000119
23664  -26.503  -48.741  21.518 0.8000000119
23645  -26.480  -48.643  23.277 0.8000000119
23681  -25.086  -48.715  19.691 0.8999999762
23672  -26.313  -48.778  20.832 0.8000000119
23653  -26.584  -48.676  22.324 0.8000000119
24530  -25.780  -48.054  19.355 0.8000000119
23695  -22.595  -48.167  18.412 0.8000000119
23696  -23.445  -48.274  18.883 0.8000000119
23680  -23.774  -48.786  19.458 0.6999999881
24549  -21.849  -47.326  17.468 0.8000000119
24562  -22.856  -47.296  16.771 0.8000000119
24540  -21.727  -47.175  17.640 0.8000000119
117576  -24.482  -47.940  16.571 0.6999999881
24564  -25.213  -47.713  16.360 0.6999999881
25485  -26.562  -46.393  15.721 0.6000000238
25486  -27.490  -46.615  15.429 0.6000000238
21108  -20.626  -51.194  25.188 0.6000000238
23604  -22.572  -48.811  26.713 0.8000000119
22768  -22.480  -49.624  26.870 0.6999999881
101084  -17.813  -52.868  22.598 0.5000000000
20334  -19.974  -52.751  24.123 0.5000000000
22770  -24.899  -48.939  26.172 0.6999999881
19533  -18.684  -53.106  23.225 0.5000000000
23606  -24.486  -48.375  26.303 0.8000000119
19548  -18.132  -53.575  22.711 0.5000000000
109368  -25.786  -48.692  24.985 0.8000000119
23633  -25.759  -47.820  25.028 0.8000000119
23634  -26.203  -48.217  24.242 0.8000000119
99418  -26.654  -48.180  21.869 0.8000000119
23682  -26.124  -48.461  20.179 0.8000000119
24499  -26.600  -47.964  22.616 0.8000000119
24541  -22.171  -47.423  18.030 0.8000000119
23697  -24.673  -48.261  19.062 0.8000000119
111685  -24.132  -47.811  18.705 0.8999999762
104283  -21.503  -46.828  17.353 0.8000000119
24563  -24.153  -47.441  16.525 0.6999999881
24574  -25.934  -47.008  16.103 0.6999999881
25476  -23.611  -46.669  16.413 0.6999999881
25477  -24.855  -46.843  16.221 0.6999999881
25484  -25.542  -46.213  15.904 0.6999999881
22783  -21.046  -49.526  25.587 0.8000000119
21938  -21.051  -50.546  25.774 0.6000000238
23603  -21.758  -49.149  26.428 0.8000000119
21993  -16.208  -50.603  21.182 0.6000000238
21162  -17.120  -51.420  21.342 0.5000000000
21117  -20.253  -51.060  24.435 0.6000000238
21937  -20.593  -50.303  24.972 0.6000000238
21984  -13.607  -50.092  22.901 0.6000000238
119477  -15.619  -50.311  21.516 0.6000000238
21995  -17.099  -50.727  21.056 0.6000000238
21150  -18.063  -51.288  22.979 0.5000000000
21132  -19.799  -51.392  23.944 0.5000000000
22794  -16.372  -49.346  24.402 0.5000000000
22808  -13.828  -49.479  23.187 0.5000000000
22834  -14.698  -48.948  22.185 0.6000000238
21994  -16.846  -50.148  20.945 0.6000000238
20346  -18.282  -52.209  23.124 0.5000000000
20332  -19.008  -51.587  23.553 0.5000000000
24451  -24.054  -47.655  26.377 0.8000000119
23620  -25.226  -48.297  25.743 0.8000000119
23640  -14.067  -48.712  23.074 0.5000000000
20333  -19.651  -52.188  23.850 0.5000000000
22779  -17.101  -49.794  24.939 0.4000000060
110851  -19.491  -52.961  23.696 0.5000000000
24474  -25.641  -47.095  25.057 0.6999999881
24489  -26.428  -47.694  23.499 0.8000000119
24475  -26.124  -47.232  24.338 0.6999999881
99711  -26.637  -48.085  21.004 0.8000000119
108023  -26.566  -47.138  22.859 0.8000000119
24512  -26.733  -47.388  21.849 0.8000000119
103026  -26.867  -47.216  20.773 0.8000000119
25474  -21.523  -46.378  17.087 0.8999999762
25444  -21.738  -46.788  17.690 0.8999999762
24542  -23.073  -47.620  18.491 0.8000000119
24543  -25.267  -47.652  18.676 0.8000000119
25446  -24.142  -47.090  18.365 0.8000000119
25475  -22.146  -46.528  16.696 0.8000000119
26231  -23.032  -45.849  16.306 0.6999999881
22782  -20.533  -49.396  24.636 0.8000000119
23619  -21.375  -48.591  25.845 0.8000000119
118089  -21.927  -48.463  26.400 0.8000000119
22849  -17.010  -49.341  20.787 0.6000000238
21951  -20.178  -50.088  24.335 0.6000000238
100020  -22.480  -48.009  26.517 0.8000000119
23639  -14.156  -48.762  22.790 0.5000000000
113406  -15.542  -49.341  21.608 0.6000000238
21986  -17.397  -49.949  21.713 0.6000000238
104461  -19.824  -49.888  23.949 0.6000000238
22835  -15.676  -48.601  21.451 0.5000000000
21968  -18.691  -49.839  23.275 0.6000000238
22795  -17.226  -49.045  24.824 0.4000000060
24484  -14.362  -47.934  23.080 0.4000000060
23661  -14.637  -48.016  22.180 0.4000000060
24464  -25.192  -47.420  25.593 0.6999999881
24485  -14.757  -47.593  23.330 0.4000000060
24506  -14.597  -47.180  22.418 0.4000000060
115068  -17.534  -48.286  21.275 0.4000000060
25408  -14.713  -46.441  21.840 0.4000000060
24509  -17.168  -47.757  20.573 0.5000000000
116817  -26.383  -46.949  23.598 0.6999999881
104718  -14.883  -46.983  23.237 0.3000000119
24518  -16.759  -47.563  20.592 0.5000000000
24519  -26.584  -47.717  19.948 0.8000000119
98946  -26.961  -46.905  19.854 0.8000000119
25381  -26.414  -46.300  23.206 0.8000000119
25397  -26.655  -46.502  22.338 0.8000000119
25459  -21.532  -46.079  17.298 0.8000000119
25445  -22.626  -46.881  18.129 1.0000000000
25461  -23.466  -46.249  18.033 0.8000000119
25462  -24.811  -46.426  17.993 0.8000000119
24544  -26.388  -47.260  18.986 0.8000000119
25448  -26.388  -46.547  18.472 0.8000000119
24561  -21.742  -47.059  17.023 0.8000000119
26223  -23.082  -45.420  17.733 0.8000000119
25447  -25.598  -46.883  18.308 0.8000000119
26236  -23.937  -45.256  15.935 0.6999999881
25483  -24.389  -46.043  16.055 0.6999999881
26237  -25.130  -45.440  15.758 0.6999999881
26928  -25.807  -44.809  15.600 0.6999999881
26238  -26.218  -45.584  15.640 0.6999999881
100337  -27.180  -45.771  15.418 0.6000000238
26929  -26.907  -44.863  15.452 0.6999999881
111364  -27.672  -45.247  15.142 0.6000000238
23618  -20.824  -48.660  25.008 0.8000000119
22004  -17.042  -49.887  20.951 0.5000000000
23643  -19.957  -48.528  23.638 0.8000000119
23644  -20.437  -48.518  24.203 0.8000000119
24448  -21.713  -47.857  26.068 0.8000000119
22823  -17.585  -49.044  21.879 0.6000000238
23651  -18.288  -48.471  22.456 0.5000000000
22810  -20.125  -49.288  24.007 0.8000000119
24450  -23.158  -47.470  26.488 0.6999999881
23662  -15.398  -47.817  21.504 0.4000000060
23671  -17.054  -48.604  20.659 0.5000000000
23652  -19.232  -48.416  23.196 0.6999999881
22809  -19.473  -49.315  23.572 0.6999999881
24449  -22.275  -47.220  26.228 0.6999999881
25336  -23.681  -46.988  26.324 0.6999999881
25337  -24.468  -46.994  26.022 0.6999999881
25375  -14.485  -47.176  22.949 0.3000000119
119727  -25.118  -46.546  25.490 0.6999999881
25362  -25.704  -46.468  24.708 0.6999999881
107097  -17.069  -47.121  20.478 0.5000000000
25363  -26.154  -46.416  23.990 0.6999999881
25425  -16.572  -46.736  20.692 0.4000000060
25428  -27.047  -46.475  20.603 0.8000000119
25438  -26.955  -46.420  19.143 0.8000000119
26194  -27.100  -45.142  20.245 0.6999999881
119219  -21.491  -45.820  17.120 0.8999999762
26230  -21.803  -45.640  16.822 0.8999999762
26222  -21.950  -45.263  17.420 0.8000000119
106680  -24.168  -44.825  17.678 0.8000000119
26235  -22.644  -44.994  16.262 0.8999999762
26917  -21.833  -44.615  16.803 0.8000000119
26926  -23.554  -44.511  15.809 0.8000000119
24576  -27.743  -47.492  15.495 0.4000000060
26927  -24.710  -44.710  15.656 0.8000000119
106118  -25.289  -44.104  15.531 0.6999999881
111426  -28.592  -44.325  14.495 0.5000000000
23631  -20.717  -48.029  24.652 0.6999999881
23632  -21.124  -47.917  25.285 0.8000000119
24488  -20.293  -47.242  23.577 0.6999999881
24462  -21.461  -47.036  25.516 0.6999999881
24507  -14.865  -47.299  21.832 0.4000000060
115988  -19.537  -47.056  22.718 0.6000000238
24473  -20.841  -47.321  24.749 0.6999999881
25335  -22.939  -46.650  26.327 0.6999999881
100571  -23.760  -46.216  26.196 0.6999999881
119153  -24.483  -46.354  25.907 0.6999999881
105876  -18.284  -46.868  21.379 0.5000000000
26138  -25.336  -45.771  25.104 0.6999999881
25427  -17.605  -46.117  20.692 0.4000000060
26150  -25.794  -45.775  24.315 0.6999999881
26190  -15.531  -45.113  21.128 0.3000000119
26191  -16.483  -45.853  20.687 0.3000000119
25411  -18.847  -46.164  21.741 0.5000000000
101200  -27.179  -46.045  20.031 0.6999999881
110508  -26.770  -45.798  21.946 0.6999999881
26151  -26.168  -45.806  23.717 0.6999999881
25410  -18.163  -46.142  21.103 0.4000000060
107006  -27.045  -45.690  20.994 0.6999999881
104536  -26.539  -45.855  22.651 0.6999999881
26203  -27.142  -45.538  19.346 0.6999999881
111600  -24.556  -45.707  17.796 0.8000000119
26225  -25.852  -46.066  17.856 0.8000000119
103999  -26.403  -45.232  17.991 0.8000000119
26224  -25.469  -45.132  17.710 0.8000000119
26221  -21.565  -45.105  17.106 0.8000000119
26925  -22.425  -44.163  16.222 0.8000000119
26936  -27.778  -44.539  15.064 0.6999999881
27602  -25.772  -43.442  15.453 0.6999999881
106397  -26.305  -44.136  15.513 0.6999999881
107713  -26.299  -42.141  15.365 0.6999999881
25379  -20.454  -46.424  23.436 0.6000000238
25360  -20.618  -46.850  24.121 0.6000000238
25345  -21.542  -46.180  25.353 0.6999999881
25346  -22.107  -46.369  25.957 0.6999999881
24511  -18.917  -46.911  22.179 0.5000000000
24487  -19.809  -47.659  23.235 0.6000000238
26135  -21.967  -45.593  25.553 0.6999999881
25347  -22.763  -45.787  26.106 0.6999999881
24498  -20.062  -46.790  23.002 0.6000000238
26180  -14.709  -45.495  21.754 0.3000000119
25395  -19.591  -46.260  22.416 0.5000000000
25380  -20.820  -46.015  23.993 0.6000000238
26137  -24.542  -45.717  25.725 0.6999999881
26181  -18.698  -45.359  21.333 0.4000000060
26182  -19.360  -45.488  21.949 0.5000000000
26172  -20.396  -45.298  22.805 0.6000000238
100239  -26.413  -44.677  23.123 0.6999999881
26173  -26.572  -45.207  22.502 0.6999999881
104242  -18.326  -44.839  20.821 0.3000000119
102141  -26.815  -45.032  21.709 0.6999999881
112209  -26.938  -45.145  18.716 0.6999999881
26892  -27.121  -44.580  19.452 0.6999999881
114272  -26.981  -44.860  20.989 0.6999999881
107197  -23.766  -44.000  17.622 0.8000000119
26911  -26.130  -44.414  17.747 0.8000000119
26907  -21.592  -44.023  17.033 0.8000000119
26908  -21.848  -44.274  17.205 0.8000000119
26909  -22.771  -44.539  17.585 0.8000000119
27599  -22.102  -43.276  16.159 0.8000000119
28291  -21.716  -42.625  17.057 0.8000000119
28292  -22.432  -42.837  17.328 0.8000000119
28305  -23.681  -42.053  16.934 0.8000000119
28304  -22.015  -42.059  17.079 0.8000000119
27610  -27.921  -43.712  15.024 0.6000000238
28317  -25.293  -42.586  15.305 0.8000000119
27603  -26.615  -43.557  15.457 0.6000000238
28997  -26.187  -41.293  15.266 0.6999999881
28319  -27.138  -42.464  15.453 0.6000000238
26159  -20.613  -45.610  23.321 0.6000000238
101110  -22.621  -44.972  25.624 0.6999999881
26160  -20.944  -45.202  23.809 0.6000000238
26136  -23.563  -45.286  25.907 0.6999999881
115513  -19.653  -44.915  22.078 0.4000000060
26171  -19.941  -45.424  22.431 0.4000000060
26829  -25.036  -44.989  25.371 0.6999999881
26853  -20.691  -44.830  23.118 0.5000000000
26830  -25.599  -45.047  24.749 0.6999999881
115617  -19.263  -44.897  21.647 0.3000000119
26874  -19.476  -44.240  21.781 0.3000000119
26865  -20.140  -44.611  22.487 0.4000000060
26840  -25.788  -44.250  24.444 0.6999999881
26873  -18.874  -44.529  21.233 0.3000000119
26875  -26.730  -44.269  21.425 0.6999999881
107232  -26.480  -43.850  22.932 0.6999999881
26910  -25.099  -44.244  17.619 0.8000000119
118336  -27.069  -43.953  19.795 0.6999999881
26885  -26.940  -44.239  20.481 0.6999999881
105640  -26.571  -43.541  21.971 0.6999999881
118165  -26.605  -43.054  20.752 0.6999999881
27583  -21.748  -43.352  17.131 0.8000000119
26900  -26.828  -44.466  18.463 0.6999999881
110730  -26.795  -43.371  20.144 0.6999999881
28273  -26.497  -42.488  20.449 0.6999999881
27584  -22.492  -43.669  17.464 0.8000000119
27585  -24.696  -43.488  17.487 0.8000000119
27586  -25.830  -43.625  17.597 0.8000000119
28280  -26.713  -42.641  19.300 0.8000000119
106212  -26.316  -41.928  19.856 0.6999999881
27591  -21.608  -43.034  16.878 0.8000000119
28293  -24.167  -42.794  17.303 0.8000000119
28294  -25.119  -42.084  17.104 0.8000000119
28286  -26.523  -42.347  18.294 0.8000000119
26924  -21.772  -43.819  16.749 0.8000000119
28314  -21.728  -42.415  16.316 0.8000000119
28976  -25.711  -41.408  17.357 0.8000000119
108019  -23.130  -43.150  15.576 0.8000000119
28303  -21.510  -41.977  16.623 0.8000000119
28985  -23.252  -41.252  16.622 0.8000000119
28986  -24.785  -41.310  16.738 0.8000000119
29823  -25.356  -40.615  17.111 0.8000000119
28315  -22.312  -42.536  15.666 0.8000000119
29833  -22.772  -40.387  16.373 0.8000000119
28316  -23.826  -42.592  15.332 0.8000000119
27611  -28.784  -43.411  14.486 0.5000000000
28320  -28.078  -42.770  15.184 0.6000000238
28995  -23.008  -41.888  15.184 0.8000000119
102230  -24.502  -41.890  15.025 0.8000000119
105569  -27.736  -42.021  15.461 0.6000000238
26134  -21.326  -45.595  24.645 0.6999999881
26149  -21.799  -44.885  24.991 0.6999999881
26828  -23.498  -44.345  25.550 0.6999999881
26838  -21.344  -44.871  24.252 0.5000000000
26827  -22.416  -44.143  25.133 0.6999999881
26866  -20.607  -43.905  22.922 0.4000000060
115810  -21.086  -43.581  23.404 0.5000000000
107073  -24.612  -44.143  25.339 0.6999999881
109157  -19.927  -43.656  22.322 0.3000000119
27536  -20.743  -43.081  23.047 0.3000000119
26839  -25.324  -43.679  24.874 0.6999999881
104942  -18.968  -43.867  21.195 0.3000000119
28254  -20.292  -42.552  22.682 0.3000000119
27538  -26.254  -43.352  23.430 0.6999999881
28255  -26.404  -42.288  22.545 0.6999999881
27578  -26.628  -43.708  18.059 0.8000000119
110192  -26.533  -42.814  21.302 0.6999999881
111341  -27.092  -43.658  19.043 0.6999999881
28957  -26.215  -41.544  20.598 0.6999999881
108554  -26.760  -43.062  18.442 0.6999999881
28964  -26.344  -41.745  19.015 0.8000000119
28969  -25.896  -40.948  18.914 0.8000000119
107136  -25.864  -40.762  17.903 0.8000000119
110923  -21.608  -41.636  15.774 0.8000000119
29834  -24.357  -40.477  16.564 0.8000000119
115465  -23.882  -39.684  16.467 0.8000000119
108228  -25.487  -40.063  17.831 0.8000000119
28984  -21.727  -41.276  16.422 0.8000000119
29832  -21.298  -40.181  16.071 0.8000000119
30676  -24.849  -39.537  17.202 0.8000000119
29008  -25.070  -41.235  14.762 0.8000000119
112122  -21.663  -44.265  24.421 0.6000000238
27522  -21.545  -43.637  23.991 0.5000000000
27519  -23.147  -43.626  25.320 0.6999999881
27520  -23.901  -43.483  25.385 0.6999999881
28226  -22.042  -42.991  24.437 0.6000000238
28216  -23.342  -42.933  25.246 0.6999999881
27524  -24.669  -43.221  25.168 0.6999999881
105746  -19.811  -42.799  22.234 0.3000000119
28264  -19.258  -42.278  21.643 0.3000000119
28922  -21.123  -40.839  23.986 0.3000000119
27525  -25.239  -42.835  24.726 0.6999999881
30625  -19.604  -39.609  22.244 0.3000000119
29780  -19.915  -40.399  22.515 0.3000000119
29764  -20.563  -40.409  23.280 0.3000000119
29765  -21.105  -40.038  24.025 0.3000000119
110304  -26.508  -42.776  22.082 0.6999999881
28265  -26.485  -42.174  21.770 0.6999999881
28956  -25.924  -41.212  19.791 0.8000000119
30669  -25.220  -39.346  18.513 0.8000000119
29843  -21.191  -40.689  15.544 0.8000000119
29842  -21.192  -40.996  16.070 0.8000000119
118050  -20.890  -40.293  15.845 0.8000000119
30686  -22.582  -39.324  16.232 0.8000000119
30675  -23.888  -38.743  16.751 0.8000000119
29007  -23.795  -41.228  14.735 0.8000000119
29831  -21.121  -39.529  15.738 0.8000000119
29844  -26.468  -40.551  15.287 0.6000000238
27523  -22.040  -43.648  24.605 0.6000000238
28217  -24.104  -42.711  25.269 0.6999999881
105432  -21.251  -41.789  23.900 0.4000000060
112454  -23.107  -41.700  25.091 0.6000000238
28229  -24.350  -42.016  25.038 0.6999999881
109704  -24.705  -42.558  25.014 0.6999999881
29752  -22.889  -40.977  25.033 0.4000000060
28230  -25.031  -42.071  24.700 0.6999999881
28242  -25.577  -42.287  24.201 0.6999999881
28243  -26.111  -42.501  23.420 0.6999999881
31329  -21.961  -38.838  24.362 0.3000000119
29753  -23.588  -40.599  24.931 0.4000000060
28913  -24.691  -41.340  24.751 0.6000000238
28923  -25.757  -41.599  23.656 0.6999999881
28924  -26.201  -41.659  22.924 0.6999999881
28937  -26.422  -41.564  22.193 0.6999999881
28948  -26.375  -41.489  21.458 0.6999999881
28970  -26.253  -41.531  18.085 0.8000000119
29810  -25.676  -40.441  19.622 0.8000000119
110440  -25.176  -38.816  18.799 0.8000000119
31435  -23.714  -37.858  17.092 0.8000000119
29853  -21.784  -40.284  14.889 0.8000000119
30685  -21.524  -38.906  16.008 0.8000000119
31445  -22.515  -38.190  16.488 0.8000000119
30693  -21.258  -38.797  15.463 0.8000000119
28998  -27.073  -41.670  15.519 0.6000000238
29854  -24.420  -40.398  14.538 0.8000000119
30706  -25.341  -39.656  14.591 0.6999999881
102919  -26.071  -39.080  14.723 0.6999999881
28227  -22.722  -42.408  24.955 0.6000000238
28228  -23.583  -42.171  25.172 0.6000000238
115535  -22.364  -40.395  24.772 0.3000000119
29751  -21.669  -40.213  24.472 0.3000000119
105769  -23.048  -40.136  24.851 0.3000000119
28912  -23.801  -41.329  25.068 0.5000000000
106721  -23.856  -39.975  24.758 0.5000000000
28914  -25.306  -41.437  24.311 0.6999999881
32070  -20.980  -38.011  23.181 0.3000000119
30611  -25.485  -39.748  24.039 0.4000000060
111346  -25.939  -40.927  23.141 0.6999999881
32089  -20.966  -37.188  22.780 0.3000000119
29781  -26.260  -40.391  22.699 0.6000000238
101104  -26.395  -40.052  21.392 0.6000000238
106076  -26.509  -39.738  22.252 0.6000000238
29801  -25.937  -40.725  20.339 0.8000000119
29802  -26.251  -40.797  21.104 0.6999999881
103520  -26.764  -39.251  21.523 0.6000000238
108207  -26.189  -40.249  20.755 0.6999999881
29817  -25.517  -40.183  18.833 0.8000000119
30652  -25.844  -39.982  20.182 0.6999999881
30662  -26.164  -39.125  20.044 0.6999999881
30653  -26.433  -39.581  20.780 0.6999999881
30661  -25.538  -39.533  19.355 0.8000000119
32133  -25.635  -38.511  19.275 0.6999999881
30668  -24.631  -38.470  18.024 0.8000000119
100588  -26.157  -37.705  19.281 0.6999999881
29852  -21.067  -39.839  15.458 0.8000000119
31427  -24.440  -37.795  17.821 0.8000000119
30703  -21.728  -39.200  14.842 0.8000000119
31444  -21.554  -37.691  16.061 0.8000000119
29006  -22.173  -41.140  14.947 0.8000000119
31454  -21.291  -37.781  15.617 0.8000000119
32161  -21.918  -37.031  16.125 0.8000000119
112080  -23.103  -40.618  14.661 0.8000000119
30704  -23.026  -39.857  14.538 0.8000000119
30705  -24.180  -39.350  14.441 0.6999999881
29845  -27.685  -40.479  15.612 0.6000000238
30696  -28.802  -39.748  15.580 0.6000000238
29755  -25.066  -40.612  24.437 0.5000000000
30591  -22.335  -39.555  24.637 0.3000000119
30593  -24.125  -39.306  24.617 0.4000000060
29766  -25.547  -40.726  23.851 0.6000000238
31330  -22.738  -38.656  24.458 0.3000000119
29767  -25.959  -40.142  23.380 0.6000000238
113913  -23.086  -37.720  24.094 0.3000000119
32060  -23.968  -37.712  24.169 0.3000000119
30612  -26.125  -39.323  23.440 0.6000000238
119532  -26.343  -39.737  22.968 0.6000000238
106711  -21.288  -36.403  22.752 0.3000000119
32822  -22.565  -36.404  23.265 0.3000000119
32061  -24.536  -38.083  24.214 0.3000000119
32842  -21.913  -36.052  22.836 0.3000000119
33744  -21.256  -35.615  22.681 0.3000000119
31408  -26.883  -38.625  20.815 0.6999999881
32147  -23.713  -37.448  16.903 0.8000000119
32141  -25.064  -37.573  18.284 0.6999999881
119795  -25.503  -37.850  18.820 0.6999999881
32148  -24.562  -37.396  17.519 0.6999999881
32162  -22.743  -36.943  16.377 0.8000000119
32904  -23.790  -37.017  16.726 0.6999999881
31461  -21.580  -37.959  15.061 0.8000000119
32174  -21.531  -37.328  15.488 0.6999999881
32160  -21.504  -37.138  15.851 0.8000000119
32920  -22.985  -36.598  16.056 0.6000000238
110964  -30.286  -39.959  14.701 0.6000000238
110939  -23.058  -39.049  14.534 0.6999999881
31463  -23.628  -38.247  14.442 0.6999999881
31455  -26.762  -38.633  14.725 0.6999999881
31456  -27.564  -38.729  15.229 0.6999999881
31464  -24.987  -38.707  14.326 0.6999999881
32957  -26.427  -36.305  12.736 0.5000000000
32958  -27.682  -36.589  12.854 0.5000000000
30627  -26.561  -39.084  22.850 0.6000000238
31390  -27.014  -38.406  21.744 0.6000000238
32101  -27.185  -37.704  21.248 0.6999999881
31421  -26.465  -38.189  19.981 0.6999999881
34684  -19.250  -34.510  22.650 0.3000000119
119657  -27.017  -37.772  20.534 0.6999999881
32118  -26.866  -37.373  19.868 0.6999999881
32919  -22.098  -36.765  15.991 0.6999999881
32149  -25.490  -37.160  17.995 0.6999999881
31462  -22.434  -38.427  14.661 0.6999999881
114322  -22.517  -37.712  14.704 0.6999999881
32931  -21.970  -36.893  15.540 0.6999999881
32932  -23.632  -36.404  15.148 0.6000000238
32176  -23.247  -37.124  14.589 0.6999999881
31457  -28.461  -38.907  15.508 0.6000000238
31465  -25.803  -38.287  14.246 0.6999999881
32178  -25.736  -37.454  13.800 0.6999999881
108164  -26.517  -38.037  14.274 0.6999999881
32180  -27.822  -37.597  14.292 0.6000000238
31349  -26.314  -38.505  23.315 0.5000000000
32076  -26.372  -37.629  23.157 0.4000000060
31369  -26.735  -38.234  22.596 0.6000000238
118075  -26.728  -37.580  22.629 0.5000000000
32090  -27.070  -37.487  22.100 0.6000000238
111152  -19.652  -33.514  22.466 0.3000000119
35616  -20.187  -34.213  22.611 0.3000000119
32134  -26.687  -37.016  19.143 0.6000000238
32142  -25.931  -37.347  18.628 0.6000000238
32921  -24.211  -36.707  15.956 0.6000000238
32906  -26.042  -36.986  17.666 0.6000000238
32175  -22.110  -37.177  15.006 0.6999999881
32905  -25.052  -37.086  17.035 0.6000000238
32942  -23.072  -36.639  14.936 0.6999999881
32943  -24.230  -36.140  14.478 0.6000000238
32177  -24.553  -37.432  14.105 0.6999999881
31466  -27.287  -38.110  14.613 0.6999999881
31467  -28.178  -38.131  15.049 0.6000000238
31468  -29.745  -38.408  14.915 0.5000000000
112370  -28.959  -38.371  15.226 0.6000000238
32182  -30.121  -37.710  14.439 0.5000000000
32195  -26.011  -36.782  13.318 0.6000000238
32179  -26.786  -37.556  13.901 0.5000000000
32197  -28.329  -37.109  13.676 0.5000000000
32198  -29.492  -37.040  13.925 0.5000000000
32959  -28.845  -36.598  13.064 0.5000000000
32974  -28.207  -36.114  12.367 0.5000000000
32826  -26.162  -36.893  23.179 0.4000000060
32844  -26.686  -36.967  22.648 0.4000000060
32843  -26.268  -36.255  22.881 0.4000000060
33729  -23.977  -35.789  23.296 0.4000000060
32102  -27.319  -36.863  21.526 0.6000000238
35640  -20.519  -33.301  22.344 0.3000000119
35641  -21.412  -33.123  22.154 0.3000000119
116925  -22.629  -33.821  22.334 0.3000000119
32119  -27.304  -36.961  20.668 0.6000000238
36558  -21.726  -32.507  21.346 0.3000000119
32891  -27.253  -36.577  18.955 0.6000000238
32907  -27.090  -36.753  17.470 0.5000000000
32922  -25.618  -36.784  15.828 0.6000000238
103764  -26.209  -37.001  16.829 0.6000000238
32933  -24.710  -36.076  15.223 0.6000000238
32934  -25.438  -36.087  14.923 0.6000000238
32193  -23.937  -36.471  14.042 0.6999999881
32944  -24.378  -35.992  14.442 0.6000000238
32194  -24.947  -36.386  13.696 0.6999999881
32196  -27.193  -37.072  13.396 0.5000000000
32973  -27.030  -35.857  12.329 0.5000000000
32825  -25.616  -36.423  23.285 0.4000000060
32845  -27.172  -36.584  22.115 0.5000000000
34691  -26.157  -34.739  22.435 0.4000000060
35642  -22.379  -33.114  21.868 0.3000000119
35643  -23.182  -32.875  21.455 0.3000000119
35619  -23.177  -33.494  22.067 0.4000000060
103675  -27.609  -36.120  20.425 0.4000000060
35620  -23.927  -33.733  22.206 0.4000000060
32135  -27.378  -36.561  19.714 0.6000000238
32896  -26.607  -36.867  18.370 0.5000000000
107663  -27.729  -36.526  16.924 0.5000000000
32945  -24.883  -35.659  14.247 0.6000000238
33828  -25.809  -35.564  14.454 0.6000000238
32955  -24.725  -35.700  13.838 0.6000000238
33838  -25.340  -35.116  13.634 0.6000000238
32956  -25.330  -35.612  13.122 0.5000000000
32972  -25.910  -35.315  12.539 0.5000000000
33859  -27.541  -35.373  11.890 0.5000000000
33860  -28.752  -35.621  11.908 0.5000000000
104468  -25.619  -35.511  22.906 0.4000000060
106096  -26.807  -36.265  22.462 0.4000000060
33764  -27.365  -35.372  21.579 0.4000000060
32859  -27.415  -36.123  21.650 0.4000000060
34705  -26.883  -35.052  22.038 0.4000000060
109477  -27.599  -35.696  21.027 0.4000000060
36559  -22.557  -32.423  21.006 0.3000000119
33802  -27.727  -36.178  19.129 0.4000000060
33795  -27.890  -35.835  19.689 0.5000000000
37446  -21.808  -31.685  19.918 0.3000000119
32898  -28.458  -35.878  18.004 0.4000000060
32924  -27.936  -36.317  16.227 0.5000000000
32908  -28.379  -36.092  17.112 0.4000000060
32935  -26.415  -36.320  15.287 0.6000000238
32936  -27.333  -36.294  15.566 0.5000000000
33819  -28.723  -35.719  16.405 0.5000000000
33829  -26.938  -35.823  14.858 0.5000000000
32971  -25.411  -34.932  12.915 0.5000000000
33848  -25.272  -35.215  13.436 0.6000000238
106314  -26.461  -35.082  14.060 0.6000000238
33849  -25.520  -34.744  13.027 0.6000000238
33858  -26.398  -35.198  11.898 0.5000000000
33871  -29.444  -35.104  11.558 0.5000000000
37504  -21.464  -31.246  17.843 0.3000000119
115735  -23.073  -31.087  17.799 0.4000000060
37506  -23.649  -31.018  17.682 0.4000000060
34773  -25.901  -34.542  13.187 0.5000000000
39157  -21.661  -29.914  16.992 0.4000000060
34775  -28.562  -34.569  14.242 0.5000000000
34776  -29.501  -34.095  14.721 0.5000000000
34781  -25.972  -34.403  12.550 0.5000000000
100005  -27.798  -33.894  13.242 0.5000000000
33857  -25.807  -34.625  12.582 0.5000000000
33868  -26.154  -34.176  12.077 0.6000000238
34801  -28.922  -34.237  11.220 0.5000000000
33869  -26.818  -34.450  11.666 0.6000000238
116995  -27.135  -34.119  11.415 0.5000000000
33870  -28.010  -34.720  11.490 0.6000000238
38270  -23.334  -30.600  17.483 0.4000000060
37508  -25.096  -31.260  17.945 0.4000000060
34782  -26.476  -33.808  12.879 0.5000000000
35721  -26.980  -33.506  12.245 0.5000000000
34791  -26.326  -33.881  12.041 0.5000000000
35732  -26.926  -33.374  11.550 0.5000000000
109775  -26.670  -33.681  11.628 0.5000000000
35741  -28.499  -33.411  10.868 0.4000000060
34800  -27.504  -33.679  11.150 0.5000000000
38272  -24.706  -30.757  17.541 0.4000000060
39158  -22.491  -29.467  16.917 0.4000000060
34783  -29.051  -33.760  13.775 0.4000000060
114992  -27.085  -33.032  11.182 0.4000000060
35740  -27.507  -32.890  10.798 0.4000000060
35751  -28.247  -32.773  10.638 0.5000000000
35722  -28.261  -33.244  12.887 0.4000000060
36652  -27.150  -32.697  11.169 0.4000000060
35750  -27.656  -32.265  10.647 0.5000000000
36674  -28.733  -32.132  10.553 0.4000000060
37565  -27.892  -31.455  10.515 0.4000000060
36663  -27.271  -32.047  10.947 0.4000000060
37568  -30.918  -31.084  10.597 0.4000000060
36662  -27.235  -32.440  10.929 0.4000000060
37566  -28.888  -31.199  10.409 0.4000000060
37549  -27.766  -31.358  11.483 0.4000000060
38340  -29.286  -30.448  10.420 0.4000000060
38341  -30.461  -30.484  10.586 0.4000000060
38333  -31.082  -30.081  10.833 0.4000000060
38342  -31.581  -30.624  10.674 0.4000000060
37557  -27.623  -31.438  10.779 0.4000000060
38339  -28.277  -30.581  10.446 0.4000000060
104040  -27.683  -30.669  10.946 0.4000000060
38322  -27.889  -30.432  11.795 0.4000000060
39225  -28.690  -29.897  10.522 0.3000000119
39226  -29.812  -29.945  10.624 0.4000000060
39218  -31.730  -29.749  11.097 0.4000000060
103873  -27.861  -30.835  10.623 0.3000000119
39216  -29.187  -29.452  10.817 0.4000000060
38332  -27.952  -30.054  10.696 0.4000000060
39215  -28.321  -29.361  10.919 0.4000000060
20272  -23.482  -52.800  27.202 0.6999999881
105198  -24.936  -51.978  26.260 0.8000000119
20288  -21.174  -52.668  26.651 0.6000000238
21953  -26.367  -49.953  23.853 0.8000000119
18759  -17.928  -55.121  22.188 0.4000000060
23694  -22.198  -47.799  17.906 0.8000000119
22767  -21.672  -50.017  26.417 0.6000000238
20345  -17.482  -51.945  22.254 0.5000000000
23605  -23.509  -48.402  26.631 0.8000000119
23641  -14.595  -48.330  23.408 0.4000000060
108964  -16.762  -48.698  20.756 0.5000000000
26211  -26.730  -45.882  18.453 0.6999999881
29793  -26.437  -40.726  21.939 0.6000000238
28910  -21.942  -42.137  24.477 0.6000000238
30594  -24.669  -39.859  24.532 0.5000000000
32075  -25.916  -38.035  23.636 0.4000000060
111313  -26.519  -35.598  22.506 0.4000000060
35733  -27.381  -32.885  11.897 0.4000000060
17925  -22.540  -55.831  18.748 0.5000000000
17004  -23.912  -56.473  20.524 0.6999999881
19602  -23.578  -53.630  18.450 0.5000000000
16088  -19.893  -57.637  27.290 0.5000000000
18729  -25.356  -54.469  24.532 0.6999999881
18770  -23.830  -53.906  20.755 0.6999999881
21186  -23.864  -51.351  18.494 0.6999999881
17822  -20.512  -55.020  26.750 0.6000000238
20347  -25.861  -52.579  22.470 0.6999999881
20303  -25.286  -52.931  25.186 0.8000000119
20335  -25.908  -52.830  23.332 0.6999999881
105127  -24.489  -52.129  26.704 0.8000000119
117719  -18.698  -57.071  23.416 0.5000000000
21988  -26.381  -50.555  22.480 0.8000000119
18728  -19.853  -54.675  24.295 0.6000000238
116354  -26.008  -48.910  16.506 0.6000000238
19523  -20.159  -53.203  24.449 0.6000000238
17894  -17.331  -55.375  21.541 0.3000000119
117837  -19.856  -54.148  24.079 0.5000000000
118845  -19.177  -55.044  23.377 0.5000000000
17881  -18.952  -55.548  23.180 0.5000000000
16991  -17.901  -56.022  22.022 0.4000000060
22769  -23.313  -49.335  26.859 0.8000000119
115170  -20.398  -51.778  24.717 0.5000000000
18745  -18.697  -54.877  22.950 0.4000000060
19549  -18.749  -53.995  23.089 0.5000000000
19534  -19.308  -53.628  23.512 0.5000000000
26239  -28.154  -45.995  14.902 0.4000000060
112854  -17.218  -52.758  21.826 0.5000000000
21133  -20.110  -51.962  24.253 0.5000000000
115616  -19.060  -52.420  23.513 0.5000000000
24463  -24.723  -47.747  26.035 0.6999999881
21149  -17.431  -50.951  22.026 0.6000000238
20362  -17.004  -52.060  21.441 0.5000000000
22807  -13.766  -49.440  23.004 0.6000000238
104842  -15.028  -49.863  22.025 0.6000000238
21131  -18.727  -50.691  23.416 0.6000000238
21987  -17.988  -50.351  22.763 0.6000000238
21970  -19.858  -50.602  24.006 0.5000000000
23629  -16.494  -48.567  24.251 0.4000000060
22837  -17.186  -49.221  20.963 0.5000000000
22824  -18.055  -49.437  22.616 0.6000000238
21969  -19.371  -50.201  23.697 0.6000000238
22825  -18.728  -49.070  23.114 0.6000000238
23663  -16.297  -48.029  20.902 0.4000000060
116109  -16.915  -48.170  20.537 0.4000000060
24508  -15.765  -47.152  21.236 0.4000000060
24510  -17.730  -47.456  21.122 0.5000000000
25412  -26.871  -46.520  21.426 0.6999999881
25460  -22.137  -46.115  17.813 0.8000000119
104441  -27.156  -44.005  15.397 0.6999999881
24472  -20.507  -47.667  24.150 0.6999999881
25409  -17.555  -46.868  20.731 0.5000000000
26161  -26.372  -45.482  23.201 0.6999999881
25424  -15.624  -46.131  21.227 0.4000000060
110598  -24.307  -44.111  15.570 0.8000000119
25361  -21.053  -46.486  24.722 0.6999999881
24497  -19.007  -47.658  22.668 0.6000000238
24496  -18.278  -47.576  21.890 0.5000000000
26193  -17.952  -45.480  20.731 0.3000000119
26841  -26.085  -45.027  23.916 0.6999999881
27600  -23.298  -43.787  15.701 0.8999999762
27601  -24.472  -43.397  15.455 0.8000000119
111610  -27.242  -43.241  15.370 0.6000000238
28318  -26.410  -42.911  15.411 0.6000000238
28996  -25.500  -41.840  15.153 0.8000000119
25396  -20.266  -45.985  22.845 0.6000000238
26867  -26.598  -44.427  22.298 0.6999999881
27558  -26.648  -43.553  21.026 0.6999999881
116100  -24.280  -44.889  25.622 0.6999999881
26854  -21.128  -44.348  23.642 0.5000000000
108708  -25.349  -44.420  25.023 0.6999999881
26855  -26.230  -44.068  23.720 0.6999999881
27557  -19.270  -43.237  21.603 0.3000000119
116738  -26.436  -43.050  22.763 0.6999999881
115592  -26.406  -42.104  21.106 0.6999999881
110958  -25.495  -42.871  17.427 0.8000000119
28295  -26.334  -42.984  17.743 0.8000000119
28977  -26.065  -42.209  17.559 0.8000000119
27548  -20.321  -43.197  22.632 0.3000000119
28241  -21.351  -42.802  23.731 0.4000000060
27537  -25.829  -43.280  24.144 0.6999999881
28253  -19.788  -41.888  22.282 0.3000000119
27518  -22.625  -43.277  24.982 0.6000000238
102604  -21.926  -41.138  24.600 0.3000000119
30590  -21.507  -39.426  24.251 0.3000000119
29855  -25.638  -40.531  14.855 0.6999999881
28911  -22.526  -41.665  24.855 0.6000000238
110587  -26.249  -41.051  22.542 0.6000000238
31434  -22.623  -37.448  16.516 0.8000000119
30694  -26.925  -39.310  15.200 0.6000000238
107193  -27.050  -40.127  15.436 0.6000000238
29754  -24.313  -40.615  24.782 0.5000000000
32071  -21.580  -37.656  23.428 0.3000000119
31348  -22.136  -38.092  24.044 0.3000000119
116675  -26.801  -38.952  22.224 0.6000000238
31428  -25.000  -38.174  18.570 0.6999999881
31331  -23.811  -38.497  24.472 0.3000000119
106730  -22.343  -37.268  23.603 0.3000000119
33728  -23.126  -35.714  23.134 0.3000000119
33837  -24.773  -35.608  13.940 0.6000000238
32181  -28.962  -37.654  14.668 0.6000000238
34689  -24.213  -34.449  22.568 0.4000000060
35618  -21.930  -33.828  22.440 0.3000000119
115972  -27.941  -36.389  17.596 0.5000000000
32923  -26.992  -36.771  16.235 0.5000000000
32872  -27.490  -36.357  21.090 0.4000000060
113846  -23.697  -33.236  21.726 0.4000000060
111039  -23.869  -32.736  21.260 0.4000000060
32897  -27.702  -36.370  18.387 0.5000000000
33777  -27.874  -35.364  20.335 0.4000000060
33830  -28.032  -35.795  15.290 0.5000000000
37505  -22.328  -31.163  17.880 0.3000000119
37507  -24.216  -31.128  17.795 0.4000000060
34774  -27.143  -34.540  13.587 0.5000000000
38271  -24.015  -30.669  17.499 0.4000000060
37556  -27.440  -31.961  10.777 0.4000000060
39217  -30.405  -29.731  11.015 0.4000000060
119983  -27.766  -29.992  11.270 0.4000000060
39199  -30.972  -29.466  11.903 0.3000000119
118646  -24.184  -59.354  24.507 0.5000000000
14665  -24.593  -59.383  23.347 0.5000000000
120060  -23.199  -60.111  27.324 0.4000000060
14647  -23.691  -59.295  25.735 0.5000000000
14656  -24.408  -59.016  24.129 0.6000000238
15366  -24.877  -58.498  23.486 0.6000000238
15337  -23.514  -58.870  26.594 0.5000000000
119611  -23.530  -58.155  26.686 0.5000000000
15351  -23.849  -58.307  25.874 0.5000000000
15352  -24.200  -57.927  25.098 0.5000000000
15327  -23.129  -58.424  27.336 0.5000000000
16134  -24.797  -57.803  23.982 0.6000000238
16135  -25.318  -57.682  23.311 0.6000000238
16141  -25.544  -57.401  22.571 0.6000000238
114823  -25.474  -57.150  21.952 0.6000000238
16982  -25.560  -56.501  22.401 0.6000000238
110682  -24.989  -57.318  21.429 0.6000000238
16992  -24.610  -56.774  21.032 0.6000000238
16993  -25.222  -56.579  21.567 0.6000000238
16126  -24.577  -57.491  24.569 0.6000000238
16091  -22.754  -57.680  27.550 0.5000000000
107567  -23.298  -57.736  27.069 0.5000000000
16127  -25.047  -57.129  23.965 0.6000000238
16079  -21.283  -57.873  28.188 0.5000000000
16080  -22.056  -57.724  28.032 0.5000000000
16975  -25.500  -56.873  23.277 0.6000000238
17907  -23.859  -55.713  20.540 0.6000000238
115600  -24.079  -57.558  25.705 0.5000000000
16116  -24.360  -57.140  25.221 0.5000000000
16092  -23.161  -56.976  27.164 0.5000000000
107270  -23.680  -56.697  26.545 0.5000000000
16100  -23.711  -57.471  26.431 0.5000000000
16101  -24.096  -56.870  25.936 0.5000000000
16969  -24.777  -56.700  24.666 0.6000000238
107056  -22.306  -56.958  27.716 0.5000000000
108560  -25.530  -56.132  23.199 0.6000000238
16090  -21.478  -56.999  27.975 0.5000000000
17882  -25.559  -55.600  22.623 0.6000000238
17895  -24.705  -55.952  21.025 0.6000000238
113907  -24.435  -55.731  25.857 0.5000000000
16952  -24.485  -56.252  25.433 0.6000000238
17838  -24.806  -55.321  25.459 0.6000000238
16927  -22.661  -56.209  27.491 0.5000000000
17861  -24.964  -55.890  24.728 0.6000000238
16089  -20.576  -57.111  27.785 0.5000000000
17896  -25.346  -55.788  21.772 0.6000000238
115910  -24.985  -55.248  21.367 0.6000000238
17813  -22.995  -55.473  27.332 0.5000000000
16941  -23.394  -56.123  26.983 0.5000000000
17824  -24.334  -55.230  26.255 0.5000000000
16926  -21.815  -56.212  27.790 0.5000000000
16925  -21.030  -56.238  27.785 0.6000000238
17823  -23.703  -55.344  26.840 0.6000000238
17839  -25.145  -54.477  25.160 0.6000000238
17812  -22.218  -55.527  27.616 0.6000000238
16924  -20.370  -56.259  27.366 0.5000000000
17811  -21.492  -55.517  27.617 0.6000000238
16098  -19.581  -57.211  26.511 0.4000000060
18679  -22.526  -54.861  27.474 0.6000000238
18680  -23.311  -54.745  27.216 0.6000000238
18697  -24.072  -54.422  26.837 0.6000000238
18698  -24.694  -54.464  26.031 0.6000000238
107486  -27.093  -40.899  15.553 0.5000000000
29846  -28.515  -40.495  15.566 0.5000000000
39198  -29.735  -29.186  11.453 0.4000000060
40117  -30.243  -28.861  12.358 0.3000000119
40108  -30.587  -28.300  13.253 0.3000000119
41844  -30.967  -26.758  14.298 0.3000000119
13978  -23.578  -60.240  25.741 0.5000000000
14655  -23.908  -59.816  24.897 0.5000000000
15384  -25.047  -58.492  21.855 0.5000000000
14627  -23.213  -59.302  27.330 0.4000000060
15374  -24.909  -58.991  22.564 0.6000000238
16149  -25.382  -57.809  21.927 0.6000000238
114170  -24.834  -57.962  21.400 0.5000000000
14615  -22.382  -59.552  28.327 0.4000000060
115254  -22.520  -58.280  27.873 0.5000000000
15315  -21.061  -58.727  28.453 0.5000000000
15316  -21.986  -58.648  28.349 0.5000000000
15325  -19.730  -58.556  27.326 0.4000000060
23734  -27.162  -48.011  15.991 0.4000000060
24575  -26.885  -47.209  15.836 0.4000000060
28999  -27.974  -41.258  15.596 0.5000000000
29000  -28.917  -41.248  15.233 0.5000000000
13960  -22.796  -60.270  27.992 0.4000000060
16970  -25.261  -56.260  23.968 0.6000000238
29009  -28.478  -41.948  15.220 0.5000000000
15326  -20.409  -58.139  27.898 0.4000000060
14637  -23.465  -59.755  26.558 0.4000000060
14648  -24.084  -58.842  24.958 0.5000000000
15358  -24.456  -58.245  24.397 0.6000000238
15317  -22.728  -58.971  27.938 0.5000000000
16942  -24.033  -56.047  26.266 0.5000000000
14614  -21.516  -59.571  28.665 0.4000000060
16156  -24.087  -57.535  20.656 0.4000000060
111993  -16.867  -52.845  21.434 0.4000000060
117946  -17.086  -53.198  21.569 0.3000000119
19547  -17.455  -53.553  22.040 0.4000000060
18744  -18.019  -54.284  22.460 0.4000000060
20360  -15.887  -52.240  21.431 0.4000000060
20361  -16.589  -52.109  21.304 0.4000000060
21115  -13.476  -51.327  24.119 0.4000000060
99697  -13.389  -50.953  23.273 0.4000000060
21159  -15.195  -51.574  21.858 0.4000000060
21160  -16.230  -51.386  21.231 0.4000000060
20299  -17.092  -52.938  25.467 0.3000000119
21116  -14.674  -51.512  24.388 0.3000000119
108026  -16.970  -52.083  25.354 0.4000000060
21985  -14.110  -50.273  22.452 0.4000000060
110885  -16.011  -51.923  24.742 0.4000000060
111280  -14.122  -50.666  24.120 0.5000000000
21105  -16.747  -51.159  24.996 0.4000000060
21950  -16.193  -50.184  24.580 0.4000000060
21948  -13.898  -49.997  23.598 0.5000000000
21934  -17.119  -50.451  25.078 0.4000000060
31332  -24.856  -38.888  24.326 0.3000000119
31333  -25.708  -38.755  23.827 0.3000000119
115262  -25.034  -36.690  23.591 0.3000000119
33730  -24.862  -35.992  23.338 0.3000000119
33839  -27.778  -35.200  14.436 0.4000000060
33748  -24.566  -35.185  22.994 0.3000000119
34688  -23.249  -34.314  22.471 0.3000000119
33831  -29.013  -35.307  15.727 0.4000000060
116247  -29.247  -34.783  15.187 0.3000000119
34690  -25.218  -34.569  22.605 0.3000000119
35622  -25.771  -33.907  22.210 0.3000000119
108490  -26.663  -34.176  21.812 0.3000000119
115259  -27.189  -34.688  21.577 0.3000000119
35645  -25.214  -33.275  21.672 0.3000000119
35659  -26.996  -33.515  21.219 0.3000000119
107579  -27.643  -34.800  21.000 0.3000000119
33778  -28.264  -35.144  19.659 0.3000000119
35644  -24.335  -33.261  21.709 0.3000000119
36577  -24.084  -32.226  20.582 0.3000000119
33803  -28.296  -35.668  18.929 0.3000000119
37448  -23.676  -31.761  19.861 0.3000000119
33807  -29.071  -35.343  17.441 0.3000000119
33820  -29.349  -35.039  16.586 0.3000000119
119372  -22.716  -30.800  17.581 0.3000000119
108664  -29.444  -34.747  15.973 0.3000000119
39140  -23.204  -29.852  17.228 0.3000000119
108450  -21.814  -29.098  16.599 0.3000000119
36653  -27.720  -32.179  11.684 0.3000000119
35647  -27.271  -34.162  21.308 0.3000000119
35646  -26.187  -33.367  21.570 0.3000000119
35660  -27.677  -33.854  20.650 0.3000000119
34715  -28.067  -34.568  20.234 0.3000000119
36560  -24.641  -32.667  21.188 0.3000000119
36561  -25.615  -32.629  21.061 0.3000000119
35661  -28.192  -33.929  20.008 0.3000000119
34728  -28.428  -34.415  19.541 0.3000000119
114203  -28.624  -34.957  19.093 0.3000000119
36578  -24.843  -32.206  20.533 0.3000000119
119718  -25.506  -32.162  20.357 0.3000000119
36580  -27.224  -32.905  20.472 0.3000000119
104245  -28.857  -35.166  18.405 0.3000000119
37463  -23.119  -31.561  19.103 0.3000000119
37449  -24.367  -31.861  20.043 0.3000000119
105436  -24.986  -31.819  19.844 0.3000000119
34746  -29.222  -34.650  18.011 0.3000000119
34747  -29.425  -34.463  17.328 0.3000000119
37485  -24.373  -31.430  18.472 0.3000000119
106614  -23.767  -30.148  17.338 0.3000000119
39141  -24.432  -30.029  17.360 0.3000000119
40052  -23.806  -29.282  17.257 0.3000000119
35723  -29.213  -32.960  13.497 0.3000000119
36646  -29.177  -32.259  13.255 0.3000000119
36645  -28.493  -32.549  12.647 0.3000000119
35672  -28.421  -33.670  19.361 0.3000000119
37466  -25.846  -31.901  19.769 0.3000000119
36590  -26.811  -32.191  19.788 0.3000000119
36591  -27.609  -32.561  19.572 0.3000000119
35671  -27.944  -33.295  19.912 0.3000000119
114787  -28.835  -34.292  18.736 0.3000000119
37465  -24.376  -31.654  19.349 0.3000000119
102082  -25.221  -31.581  18.942 0.3000000119
99473  -26.247  -31.708  19.053 0.3000000119
34740  -29.244  -33.857  17.993 0.3000000119
35696  -29.471  -33.576  17.207 0.3000000119
35704  -29.692  -33.464  16.344 0.3000000119
39142  -25.187  -30.243  17.435 0.3000000119
35712  -29.849  -33.385  15.409 0.3000000119
40053  -24.638  -29.007  17.399 0.3000000119
114635  -25.090  -29.560  17.419 0.3000000119
35716  -29.699  -33.240  14.380 0.3000000119
36640  -29.710  -32.231  14.081 0.3000000119
37550  -28.611  -31.845  12.571 0.3000000119
36592  -28.239  -32.913  19.154 0.3000000119
37487  -26.598  -31.491  18.394 0.3000000119
37467  -27.193  -31.905  19.062 0.3000000119
36602  -27.903  -32.244  18.799 0.3000000119
35684  -28.718  -33.350  18.576 0.3000000119
37489  -28.169  -31.911  18.100 0.3000000119
36603  -28.490  -32.568  18.388 0.3000000119
37509  -25.975  -31.208  17.868 0.3000000119
38273  -25.496  -30.850  17.599 0.3000000119
103987  -25.756  -29.585  17.426 0.3000000119
40055  -26.327  -28.846  17.276 0.3000000119
37527  -29.769  -31.936  15.755 0.3000000119
36623  -29.770  -32.616  16.058 0.3000000119
40961  -25.053  -28.161  17.190 0.3000000119
40054  -25.476  -28.840  17.390 0.3000000119
36632  -29.943  -32.487  15.131 0.3000000119
37535  -29.600  -31.354  14.154 0.3000000119
37544  -29.273  -31.607  13.395 0.3000000119
38323  -28.620  -31.063  12.684 0.3000000119
37488  -27.464  -31.664  18.339 0.3000000119
36612  -28.674  -32.214  17.770 0.3000000119
35695  -29.092  -32.894  17.769 0.3000000119
38274  -26.281  -30.846  17.643 0.3000000119
115322  -27.155  -30.752  17.595 0.3000000119
37510  -27.704  -31.331  17.745 0.3000000119
39143  -25.966  -30.306  17.483 0.3000000119
116425  -26.575  -29.648  17.371 0.3000000119
37521  -29.479  -31.836  16.462 0.3000000119
41817  -25.202  -26.726  16.343 0.3000000119
40056  -27.203  -29.017  17.016 0.3000000119
40962  -25.975  -28.104  17.100 0.3000000119
40072  -26.836  -28.249  16.766 0.3000000119
101004  -29.813  -31.506  15.043 0.3000000119
38313  -29.250  -30.797  13.651 0.3000000119
37511  -28.519  -31.526  17.399 0.3000000119
36613  -29.131  -32.092  17.242 0.3000000119
38275  -28.019  -30.759  17.293 0.3000000119
38288  -28.732  -30.837  16.824 0.3000000119
39144  -27.483  -29.939  17.237 0.3000000119
39145  -28.390  -30.089  16.794 0.3000000119
38289  -29.317  -30.891  16.287 0.3000000119
40973  -25.583  -27.443  16.679 0.3000000119
38297  -29.539  -30.709  15.484 0.3000000119
40974  -26.456  -27.521  16.499 0.3000000119
40073  -27.602  -28.526  16.353 0.3000000119
39160  -28.016  -29.306  16.615 0.3000000119
38303  -29.539  -30.677  14.574 0.3000000119
39181  -29.144  -30.013  14.029 0.3000000119
38312  -28.532  -30.209  12.981 0.3000000119
38321  -27.818  -29.371  11.323 0.3000000119
39197  -27.761  -29.537  12.126 0.3000000119
41818  -26.072  -26.805  16.226 0.3000000119
114533  -28.940  -30.285  16.384 0.3000000119
39162  -29.207  -30.113  15.823 0.3000000119
40986  -26.783  -27.042  15.860 0.3000000119
40975  -27.202  -27.755  16.124 0.3000000119
40074  -28.320  -28.891  15.863 0.3000000119
39161  -28.712  -29.647  16.171 0.3000000119
39174  -29.318  -29.984  14.994 0.3000000119
39180  -28.682  -29.338  14.484 0.3000000119
39188  -28.223  -29.404  13.351 0.3000000119
115756  -27.592  -28.864  12.661 0.3000000119
39196  -27.624  -28.790  11.995 0.3000000119
41831  -25.667  -26.147  15.834 0.3000000119
41832  -26.418  -26.350  15.559 0.3000000119
40085  -27.752  -28.163  15.541 0.3000000119
39173  -28.822  -29.437  15.412 0.3000000119
40096  -27.663  -27.867  14.542 0.3000000119
40086  -28.315  -28.638  14.992 0.3000000119
40106  -27.441  -27.712  13.401 0.3000000119
40097  -27.802  -28.528  13.713 0.3000000119
39187  -27.498  -28.270  12.610 0.3000000119
39214  -27.989  -28.722  11.469 0.3000000119
40114  -27.692  -28.132  12.003 0.3000000119
40129  -28.684  -28.863  11.267 0.3000000119
42758  -26.141  -25.560  15.296 0.3000000119
41833  -26.988  -26.695  15.066 0.3000000119
40996  -27.337  -27.165  14.302 0.3000000119
40115  -28.368  -28.124  11.794 0.3000000119
40116  -29.257  -28.550  11.741 0.3000000119
20317  -16.164  -52.788  24.924 0.3000000119
109101  -15.262  -50.726  21.781 0.4000000060
21161  -16.900  -51.413  21.071 0.4000000060
21947  -13.525  -50.732  23.677 0.4000000060
22792  -14.454  -49.233  23.561 0.4000000060
21949  -14.923  -50.080  24.035 0.4000000060
114498  -25.265  -38.053  23.972 0.3000000119
35621  -24.803  -33.825  22.256 0.3000000119
33749  -27.173  -35.857  22.109 0.3000000119
37484  -23.558  -31.326  18.243 0.3000000119
39139  -22.622  -30.261  17.302 0.3000000119
39159  -23.098  -29.117  16.994 0.3000000119
20316  -15.137  -52.430  24.551 0.4000000060
20315  -13.790  -52.006  24.405 0.4000000060
21147  -13.163  -51.729  22.991 0.4000000060
110474  -14.413  -50.988  22.285 0.4000000060
102712  -17.688  -52.426  26.081 0.3000000119
104388  -15.458  -50.899  24.469 0.4000000060
36562  -26.529  -32.930  21.023 0.3000000119
37464  -23.804  -31.549  18.975 0.3000000119
34760  -29.573  -34.256  16.551 0.3000000119
36579  -26.315  -32.412  20.470 0.3000000119
40070  -23.378  -28.368  16.850 0.3000000119
37486  -25.798  -31.449  18.353 0.3000000119
102662  -29.476  -32.719  16.903 0.3000000119
105878  -26.842  -31.201  17.911 0.3000000119
119475  -29.619  -31.348  15.859 0.3000000119
40972  -24.676  -27.463  16.703 0.3000000119
118523  -26.678  -30.319  17.498 0.3000000119
37520  -29.091  -31.427  16.867 0.3000000119
40987  -27.327  -27.397  15.298 0.3000000119
41004  -27.463  -26.949  13.390 0.3000000119
19521  -15.458  -53.328  24.714 0.4000000060
22898  -27.176  -49.483  16.314 0.4000000060
116660  -17.223  -60.650  23.657 0.3000000119
14663  -17.218  -59.761  23.143 0.3000000119
14654  -18.234  -59.598  24.864 0.3000000119
21089  -18.041  -51.782  26.574 0.3000000119
102282  -17.534  -50.902  25.463 0.3000000119
21107  -18.099  -51.007  26.123 0.3000000119
20344  -13.850  -52.432  22.512 0.3000000119
21130  -12.899  -51.786  23.522 0.3000000119
21148  -14.125  -51.635  22.417 0.3000000119
21114  -13.065  -51.547  23.798 0.3000000119
20359  -14.981  -52.386  22.002 0.3000000119
100473  -13.105  -52.509  24.406 0.3000000119
20331  -12.644  -52.195  23.403 0.3000000119
13333  -17.015  -61.204  22.232 0.4000000060
13972  -23.335  -60.650  26.586 0.5000000000
13983  -17.625  -61.004  24.470 0.3000000119
14626  -22.897  -59.650  27.836 0.4000000060
15375  -25.343  -58.188  22.584 0.6000000238
20314  -12.865  -51.939  24.162 0.4000000060
21106  -17.616  -51.589  25.725 0.3000000119
21935  -17.823  -50.213  25.606 0.4000000060
21967  -13.564  -50.054  23.232 0.5000000000
22780  -17.684  -49.454  25.418 0.4000000060
22793  -15.495  -49.535  24.103 0.4000000060
22822  -14.001  -49.512  22.625 0.6000000238
22836  -16.398  -49.369  21.107 0.6000000238
23628  -15.482  -48.844  23.886 0.4000000060
23642  -15.540  -48.054  23.770 0.4000000060
24495  -14.328  -47.957  22.847 0.4000000060
25426  -17.106  -46.432  20.475 0.4000000060
26192  -17.214  -45.630  20.479 0.3000000119
29856  -26.260  -39.847  15.053 0.6000000238
30684  -21.327  -38.523  15.705 0.8000000119
30695  -27.833  -39.652  15.593 0.6000000238
30697  -29.507  -39.281  15.301 0.5000000000
34768  -28.605  -35.218  14.950 0.3000000119
34769  -29.664  -34.168  15.711 0.3000000119
37567  -29.972  -31.084  10.469 0.4000000060
102554  -25.421  -50.876  25.539 0.8000000119
103437  -16.812  -50.894  20.979 0.6000000238
104882  -18.932  -59.971  25.957 0.4000000060
105041  -16.363  -52.757  21.369 0.4000000060
105128  -15.966  -49.965  21.280 0.6000000238
108814  -13.624  -50.866  22.727 0.4000000060
111698  -23.440  -43.354  17.490 0.8000000119
112140  -22.630  -36.631  15.618 0.6999999881
112528  -20.228  -47.941  23.729 0.6999999881
114088  -12.489  -52.465  24.163 0.3000000119
115732  -19.419  -50.902  23.736 0.5000000000
117581  -20.239  -55.675  26.903 0.6000000238
117891  -27.346  -35.520  14.655 0.4000000060
118557  -16.573  -52.440  25.111 0.3000000119
