#!ascii label  , from subject sub-01 vox2ras=TkReg
354
10821  -21.756  -65.589  21.532 0.6999999881
10831  -21.919  -65.189  20.980 0.6000000238
10832  -23.178  -65.154  21.067 0.6000000238
11427  -24.172  -64.668  20.691 0.4000000060
11363  -20.693  -65.175  26.866 0.6999999881
11967  -21.684  -64.112  26.525 0.6999999881
11377  -21.480  -64.591  25.803 0.6000000238
10760  -20.736  -65.369  25.897 0.6999999881
108839  -21.952  -64.374  25.065 0.6000000238
10768  -21.198  -65.072  25.009 0.6000000238
10782  -20.566  -65.997  23.952 0.6000000238
11391  -21.598  -64.806  24.208 0.6000000238
11401  -21.932  -64.634  23.274 0.5000000000
11400  -21.276  -65.449  22.655 0.5000000000
11417  -21.669  -64.943  21.203 0.6000000238
10830  -21.655  -65.229  21.344 0.6000000238
11424  -21.751  -64.648  20.599 0.6000000238
11425  -21.973  -64.691  20.347 0.6000000238
11353  -21.215  -64.433  27.119 0.6000000238
12633  -22.871  -63.017  25.882 0.6000000238
11980  -22.218  -63.894  25.850 0.6000000238
11378  -22.650  -63.663  25.075 0.6000000238
11989  -23.055  -63.413  24.202 0.6000000238
11392  -22.386  -64.170  24.260 0.6000000238
12000  -22.691  -63.966  23.565 0.6000000238
12011  -22.570  -64.006  22.614 0.6000000238
11410  -21.715  -64.868  22.116 0.6000000238
11418  -22.001  -64.321  21.458 0.6999999881
12019  -21.727  -64.445  20.633 0.6000000238
12027  -21.533  -63.992  19.997 0.6000000238
11426  -22.958  -64.512  20.467 0.5000000000
12029  -23.542  -64.020  20.134 0.5000000000
11958  -21.691  -63.647  27.255 0.6000000238
11968  -22.269  -63.371  26.632 0.6000000238
12649  -23.121  -62.987  24.987 0.6000000238
12650  -23.405  -62.513  24.408 0.6000000238
12660  -23.385  -62.846  23.559 0.6000000238
103400  -23.549  -62.392  22.848 0.6000000238
12001  -23.050  -63.484  23.354 0.6000000238
12012  -23.129  -63.145  22.722 0.6000000238
109428  -22.598  -63.471  21.858 0.6999999881
12034  -21.723  -63.741  19.378 0.6000000238
11431  -21.707  -64.232  19.930 0.6000000238
12030  -24.550  -64.086  20.322 0.4000000060
12606  -22.267  -62.350  27.729 0.6000000238
11959  -22.170  -62.992  27.320 0.6000000238
12620  -23.117  -62.130  26.115 0.6000000238
101126  -23.676  -62.052  23.713 0.5000000000
13327  -23.919  -61.673  23.001 0.6000000238
12667  -23.086  -62.674  22.063 0.6999999881
12673  -21.922  -62.686  20.649 0.6000000238
12020  -21.804  -63.665  20.731 0.6000000238
12680  -21.540  -63.249  19.462 0.6000000238
12035  -22.094  -63.438  18.847 0.6000000238
11432  -22.135  -64.132  19.577 0.6000000238
12037  -24.243  -63.482  19.690 0.4000000060
12036  -22.918  -63.633  19.299 0.5000000000
109296  -21.895  -62.259  28.290 0.5000000000
13307  -23.107  -61.540  26.723 0.6000000238
12619  -22.707  -62.469  26.874 0.6000000238
12634  -23.294  -62.250  25.291 0.5000000000
13321  -23.595  -61.512  24.576 0.5000000000
13996  -23.928  -61.198  22.467 0.6000000238
14004  -23.541  -60.913  21.622 0.6999999881
13341  -22.911  -61.540  21.305 0.6999999881
12674  -22.667  -62.215  21.380 0.6999999881
13346  -21.855  -61.262  19.974 0.6000000238
119043  -22.456  -62.943  21.369 0.6999999881
12681  -21.546  -62.344  19.827 0.6000000238
12028  -21.492  -63.239  20.048 0.6000000238
117885  -21.810  -62.958  18.653 0.6000000238
12046  -23.143  -63.081  18.740 0.5000000000
12047  -24.445  -62.699  18.740 0.4000000060
13306  -22.694  -61.667  27.538 0.6000000238
13313  -23.394  -61.281  25.723 0.5000000000
99245  -23.659  -60.678  24.998 0.6000000238
110721  -23.965  -60.606  24.119 0.5000000000
13992  -24.360  -60.196  23.283 0.5000000000
13991  -24.132  -60.955  23.184 0.6000000238
13997  -24.189  -60.540  22.445 0.5000000000
104054  -23.163  -60.179  20.827 0.5000000000
102262  -22.818  -58.971  20.179 0.5000000000
14010  -22.630  -60.988  20.705 0.6000000238
14683  -22.738  -59.562  20.278 0.4000000060
14682  -22.302  -59.225  19.518 0.4000000060
14013  -21.782  -60.788  19.323 0.5000000000
14012  -21.919  -60.510  18.885 0.5000000000
13349  -21.807  -61.400  18.841 0.6000000238
14018  -22.122  -60.682  18.665 0.5000000000
12689  -21.953  -62.223  18.588 0.6000000238
12691  -24.414  -62.209  18.442 0.5000000000
13357  -22.188  -61.435  18.550 0.6000000238
13358  -22.638  -61.923  18.417 0.6000000238
12690  -23.479  -62.353  18.449 0.6000000238
13294  -23.020  -60.897  27.417 0.5000000000
13978  -23.578  -60.240  25.741 0.5000000000
114300  -24.264  -59.746  24.050 0.4000000060
14671  -24.513  -59.758  22.486 0.4000000060
14677  -23.989  -60.004  21.634 0.5000000000
15389  -22.230  -58.543  19.160 0.4000000060
15387  -22.594  -58.441  19.677 0.4000000060
101964  -22.136  -59.101  18.995 0.5000000000
14686  -21.977  -59.922  19.150 0.5000000000
14693  -22.160  -59.860  18.833 0.5000000000
101134  -22.592  -60.053  18.505 0.5000000000
13359  -24.059  -61.715  18.440 0.5000000000
102015  -22.767  -61.000  18.427 0.6000000238
117648  -23.299  -61.619  18.393 0.5000000000
99757  -24.520  -59.221  21.698 0.4000000060
15383  -24.360  -58.531  21.099 0.5000000000
15382  -23.406  -58.428  20.405 0.5000000000
16155  -23.015  -57.786  19.908 0.5000000000
15395  -22.279  -58.305  18.914 0.4000000060
98883  -22.510  -59.020  18.595 0.5000000000
101924  -23.603  -61.009  18.522 0.5000000000
14021  -24.633  -60.915  18.910 0.3000000119
15404  -23.528  -57.817  17.980 0.5000000000
14019  -23.202  -60.363  18.420 0.5000000000
17003  -23.021  -56.888  19.757 0.4000000060
17019  -22.513  -56.533  18.768 0.4000000060
16164  -22.411  -57.666  19.174 0.4000000060
16173  -22.618  -57.142  18.587 0.4000000060
111956  -22.748  -57.941  18.413 0.5000000000
99812  -24.703  -60.170  19.000 0.4000000060
15396  -23.398  -58.536  18.166 0.5000000000
14020  -23.910  -60.274  18.590 0.5000000000
14694  -23.367  -59.515  18.346 0.5000000000
16179  -23.216  -57.230  18.087 0.4000000060
15398  -25.501  -58.648  18.482 0.4000000060
14695  -24.316  -59.560  18.534 0.5000000000
15405  -24.216  -58.050  17.848 0.5000000000
17020  -22.913  -56.529  18.345 0.4000000060
113965  -24.794  -58.944  18.402 0.4000000060
17027  -23.731  -56.608  17.892 0.5000000000
15406  -24.919  -58.285  17.977 0.5000000000
17926  -23.316  -55.787  18.200 0.4000000060
15407  -25.801  -57.894  17.908 0.3000000119
16181  -25.106  -57.464  17.604 0.5000000000
17028  -24.663  -56.682  17.594 0.4000000060
16180  -24.092  -57.330  17.742 0.5000000000
18795  -23.957  -54.459  18.329 0.4000000060
16182  -26.163  -57.216  17.490 0.3000000119
16183  -27.033  -57.085  17.501 0.3000000119
17927  -24.346  -55.317  18.062 0.4000000060
17029  -25.596  -56.650  17.517 0.4000000060
17938  -24.237  -56.072  17.779 0.4000000060
117799  -26.545  -56.531  17.618 0.3000000119
17941  -27.948  -56.122  18.057 0.4000000060
107658  -27.706  -57.037  17.481 0.4000000060
17940  -25.839  -56.050  17.720 0.5000000000
17928  -25.496  -55.388  18.093 0.5000000000
17939  -25.045  -56.010  17.660 0.5000000000
17929  -26.493  -55.567  18.171 0.4000000060
17930  -27.438  -55.392  18.410 0.4000000060
17031  -28.320  -56.813  17.586 0.3000000119
19603  -24.834  -53.784  18.678 0.5000000000
18796  -25.136  -54.653  18.443 0.5000000000
18798  -27.810  -54.563  18.660 0.4000000060
18799  -28.649  -54.560  18.559 0.3000000119
105481  -24.445  -52.814  18.741 0.5000000000
19605  -27.348  -53.731  18.760 0.4000000060
18797  -26.808  -54.581  18.671 0.4000000060
17931  -28.321  -55.321  18.482 0.4000000060
17932  -29.012  -55.211  18.492 0.3000000119
103199  -26.004  -54.868  18.509 0.5000000000
19606  -28.337  -53.627  18.510 0.4000000060
21187  -24.632  -51.938  18.691 0.5000000000
117401  -25.409  -52.372  18.801 0.5000000000
105257  -25.812  -53.148  18.918 0.5000000000
105712  -26.821  -52.983  18.792 0.5000000000
19604  -26.566  -53.712  18.836 0.5000000000
101473  -25.906  -54.122  18.776 0.5000000000
20395  -28.535  -52.551  17.778 0.4000000060
117727  -24.783  -51.435  18.517 0.5000000000
21188  -26.455  -51.634  18.410 0.5000000000
19615  -29.054  -53.295  18.001 0.3000000119
19607  -29.047  -53.957  18.345 0.3000000119
105642  -25.523  -51.631  18.558 0.5000000000
20386  -26.242  -52.324  18.732 0.5000000000
103002  -21.296  -65.253  23.481 0.6000000238
13334  -23.476  -61.821  22.094 0.6999999881
12045  -22.407  -62.785  18.525 0.6000000238
13340  -22.193  -61.813  20.654 0.6999999881
14009  -22.207  -60.235  19.918 0.5000000000
13345  -21.605  -62.519  18.963 0.6000000238
14676  -23.648  -59.303  20.851 0.5000000000
118420  -22.407  -57.598  18.830 0.4000000060
17010  -22.447  -56.745  19.121 0.4000000060
119973  -27.186  -56.101  17.946 0.4000000060
7726  -18.185  -70.425  24.508 0.5000000000
99863  -18.940  -70.780  22.846 0.5000000000
7739  -18.563  -70.581  23.597 0.5000000000
105826  -20.187  -71.080  21.715 0.5000000000
7756  -19.238  -71.040  22.033 0.5000000000
102568  -19.225  -70.486  24.316 0.5000000000
7740  -19.499  -70.604  23.565 0.6000000238
109014  -19.875  -70.843  22.790 0.5000000000
7785  -21.174  -70.266  20.040 0.4000000060
7673  -19.125  -70.172  27.066 0.6999999881
7691  -19.527  -70.223  26.344 0.6999999881
7727  -20.088  -70.324  24.909 0.6999999881
7741  -20.417  -70.523  23.550 0.5000000000
7728  -20.695  -70.175  24.243 0.6999999881
104282  -21.257  -70.732  21.817 0.5000000000
7757  -20.849  -70.687  22.745 0.5000000000
7776  -22.044  -70.076  20.574 0.5000000000
7775  -21.573  -70.579  21.010 0.5000000000
101920  -18.472  -69.547  29.179 0.5000000000
8305  -19.120  -69.714  28.618 0.6999999881
8319  -20.344  -69.270  27.725 0.6999999881
8317  -18.677  -70.087  27.883 0.6999999881
8327  -20.112  -69.784  26.980 0.6999999881
7712  -19.785  -70.283  25.681 0.6000000238
8357  -21.615  -69.692  23.456 0.6999999881
8346  -21.241  -69.724  24.203 0.6000000238
8384  -22.089  -70.193  21.736 0.5000000000
7758  -21.591  -70.259  22.701 0.6000000238
7742  -21.161  -70.232  23.515 0.6000000238
8385  -22.616  -69.532  21.123 0.5000000000
9018  -23.407  -68.279  19.987 0.5000000000
8293  -19.252  -69.210  29.262 0.5000000000
8306  -19.924  -69.193  28.600 0.6999999881
8328  -20.700  -69.403  26.354 0.6999999881
8329  -21.145  -68.768  26.122 0.6999999881
108113  -20.911  -68.851  26.729 0.6999999881
8345  -20.862  -69.770  24.930 0.8000000119
102110  -21.305  -69.237  24.860 0.6999999881
8971  -21.880  -68.826  23.414 0.6999999881
8372  -22.419  -69.362  22.033 0.6999999881
8371  -22.059  -69.585  22.693 0.6000000238
9017  -23.015  -68.855  20.552 0.6000000238
8898  -19.029  -68.132  30.207 0.5000000000
8910  -19.778  -67.937  29.662 0.6000000238
8909  -19.334  -68.597  29.673 0.5000000000
8920  -20.237  -68.334  28.866 0.6000000238
8929  -20.432  -68.683  28.180 0.6000000238
100390  -20.724  -68.550  27.387 0.6999999881
8945  -21.224  -68.091  25.861 0.6999999881
8936  -21.037  -68.235  26.606 0.6000000238
8946  -21.320  -68.685  25.401 0.6999999881
9549  -21.298  -67.991  25.096 0.6999999881
8957  -21.557  -69.170  24.138 0.6999999881
8988  -22.773  -68.494  21.903 0.6999999881
9005  -23.304  -67.986  21.302 0.6999999881
9500  -20.264  -67.434  29.032 0.6000000238
9509  -20.543  -67.768  28.115 0.6000000238
9519  -20.728  -67.597  27.118 0.6000000238
9564  -21.339  -67.916  24.322 0.8000000119
9578  -20.889  -67.277  23.751 0.5000000000
109643  -20.546  -66.753  25.437 0.6000000238
115677  -21.578  -68.535  24.046 0.6999999881
9579  -21.499  -67.852  23.622 0.6999999881
9610  -22.606  -67.259  22.235 0.6999999881
9595  -22.090  -67.538  22.661 0.6999999881
9624  -23.764  -67.538  20.718 0.5000000000
10232  -24.467  -66.409  20.723 0.5000000000
9485  -19.204  -67.183  30.294 0.5000000000
9499  -19.815  -66.945  29.638 0.5000000000
10130  -20.157  -66.100  28.643 0.6000000238
113506  -20.175  -66.680  29.060 0.6000000238
110109  -20.330  -66.790  28.376 0.6000000238
109380  -20.389  -66.799  27.474 0.6000000238
10162  -20.292  -65.967  26.711 0.6000000238
119036  -20.426  -66.805  26.721 0.6000000238
10206  -20.677  -66.341  22.926 0.6000000238
10185  -20.584  -66.634  23.683 0.5000000000
102730  -20.397  -66.048  25.605 0.5000000000
101417  -21.229  -66.998  22.725 0.6000000238
10194  -20.866  -67.016  23.041 0.6000000238
10220  -22.272  -66.333  21.929 0.6000000238
10208  -21.553  -66.655  22.377 0.6000000238
10222  -23.837  -65.962  21.397 0.5000000000
10103  -19.470  -66.225  30.123 0.5000000000
10118  -19.906  -66.149  29.395 0.6000000238
10145  -20.220  -66.047  27.804 0.6000000238
10173  -20.511  -66.340  24.673 0.5000000000
10767  -20.642  -65.728  24.876 0.5000000000
10810  -20.859  -66.011  22.374 0.4000000060
10797  -20.727  -65.858  23.161 0.5000000000
10822  -22.757  -65.773  21.534 0.6000000238
10102  -18.848  -66.275  30.589 0.5000000000
10718  -19.760  -65.370  29.815 0.6000000238
10736  -20.289  -65.504  28.421 0.6000000238
10749  -20.445  -65.426  27.579 0.6000000238
11409  -21.500  -65.589  21.864 0.5000000000
10704  -19.121  -65.325  30.499 0.5000000000
10719  -20.196  -64.991  29.132 0.6000000238
11352  -20.759  -64.775  27.569 0.6000000238
11309  -18.278  -64.554  30.878 0.5000000000
116304  -19.486  -64.871  30.209 0.5000000000
11325  -20.319  -64.198  29.129 0.6000000238
11339  -20.530  -64.715  28.335 0.6000000238
11310  -19.139  -64.399  30.448 0.5000000000
114912  -19.901  -63.602  29.591 0.5000000000
103845  -20.681  -63.957  28.597 0.6000000238
11957  -21.145  -64.023  27.952 0.6000000238
11916  -18.529  -63.665  30.544 0.5000000000
11917  -19.293  -63.638  30.176 0.5000000000
11915  -17.558  -63.632  30.612 0.5000000000
11947  -21.692  -63.037  27.998 0.5000000000
12577  -19.403  -62.860  29.830 0.5000000000
11933  -20.395  -63.393  29.095 0.5000000000
11932  -17.293  -62.860  30.103 0.5000000000
12576  -18.536  -62.258  29.987 0.5000000000
118242  -19.950  -63.116  29.454 0.5000000000
11946  -21.024  -63.329  28.564 0.4000000060
12575  -17.715  -62.314  29.943 0.5000000000
103730  -20.026  -62.573  29.421 0.5000000000
12578  -20.631  -62.086  29.228 0.4000000060
12590  -21.301  -62.462  28.722 0.4000000060
109636  -19.298  -62.072  29.741 0.4000000060
13271  -20.671  -61.279  29.301 0.4000000060
110164  -21.698  -61.729  28.686 0.4000000060
10219  -21.286  -65.881  21.979 0.6000000238
10833  -24.487  -65.575  20.864 0.4000000060
12591  -22.248  -61.684  28.209 0.4000000060
13293  -22.589  -60.997  28.131 0.4000000060
8337  -20.495  -69.872  25.631 0.6999999881
8987  -22.275  -68.649  22.658 0.6999999881
9548  -20.979  -67.458  25.470 0.6000000238
9533  -20.774  -67.345  26.212 0.6000000238
9611  -23.321  -67.069  21.684 0.6999999881
9594  -21.753  -67.764  23.077 0.6999999881
10221  -23.322  -66.401  21.629 0.6000000238
10231  -23.934  -66.732  21.208 0.6000000238
7692  -20.184  -69.968  26.220 0.6999999881
8318  -19.627  -69.767  27.845 0.6999999881
8338  -21.058  -69.301  25.583 0.6999999881
8897  -18.167  -68.262  30.347 0.5000000000
8908  -18.568  -68.873  29.819 0.5000000000
8919  -19.762  -68.696  29.233 0.6000000238
9563  -20.779  -67.179  24.583 0.6000000238
10207  -20.915  -66.394  22.535 0.6000000238
10703  -18.314  -65.572  30.925 0.5000000000
10783  -20.961  -65.476  24.103 0.6000000238
11324  -19.778  -64.431  29.834 0.5000000000
11364  -21.151  -64.759  26.435 0.6999999881
12044  -21.670  -63.245  18.942 0.6000000238
12564  -18.046  -62.919  30.339 0.5000000000
12565  -18.729  -63.036  30.238 0.5000000000
12579  -21.161  -61.745  29.059 0.4000000060
13350  -21.618  -61.647  19.345 0.6000000238
14696  -25.264  -59.516  19.043 0.4000000060
15397  -24.126  -58.795  18.120 0.5000000000
16172  -22.404  -56.965  18.933 0.4000000060
17030  -27.434  -56.714  17.627 0.4000000060
100357  -23.850  -61.343  23.747 0.6000000238
101734  -20.024  -70.460  24.155 0.6000000238
102441  -21.451  -68.628  24.681 0.6999999881
109579  -20.622  -69.207  27.064 0.6999999881
113130  -20.687  -62.808  28.999 0.4000000060
116475  -20.100  -65.633  29.102 0.6000000238
117774  -20.419  -66.483  26.122 0.5000000000
119384  -20.577  -66.183  23.395 0.5000000000
