#!ascii label  , from subject sub-01 vox2ras=TkReg
1988
20387  -27.041  -52.223  18.495 0.5000000000
20394  -27.681  -52.061  17.964 0.5000000000
21197  -27.385  -51.429  17.438 0.4000000060
21205  -27.719  -51.124  16.683 0.5000000000
34802  -30.273  -34.560  11.301 0.5000000000
34809  -29.773  -33.747  11.005 0.4000000060
35753  -30.537  -33.245  10.753 0.4000000060
35752  -29.296  -32.993  10.755 0.5000000000
36676  -31.226  -32.558  10.621 0.5000000000
109088  -29.656  -31.728  10.560 0.5000000000
108811  -30.619  -31.751  10.619 0.4000000060
109448  -31.832  -31.611  10.627 0.4000000060
37567  -29.972  -31.084  10.469 0.5000000000
38342  -31.581  -30.624  10.674 0.4000000060
19605  -27.348  -53.731  18.760 0.5000000000
20388  -27.668  -52.840  18.492 0.4000000060
20395  -28.535  -52.551  17.778 0.5000000000
20403  -28.890  -52.080  16.751 0.5000000000
21206  -28.411  -51.467  16.260 0.5000000000
22044  -28.062  -50.749  16.021 0.5000000000
22051  -27.817  -50.000  16.004 0.5000000000
33860  -28.752  -35.621  11.908 0.5000000000
33861  -30.027  -35.713  11.991 0.5000000000
33872  -30.783  -35.343  11.542 0.5000000000
34810  -31.120  -34.069  10.884 0.5000000000
35754  -31.863  -33.488  10.652 0.6000000238
41007  -33.884  -27.584  14.039 0.3000000119
40109  -33.180  -28.342  13.413 0.3000000119
39200  -32.328  -29.389  11.782 0.4000000060
38334  -32.210  -30.135  10.830 0.3000000119
39219  -32.684  -29.742  11.228 0.4000000060
105712  -26.821  -52.983  18.792 0.5000000000
21198  -28.150  -51.731  17.167 0.5000000000
22043  -27.404  -50.401  16.478 0.5000000000
113396  -32.869  -27.677  14.117 0.3000000119
40118  -32.998  -28.888  12.420 0.3000000119
12002  -29.371  -63.574  23.928 0.3000000119
12003  -30.201  -63.142  23.424 0.3000000119
12013  -30.305  -63.321  22.728 0.4000000060
12014  -30.707  -63.144  22.160 0.4000000060
12021  -29.988  -63.770  22.108 0.4000000060
12022  -30.468  -63.487  21.495 0.4000000060
12023  -31.114  -63.007  21.386 0.4000000060
12682  -32.177  -62.382  20.584 0.4000000060
12683  -32.650  -62.184  20.281 0.4000000060
12661  -30.053  -62.848  24.215 0.3000000119
12662  -30.649  -62.455  23.676 0.3000000119
13329  -31.412  -61.317  23.357 0.4000000060
12668  -30.783  -62.757  22.906 0.4000000060
12663  -31.253  -62.071  23.158 0.4000000060
12669  -31.419  -62.383  22.217 0.4000000060
13342  -32.172  -61.628  21.828 0.4000000060
12675  -31.833  -62.338  21.239 0.4000000060
12676  -32.622  -61.727  20.904 0.4000000060
13348  -34.026  -61.074  19.903 0.4000000060
13347  -33.384  -61.175  20.484 0.4000000060
14657  -30.572  -59.892  24.640 0.3000000119
13986  -30.898  -60.419  24.113 0.3000000119
14666  -30.785  -58.978  23.519 0.3000000119
99537  -31.768  -60.930  22.863 0.4000000060
13998  -31.831  -60.210  22.504 0.4000000060
13335  -31.732  -61.537  22.628 0.4000000060
13336  -32.232  -60.996  22.241 0.4000000060
14005  -32.719  -60.280  21.352 0.4000000060
109839  -33.175  -60.526  20.810 0.4000000060
15393  -33.550  -59.228  19.749 0.4000000060
14685  -33.445  -59.905  20.340 0.4000000060
16176  -33.723  -57.696  18.722 0.4000000060
15402  -33.641  -58.458  19.195 0.4000000060
14691  -34.092  -60.010  19.746 0.4000000060
15354  -30.251  -59.045  24.997 0.3000000119
13980  -30.347  -60.398  25.215 0.3000000119
107016  -30.525  -59.123  24.249 0.3000000119
14672  -31.555  -59.215  22.420 0.3000000119
14679  -32.203  -59.513  21.643 0.3000000119
13999  -32.395  -60.458  21.846 0.4000000060
98906  -32.492  -59.048  20.893 0.4000000060
15392  -33.033  -58.418  19.798 0.4000000060
103527  -32.501  -58.384  20.447 0.4000000060
17013  -32.814  -56.921  19.224 0.4000000060
17022  -33.195  -56.542  18.672 0.4000000060
114133  -30.331  -58.693  24.519 0.3000000119
15360  -30.422  -58.341  24.019 0.3000000119
15367  -30.746  -58.142  23.126 0.3000000119
16142  -30.575  -57.184  23.070 0.3000000119
15376  -31.241  -58.400  22.431 0.4000000060
14678  -31.677  -58.689  21.904 0.4000000060
16157  -31.642  -57.376  21.131 0.4000000060
17917  -31.577  -55.106  19.802 0.3000000119
17012  -32.179  -56.464  19.773 0.4000000060
16158  -32.089  -57.741  20.625 0.4000000060
17918  -32.127  -55.509  19.331 0.3000000119
16165  -32.510  -57.522  19.930 0.4000000060
17021  -32.666  -56.139  19.000 0.4000000060
113294  -28.561  -55.665  26.339 0.3000000119
16953  -28.983  -56.107  25.766 0.3000000119
18710  -28.605  -54.309  25.792 0.3000000119
16128  -29.730  -57.617  25.050 0.3000000119
16954  -29.399  -56.917  25.382 0.3000000119
16976  -29.722  -56.878  24.601 0.3000000119
16971  -30.106  -56.780  23.768 0.3000000119
17870  -30.009  -55.699  23.603 0.3000000119
16977  -30.434  -56.306  23.026 0.3000000119
16994  -30.985  -56.170  21.806 0.3000000119
16983  -30.792  -56.714  22.429 0.3000000119
17897  -30.918  -55.406  21.397 0.3000000119
16984  -31.196  -57.058  21.807 0.3000000119
17005  -31.597  -56.313  20.561 0.3000000119
16995  -31.380  -56.622  21.219 0.4000000060
18783  -31.557  -54.340  19.483 0.3000000119
18784  -32.210  -54.692  18.868 0.4000000060
105871  -32.538  -54.045  18.451 0.4000000060
18802  -32.932  -54.689  18.301 0.4000000060
112950  -28.894  -54.815  25.438 0.3000000119
17841  -29.171  -55.291  25.160 0.3000000119
18711  -29.148  -54.482  25.021 0.3000000119
113751  -29.728  -56.186  24.233 0.3000000119
18735  -29.831  -54.921  23.856 0.3000000119
18747  -30.448  -54.744  22.536 0.3000000119
17871  -30.448  -55.486  22.858 0.3000000119
103095  -30.448  -53.969  21.251 0.3000000119
18762  -30.606  -54.705  21.734 0.3000000119
17883  -30.690  -55.420  22.143 0.3000000119
19581  -30.424  -53.229  20.628 0.3000000119
18772  -31.124  -54.578  20.236 0.3000000119
19582  -30.948  -53.796  20.018 0.3000000119
19595  -31.342  -53.410  19.424 0.3000000119
18801  -31.927  -53.784  18.853 0.3000000119
19608  -31.706  -52.911  18.898 0.3000000119
19610  -33.183  -53.809  17.935 0.4000000060
19506  -28.479  -53.300  26.046 0.3000000119
20304  -28.499  -52.367  26.431 0.3000000119
18730  -29.544  -54.611  24.364 0.3000000119
19524  -29.456  -53.813  24.497 0.3000000119
119539  -29.119  -50.974  27.099 0.3000000119
21097  -29.358  -50.886  26.518 0.3000000119
19537  -29.819  -54.118  23.712 0.3000000119
115654  -29.560  -52.342  24.404 0.3000000119
21906  -30.369  -50.444  27.355 0.3000000119
20349  -29.778  -52.217  22.167 0.3000000119
19552  -29.915  -53.266  22.501 0.3000000119
19538  -30.129  -54.073  22.915 0.3000000119
19568  -30.050  -53.145  21.585 0.3000000119
107338  -30.272  -53.980  22.087 0.3000000119
20365  -30.001  -52.216  21.066 0.3000000119
19594  -30.789  -53.068  19.894 0.3000000119
117688  -31.535  -52.329  18.975 0.3000000119
19609  -32.460  -53.150  18.370 0.4000000060
19618  -33.091  -52.923  17.848 0.4000000060
19626  -34.512  -53.732  16.975 0.5000000000
20305  -28.903  -52.667  25.565 0.3000000119
21111  -29.013  -51.739  25.996 0.3000000119
99524  -29.340  -52.063  25.107 0.3000000119
101313  -29.541  -51.142  25.518 0.3000000119
20336  -29.717  -53.079  23.939 0.3000000119
21136  -29.699  -52.053  23.757 0.3000000119
21926  -31.193  -50.040  26.784 0.3000000119
21907  -31.194  -50.759  27.595 0.3000000119
21152  -29.706  -51.913  22.991 0.3000000119
20348  -29.741  -52.681  23.096 0.3000000119
21908  -32.088  -50.506  26.953 0.3000000119
21098  -32.768  -51.719  27.130 0.3000000119
22014  -30.681  -50.711  20.093 0.3000000119
21172  -30.296  -51.343  20.576 0.3000000119
21100  -34.177  -52.084  25.921 0.3000000119
21177  -30.751  -51.578  19.759 0.3000000119
116170  -31.047  -50.997  19.503 0.3000000119
21178  -31.388  -51.681  19.114 0.3000000119
20389  -31.993  -52.192  18.571 0.3000000119
21199  -33.027  -51.701  17.900 0.4000000060
20399  -34.063  -52.105  17.247 0.5000000000
21119  -29.708  -51.477  24.530 0.3000000119
21940  -29.928  -50.338  25.980 0.3000000119
109111  -29.874  -51.316  23.416 0.3000000119
118363  -29.852  -51.423  23.943 0.3000000119
21954  -30.050  -50.537  25.038 0.3000000119
21941  -30.508  -49.878  25.489 0.3000000119
21153  -29.866  -51.251  22.582 0.3000000119
21925  -30.511  -50.042  26.389 0.3000000119
116524  -29.971  -51.107  21.581 0.3000000119
21927  -33.072  -50.610  26.402 0.3000000119
119550  -33.610  -50.715  25.881 0.3000000119
21099  -33.610  -51.386  26.294 0.3000000119
21121  -34.387  -51.368  23.542 0.3000000119
20321  -34.856  -52.056  23.390 0.3000000119
22007  -30.977  -49.874  20.431 0.3000000119
22023  -31.546  -50.839  19.050 0.3000000119
21190  -31.875  -51.392  18.658 0.3000000119
21191  -32.476  -51.550  18.296 0.3000000119
21120  -30.126  -50.739  24.074 0.3000000119
112336  -30.494  -49.932  24.600 0.3000000119
99281  -30.159  -50.567  22.299 0.3000000119
21973  -30.256  -50.491  23.123 0.3000000119
21955  -30.508  -50.012  23.824 0.3000000119
22798  -30.850  -49.649  24.093 0.3000000119
22786  -31.528  -49.481  24.994 0.3000000119
22771  -31.204  -49.634  25.788 0.3000000119
100656  -30.438  -50.377  20.927 0.3000000119
21998  -30.432  -50.147  21.777 0.3000000119
21989  -30.509  -50.047  22.497 0.3000000119
22812  -31.258  -49.517  23.520 0.3000000119
103840  -31.833  -49.430  23.687 0.3000000119
22800  -32.121  -49.475  24.351 0.3000000119
22787  -32.263  -49.616  25.387 0.3000000119
22840  -30.893  -49.661  21.251 0.3000000119
21957  -33.763  -50.619  23.787 0.3000000119
22801  -33.009  -49.877  24.196 0.3000000119
21975  -34.251  -50.905  22.450 0.3000000119
21138  -34.859  -51.904  22.151 0.3000000119
21137  -34.716  -51.649  22.338 0.3000000119
22015  -31.872  -50.070  19.106 0.4000000060
22871  -32.618  -50.044  18.573 0.4000000060
20339  -37.419  -52.729  22.262 0.3000000119
21192  -33.033  -50.898  18.094 0.3000000119
21200  -33.610  -51.478  17.600 0.4000000060
109333  -38.379  -52.858  22.254 0.3000000119
21201  -34.422  -51.232  17.277 0.5000000000
21208  -34.863  -51.834  16.878 0.5000000000
22827  -30.929  -49.652  22.156 0.3000000119
22813  -31.945  -49.396  22.863 0.3000000119
22814  -32.693  -49.702  23.181 0.3000000119
21956  -33.528  -50.343  22.771 0.3000000119
22864  -31.626  -49.495  19.869 0.4000000060
21976  -34.625  -51.473  22.365 0.3000000119
21977  -35.239  -51.416  22.552 0.3000000119
22865  -32.474  -49.248  19.298 0.4000000060
116567  -33.119  -49.456  18.664 0.5000000000
21139  -35.467  -52.060  22.244 0.3000000119
112725  -37.611  -52.196  23.223 0.4000000060
111731  -33.473  -50.025  18.186 0.5000000000
22033  -33.931  -50.626  17.676 0.6000000238
116069  -38.271  -52.417  23.000 0.3000000119
22034  -34.905  -50.374  17.401 0.6000000238
21202  -35.365  -50.945  16.919 0.6000000238
22841  -31.547  -49.346  21.457 0.3000000119
22828  -32.461  -49.417  22.087 0.3000000119
114743  -33.335  -49.568  22.115 0.3000000119
22853  -31.547  -49.267  20.724 0.3000000119
118824  -32.875  -49.611  22.417 0.3000000119
113550  -33.929  -50.553  22.302 0.3000000119
102944  -34.182  -50.673  22.373 0.4000000060
22854  -32.215  -48.837  20.191 0.4000000060
21959  -36.254  -50.786  23.973 0.4000000060
23683  -33.033  -48.478  19.835 0.5000000000
21122  -36.441  -51.487  23.549 0.4000000060
21960  -37.200  -50.826  24.570 0.4000000060
21124  -38.959  -51.132  24.288 0.4000000060
22866  -33.451  -48.790  19.099 0.5000000000
22872  -33.962  -49.260  18.447 0.6000000238
21140  -36.783  -52.002  23.229 0.4000000060
21123  -37.721  -51.494  24.046 0.4000000060
21141  -38.561  -51.896  23.642 0.4000000060
21978  -39.812  -51.054  23.956 0.4000000060
22885  -34.428  -49.786  17.863 0.6000000238
20340  -39.047  -52.368  23.111 0.3000000119
21142  -39.465  -51.708  23.660 0.4000000060
22886  -35.596  -49.585  17.741 0.6000000238
22035  -36.076  -50.123  17.248 0.6000000238
22045  -36.524  -50.681  16.745 0.6999999881
22842  -32.259  -49.182  21.584 0.3000000119
22843  -32.966  -49.252  21.745 0.3000000119
22815  -33.912  -50.017  22.173 0.3000000119
23665  -32.342  -48.776  20.978 0.3000000119
23666  -33.115  -48.777  21.376 0.3000000119
115306  -36.231  -50.138  24.394 0.4000000060
23673  -32.884  -48.498  20.471 0.5000000000
21958  -35.352  -50.564  23.159 0.4000000060
102120  -33.407  -48.367  20.939 0.5000000000
21961  -38.198  -50.648  24.757 0.4000000060
23674  -33.758  -48.158  20.403 0.5000000000
23684  -34.101  -48.188  19.697 0.6000000238
21979  -40.492  -50.509  23.770 0.4000000060
22873  -35.089  -48.987  18.226 0.6000000238
103664  -40.318  -51.432  23.510 0.4000000060
21980  -41.255  -50.325  23.213 0.4000000060
22887  -37.032  -49.404  17.957 0.6999999881
22888  -37.705  -49.184  17.866 0.6999999881
22046  -37.778  -50.323  16.787 0.6999999881
23654  -33.819  -48.952  21.968 0.4000000060
22816  -35.238  -49.740  23.242 0.4000000060
22802  -35.879  -49.619  24.246 0.4000000060
107978  -34.028  -48.390  21.490 0.4000000060
23655  -34.732  -48.841  22.449 0.4000000060
23667  -35.045  -48.326  21.927 0.4000000060
21944  -36.871  -50.211  24.979 0.4000000060
21945  -37.634  -50.227  25.129 0.4000000060
22803  -38.534  -49.740  25.218 0.4000000060
104887  -38.977  -50.364  24.765 0.4000000060
22804  -39.424  -49.638  24.774 0.4000000060
24520  -35.108  -47.950  20.529 0.6000000238
21962  -39.690  -50.381  24.353 0.4000000060
22817  -40.826  -49.820  23.600 0.4000000060
23685  -35.598  -48.143  19.791 0.6000000238
23699  -35.972  -48.473  18.983 0.6999999881
23686  -36.782  -48.112  19.839 0.6999999881
101911  -41.758  -50.167  22.610 0.4000000060
23700  -37.102  -48.427  19.047 0.6999999881
22047  -38.254  -50.174  16.538 0.6999999881
23635  -35.806  -48.808  24.521 0.4000000060
23675  -34.724  -48.047  21.156 0.4000000060
23646  -35.550  -48.839  23.569 0.4000000060
22788  -36.494  -49.454  25.129 0.4000000060
23668  -35.607  -47.979  22.371 0.5000000000
22789  -37.506  -49.452  25.433 0.4000000060
24521  -36.066  -47.897  21.200 0.6999999881
22790  -39.114  -48.874  25.185 0.4000000060
24531  -36.391  -47.972  20.606 0.6999999881
23637  -39.785  -48.885  24.626 0.4000000060
114400  -41.350  -49.503  23.014 0.4000000060
119141  -40.324  -48.891  24.166 0.4000000060
23687  -37.069  -48.112  19.396 0.6999999881
22830  -41.833  -49.423  22.132 0.4000000060
22875  -37.394  -48.838  18.443 0.6999999881
22889  -37.833  -49.071  17.532 0.6999999881
119262  -41.996  -49.146  21.585 0.4000000060
23677  -42.382  -48.803  20.286 0.4000000060
24490  -35.487  -48.140  23.358 0.4000000060
23656  -35.482  -48.442  22.981 0.4000000060
117023  -36.049  -48.989  24.992 0.4000000060
24513  -35.851  -47.772  21.614 0.6999999881
24501  -35.609  -47.855  22.439 0.5000000000
118093  -37.009  -48.825  25.579 0.4000000060
25400  -35.696  -47.526  21.691 0.6999999881
23623  -37.815  -48.432  25.617 0.4000000060
23636  -39.446  -48.163  24.857 0.4000000060
24522  -36.158  -47.910  20.925 0.6999999881
23624  -38.679  -48.066  25.371 0.4000000060
24479  -39.153  -47.527  24.988 0.4000000060
25440  -36.629  -47.877  20.155 0.6999999881
24480  -40.080  -48.281  24.272 0.4000000060
23657  -40.956  -48.228  22.980 0.4000000060
23658  -41.390  -48.765  22.522 0.4000000060
24503  -41.226  -47.984  22.194 0.4000000060
23701  -37.294  -48.423  18.704 0.6999999881
102955  -41.694  -48.612  21.643 0.4000000060
23713  -37.512  -48.351  18.154 0.6999999881
23669  -42.178  -48.975  21.099 0.4000000060
23688  -42.576  -48.543  19.371 0.4000000060
24477  -35.473  -47.975  24.392 0.4000000060
23621  -35.969  -48.410  25.185 0.4000000060
23622  -36.435  -48.583  25.387 0.4000000060
24500  -35.217  -47.570  23.155 0.6000000238
24466  -36.235  -47.738  25.542 0.5000000000
23736  -28.490  -48.741  15.247 0.4000000060
22908  -28.692  -49.356  15.210 0.5000000000
100637  -37.867  -47.605  25.618 0.4000000060
25415  -36.005  -47.353  21.146 0.6000000238
24478  -38.577  -47.189  25.283 0.4000000060
25430  -36.325  -47.253  20.595 0.6000000238
24491  -39.733  -47.458  24.332 0.4000000060
24492  -40.406  -47.828  23.607 0.4000000060
25439  -36.484  -46.972  19.878 0.6999999881
24502  -40.702  -47.476  22.759 0.4000000060
24515  -41.464  -47.715  21.354 0.4000000060
107553  -41.680  -47.436  20.517 0.4000000060
24523  -41.920  -47.263  19.717 0.4000000060
24532  -42.207  -47.257  18.963 0.4000000060
25349  -35.622  -47.078  25.414 0.5000000000
25366  -35.127  -47.203  24.879 0.5000000000
25350  -36.338  -46.812  25.698 0.5000000000
24576  -27.743  -47.492  15.495 0.3000000119
23735  -27.877  -48.343  15.577 0.4000000060
24577  -28.748  -47.938  15.006 0.5000000000
25414  -35.336  -46.670  21.470 0.6000000238
25383  -34.579  -46.959  23.539 0.6000000238
99960  -37.082  -47.224  25.758 0.4000000060
25429  -35.703  -46.562  20.714 0.6000000238
25352  -37.844  -46.800  25.509 0.5000000000
26207  -34.944  -45.898  19.933 0.6999999881
111432  -35.911  -46.515  20.140 0.6000000238
25368  -39.144  -46.858  24.727 0.4000000060
111915  -35.565  -46.242  19.359 0.8000000119
25384  -39.575  -46.681  24.061 0.4000000060
25385  -40.162  -47.001  23.459 0.4000000060
24514  -40.946  -47.189  21.895 0.4000000060
25417  -41.153  -46.919  21.040 0.4000000060
25432  -41.374  -46.532  20.167 0.4000000060
25441  -41.698  -46.575  19.219 0.4000000060
25456  -42.042  -46.667  18.381 0.4000000060
25382  -33.801  -46.241  23.818 0.6000000238
25365  -34.460  -46.585  24.523 0.6000000238
25348  -35.055  -46.407  25.289 0.5000000000
114339  -35.781  -46.401  25.589 0.5000000000
25487  -28.390  -46.956  14.944 0.4000000060
26197  -34.871  -46.085  20.724 0.6000000238
25398  -34.135  -46.447  22.955 0.6000000238
25351  -37.108  -46.416  25.613 0.5000000000
110648  -29.453  -47.239  14.404 0.5000000000
26196  -34.041  -45.581  20.400 0.6999999881
24582  -29.853  -48.030  14.450 0.5000000000
26206  -33.828  -45.514  19.574 0.6999999881
26216  -34.499  -45.781  18.973 0.6999999881
26144  -37.777  -46.048  25.280 0.5000000000
102704  -30.321  -47.219  14.134 0.6999999881
25452  -34.031  -46.158  18.187 0.6999999881
26154  -38.293  -45.665  24.696 0.5000000000
26240  -30.697  -46.598  14.626 0.6999999881
102346  -30.429  -47.384  14.327 0.6999999881
25467  -34.743  -46.496  17.726 0.6999999881
115471  -39.066  -46.038  24.256 0.4000000060
117917  -34.095  -46.564  17.680 0.6999999881
25401  -39.713  -46.137  23.278 0.4000000060
25402  -40.412  -46.661  22.510 0.4000000060
25416  -40.616  -46.413  21.553 0.4000000060
25431  -40.843  -46.234  20.813 0.4000000060
26200  -41.176  -45.838  19.500 0.4000000060
26218  -41.441  -45.877  18.523 0.4000000060
26140  -34.470  -45.922  25.110 0.6000000238
114528  -34.910  -45.690  25.374 0.6000000238
108976  -28.971  -46.540  14.430 0.4000000060
26184  -33.444  -45.766  22.060 0.6999999881
119955  -33.774  -46.112  22.524 0.6000000238
101336  -35.167  -45.151  25.445 0.5000000000
26195  -32.926  -45.290  20.249 0.6999999881
101450  -33.250  -45.450  21.121 0.6999999881
26185  -34.228  -45.942  21.272 0.6999999881
26141  -35.563  -45.716  25.537 0.5000000000
26142  -36.427  -45.851  25.574 0.5000000000
25494  -30.611  -46.459  13.804 0.6999999881
26153  -37.583  -45.365  25.002 0.5000000000
25495  -30.820  -46.662  13.967 0.6999999881
26214  -32.332  -45.730  18.864 0.6999999881
26215  -33.464  -45.693  18.862 0.6999999881
26164  -38.655  -45.265  23.989 0.4000000060
25451  -32.833  -46.225  18.380 0.6999999881
26213  -31.156  -45.517  18.609 0.6000000238
25450  -31.548  -46.174  18.339 0.6000000238
25465  -31.953  -46.838  18.005 0.6999999881
26165  -39.178  -45.524  23.518 0.4000000060
26176  -39.470  -45.337  22.712 0.4000000060
26938  -30.886  -45.661  14.729 0.6999999881
26177  -40.043  -45.872  22.115 0.4000000060
25449  -30.525  -45.794  17.787 0.6000000238
26186  -39.728  -45.086  21.774 0.4000000060
26187  -40.317  -45.573  21.110 0.4000000060
26199  -40.789  -45.714  20.269 0.4000000060
26228  -41.438  -45.593  17.506 0.4000000060
108651  -34.447  -45.142  25.291 0.6000000238
26239  -28.154  -45.995  14.902 0.6000000238
26246  -29.085  -45.879  14.218 0.6000000238
26877  -32.008  -44.779  21.842 0.6000000238
26183  -32.619  -45.238  21.895 0.6999999881
26174  -32.717  -45.174  23.337 0.6999999881
26163  -33.173  -45.526  23.930 0.6000000238
105624  -32.341  -45.023  21.129 0.6000000238
25493  -29.838  -46.630  13.888 0.6999999881
26895  -32.134  -45.147  19.861 0.6000000238
26833  -36.854  -45.133  25.286 0.5000000000
25500  -31.114  -46.065  13.782 0.6999999881
26253  -30.695  -45.868  13.626 0.6999999881
26204  -31.735  -45.297  19.270 0.6000000238
26846  -37.330  -44.679  24.742 0.4000000060
26248  -31.246  -46.052  13.924 0.6999999881
25496  -31.188  -46.073  13.800 0.6999999881
26939  -31.811  -45.282  13.935 0.6999999881
26859  -38.336  -44.588  23.698 0.4000000060
26860  -38.900  -44.915  23.183 0.4000000060
26212  -30.372  -45.000  18.058 0.6000000238
26869  -39.178  -44.589  22.319 0.4000000060
26930  -30.413  -44.894  15.806 0.6999999881
111730  -30.132  -44.892  16.674 0.6999999881
26226  -30.155  -45.345  17.187 0.6000000238
26198  -39.875  -44.835  21.065 0.4000000060
26889  -40.191  -44.938  20.303 0.4000000060
106881  -40.632  -45.295  19.695 0.4000000060
26904  -40.354  -44.592  18.566 0.4000000060
26217  -40.928  -45.122  18.114 0.4000000060
26914  -40.451  -44.522  17.723 0.3000000119
25364  -33.797  -45.678  24.651 0.6000000238
26245  -28.390  -45.157  14.603 0.5000000000
101375  -31.571  -44.507  21.323 0.6000000238
103360  -32.196  -44.800  22.656 0.6000000238
26162  -32.706  -44.969  23.993 0.6000000238
26152  -33.167  -44.974  24.519 0.6000000238
26139  -33.774  -44.874  25.002 0.6000000238
26937  -29.273  -45.090  14.025 0.6000000238
26886  -31.045  -44.276  20.643 0.6000000238
26887  -31.853  -44.846  20.502 0.6000000238
112781  -34.207  -44.448  25.181 0.5000000000
26831  -35.018  -44.403  25.308 0.4000000060
100273  -35.942  -44.916  25.436 0.5000000000
26247  -29.965  -45.921  13.680 0.6999999881
26832  -35.806  -44.039  25.117 0.4000000060
26845  -36.584  -44.391  25.008 0.4000000060
26947  -31.243  -45.426  13.579 0.8000000119
26894  -31.226  -44.706  19.766 0.6000000238
113871  -37.106  -44.004  24.430 0.4000000060
26858  -37.735  -44.307  24.115 0.4000000060
26249  -31.429  -45.642  13.844 0.6999999881
26902  -30.827  -44.901  18.915 0.6000000238
26901  -30.284  -44.309  18.467 0.6000000238
27542  -37.998  -43.947  23.410 0.4000000060
26931  -31.200  -44.777  14.792 0.6999999881
26878  -38.754  -43.808  21.997 0.4000000060
26879  -39.392  -44.373  21.483 0.4000000060
27604  -30.652  -44.166  15.655 0.6999999881
111904  -30.217  -44.132  16.497 0.6999999881
26912  -30.083  -44.359  17.454 0.6999999881
27562  -39.041  -43.750  21.080 0.4000000060
26888  -39.568  -44.304  20.671 0.4000000060
27571  -39.144  -43.685  20.252 0.4000000060
27576  -39.239  -43.551  19.435 0.3000000119
26896  -39.691  -44.228  19.846 0.4000000060
27580  -39.293  -43.387  18.606 0.4000000060
26913  -39.847  -43.883  18.060 0.3000000119
26876  -31.528  -44.270  22.196 0.6000000238
26856  -31.676  -44.091  23.081 0.6000000238
26857  -32.295  -44.535  23.559 0.6000000238
26842  -32.664  -44.266  24.314 0.6000000238
27527  -33.037  -43.652  24.582 0.5000000000
27612  -29.577  -44.149  13.810 0.6000000238
27560  -30.896  -43.789  21.587 0.6000000238
27550  -31.136  -43.557  22.541 0.6000000238
26844  -34.305  -43.823  25.064 0.5000000000
26946  -30.206  -45.197  13.574 0.6999999881
28233  -35.254  -42.922  24.498 0.5000000000
27528  -35.079  -43.599  24.972 0.4000000060
27529  -36.402  -43.671  24.602 0.4000000060
27623  -31.524  -44.608  13.439 0.6999999881
110735  -30.544  -44.362  19.232 0.6000000238
26893  -30.525  -44.038  19.906 0.6000000238
112476  -35.746  -43.418  24.696 0.5000000000
27541  -36.925  -43.372  23.963 0.5000000000
26948  -31.897  -45.048  13.731 0.8000000119
28249  -36.748  -42.739  23.370 0.4000000060
113253  -37.477  -43.769  23.837 0.4000000060
26940  -32.311  -44.554  13.847 0.8000000119
27574  -30.193  -43.639  19.045 0.6000000238
108265  -37.545  -43.258  23.151 0.4000000060
27613  -32.247  -44.496  14.157 0.6999999881
113351  -30.089  -43.622  18.089 0.6999999881
29805  -36.897  -40.741  20.130 0.5000000000
28959  -36.639  -41.049  20.827 0.5000000000
28950  -37.004  -41.679  21.162 0.5000000000
28259  -37.197  -42.533  22.532 0.4000000060
27551  -38.048  -43.008  22.093 0.4000000060
27605  -31.424  -43.903  15.050 0.6999999881
27587  -30.159  -43.334  17.200 0.6999999881
102912  -36.478  -40.339  20.680 0.5000000000
28960  -37.180  -41.474  20.336 0.5000000000
28275  -37.560  -42.146  20.688 0.4000000060
28268  -38.086  -42.726  21.108 0.4000000060
103003  -38.590  -43.200  20.640 0.4000000060
30665  -37.674  -39.672  19.075 0.4000000060
28966  -37.405  -41.176  19.499 0.4000000060
28967  -37.866  -41.807  19.107 0.4000000060
27575  -38.743  -42.908  19.031 0.4000000060
27570  -38.659  -43.079  19.837 0.4000000060
30671  -38.100  -39.982  18.496 0.4000000060
29819  -37.688  -40.559  18.953 0.4000000060
108761  -38.308  -42.291  18.704 0.4000000060
27540  -32.073  -43.780  23.817 0.6000000238
99101  -29.648  -43.094  13.860 0.5000000000
27559  -30.352  -43.024  21.417 0.6000000238
27549  -30.646  -43.126  22.113 0.6000000238
28257  -30.955  -42.671  22.763 0.6000000238
28245  -32.177  -42.843  24.024 0.5000000000
28231  -32.980  -42.988  24.480 0.5000000000
27622  -30.605  -44.621  13.454 0.6999999881
107888  -30.156  -42.790  20.597 0.6000000238
27569  -30.481  -43.555  20.687 0.6000000238
28246  -33.017  -42.143  24.153 0.5000000000
28247  -34.560  -42.405  24.248 0.5000000000
28338  -30.541  -43.782  13.457 0.6000000238
102072  -30.178  -43.250  19.902 0.6000000238
28248  -35.428  -42.333  23.852 0.5000000000
27624  -32.156  -44.334  13.590 0.8000000119
106479  -36.410  -41.239  21.620 0.5000000000
28929  -35.721  -41.813  23.189 0.5000000000
116176  -36.116  -42.368  23.481 0.5000000000
28234  -36.137  -42.902  24.136 0.5000000000
27579  -30.082  -42.973  18.418 0.6000000238
99787  -36.046  -39.877  21.132 0.5000000000
30632  -35.089  -39.534  22.073 0.5000000000
29788  -35.773  -40.796  22.065 0.5000000000
28942  -36.097  -41.470  22.420 0.5000000000
28258  -36.466  -42.117  22.846 0.5000000000
119997  -30.107  -43.113  17.870 0.6999999881
29796  -35.612  -40.079  21.764 0.5000000000
29797  -36.180  -40.574  21.342 0.5000000000
28266  -36.786  -41.871  22.022 0.5000000000
27606  -32.256  -43.523  14.565 0.8000000119
28306  -30.713  -42.478  16.763 0.6999999881
30646  -36.073  -39.127  20.928 0.5000000000
30655  -36.580  -39.129  20.319 0.4000000060
27592  -30.700  -43.302  16.012 0.6999999881
29813  -36.753  -39.923  20.129 0.4000000060
27539  -31.494  -43.267  23.335 0.5000000000
28326  -28.977  -42.562  14.599 0.5000000000
28256  -30.477  -42.439  22.019 0.6000000238
103256  -32.227  -41.951  23.750 0.5000000000
28927  -33.602  -41.352  23.656 0.5000000000
119259  -29.168  -41.883  14.736 0.5000000000
28327  -29.735  -42.238  14.087 0.5000000000
119780  -30.084  -42.553  19.908 0.6000000238
29770  -33.585  -40.596  23.301 0.5000000000
28941  -35.281  -41.140  22.804 0.5000000000
28928  -34.710  -41.663  23.587 0.5000000000
28281  -30.105  -42.755  19.213 0.6000000238
101407  -30.238  -41.885  19.441 0.6000000238
30631  -34.452  -39.497  22.449 0.5000000000
29786  -34.009  -40.040  22.925 0.5000000000
28940  -34.379  -40.820  23.178 0.5000000000
115168  -32.336  -43.512  13.457 0.6999999881
28287  -30.283  -42.171  18.554 0.6000000238
27625  -32.535  -43.835  13.713 0.6999999881
28296  -30.331  -42.492  17.707 0.6999999881
27615  -32.895  -43.311  13.653 0.6999999881
31410  -36.219  -38.404  20.578 0.4000000060
28307  -31.394  -42.476  15.907 0.6999999881
31423  -36.741  -38.425  19.931 0.5000000000
27614  -32.726  -43.779  13.932 0.6999999881
106593  -31.577  -43.142  15.347 0.8000000119
30664  -37.167  -39.233  19.649 0.4000000060
111729  -37.995  -39.124  18.556 0.5000000000
31448  -39.036  -37.949  16.366 0.4000000060
109858  -39.387  -37.621  15.840 0.5000000000
32171  -39.590  -37.101  15.625 0.5000000000
30700  -39.707  -39.239  15.437 0.5000000000
31459  -39.511  -38.292  15.683 0.5000000000
32172  -40.126  -37.244  14.960 0.5000000000
111086  -31.233  -41.948  23.039 0.6000000238
28925  -31.746  -41.627  23.348 0.5000000000
28274  -30.242  -42.236  21.217 0.6000000238
28938  -30.825  -41.817  22.522 0.6000000238
28939  -31.339  -41.289  22.914 0.6000000238
28926  -32.300  -41.365  23.499 0.5000000000
29010  -29.695  -41.440  14.525 0.5000000000
113802  -30.680  -42.743  13.495 0.5000000000
110707  -30.131  -42.021  20.362 0.6000000238
28958  -30.394  -41.415  20.926 0.6000000238
29782  -30.940  -41.002  22.324 0.6000000238
30630  -33.540  -39.209  22.586 0.5000000000
29769  -32.813  -40.831  23.424 0.5000000000
29785  -33.157  -40.032  23.063 0.5000000000
108958  -31.872  -42.826  13.288 0.6999999881
28965  -30.382  -41.251  20.051 0.6000000238
115510  -34.717  -39.168  22.140 0.5000000000
28340  -32.746  -42.783  13.257 0.6999999881
109626  -30.534  -41.112  19.349 0.6000000238
30644  -34.977  -38.867  21.841 0.5000000000
31394  -35.520  -38.389  21.275 0.6000000238
31393  -34.578  -38.046  21.732 0.4000000060
32122  -35.859  -37.623  20.734 0.5000000000
28987  -30.819  -41.859  17.251 0.6999999881
28978  -30.640  -41.612  17.921 0.6999999881
32123  -36.402  -37.792  20.193 0.5000000000
118552  -37.841  -36.626  17.657 0.4000000060
33823  -39.237  -35.646  16.565 0.4000000060
28988  -31.512  -41.690  16.534 0.6999999881
32165  -38.577  -37.241  16.778 0.4000000060
29002  -32.878  -41.935  14.981 0.6999999881
32166  -39.065  -37.108  16.167 0.4000000060
29012  -33.539  -42.382  14.004 0.6999999881
31472  -39.983  -38.558  14.842 0.5000000000
31473  -40.467  -38.816  13.726 0.5000000000
106609  -40.581  -37.383  14.189 0.5000000000
29783  -31.579  -40.534  22.745 0.5000000000
29768  -31.988  -40.940  23.239 0.5000000000
29794  -30.739  -40.781  21.516 0.6000000238
100226  -31.240  -40.194  22.073 0.5000000000
29784  -32.352  -40.231  23.026 0.5000000000
29857  -30.333  -40.919  14.290 0.6000000238
107563  -31.005  -41.313  13.633 0.6000000238
30629  -32.678  -39.479  22.695 0.5000000000
29023  -31.373  -42.001  13.375 0.6000000238
29811  -30.735  -40.538  19.723 0.5000000000
29803  -30.672  -40.620  20.590 0.5000000000
31372  -33.597  -38.158  22.094 0.5000000000
29024  -32.462  -42.080  13.060 0.6999999881
29818  -30.912  -40.612  18.920 0.6000000238
31373  -34.294  -38.792  22.178 0.5000000000
32107  -35.163  -37.489  21.267 0.5000000000
28979  -31.319  -41.212  17.391 0.6999999881
118587  -36.446  -36.265  19.510 0.5000000000
33809  -37.409  -35.438  18.147 0.4000000060
28329  -33.224  -42.694  13.321 0.6999999881
29835  -32.080  -40.868  16.805 0.6999999881
107468  -36.316  -36.934  20.111 0.5000000000
32893  -36.863  -36.858  19.241 0.5000000000
32901  -36.883  -36.070  18.736 0.4000000060
102272  -37.822  -35.994  17.518 0.4000000060
33822  -38.444  -35.835  17.067 0.4000000060
108998  -33.521  -42.362  13.402 0.6999999881
29001  -32.031  -41.947  15.693 0.6999999881
111319  -33.123  -41.112  15.393 0.6999999881
32926  -38.752  -36.452  16.566 0.4000000060
33833  -39.980  -35.802  15.926 0.4000000060
29013  -33.957  -41.859  13.382 0.6999999881
29003  -33.710  -41.404  14.378 0.6999999881
32927  -39.397  -36.433  16.039 0.4000000060
33834  -40.667  -35.922  15.196 0.4000000060
33841  -41.146  -36.060  14.332 0.4000000060
32203  -40.785  -38.055  13.203 0.5000000000
32964  -41.008  -36.935  13.560 0.5000000000
30628  -31.905  -39.771  22.526 0.5000000000
29795  -31.056  -39.979  21.187 0.5000000000
30643  -31.597  -39.308  21.812 0.5000000000
31370  -32.211  -39.125  22.338 0.5000000000
31371  -32.786  -38.610  22.345 0.5000000000
29858  -31.033  -40.457  13.880 0.6000000238
29870  -31.984  -41.129  13.136 0.6000000238
29804  -31.005  -39.884  20.236 0.5000000000
29812  -31.208  -39.903  19.337 0.5000000000
32091  -32.858  -37.878  21.983 0.6000000238
118070  -34.511  -37.301  21.522 0.5000000000
28972  -31.126  -40.873  18.153 0.6999999881
32877  -35.477  -36.809  20.810 0.5000000000
33798  -36.335  -35.653  19.262 0.4000000060
29871  -33.247  -41.353  12.643 0.6999999881
29824  -31.788  -40.492  17.589 0.8000000119
33783  -35.711  -35.841  20.137 0.5000000000
33810  -38.097  -35.271  17.595 0.4000000060
33811  -38.839  -35.081  17.237 0.4000000060
34762  -39.590  -34.773  16.911 0.4000000060
29025  -33.369  -42.104  12.957 0.6999999881
30687  -32.728  -39.846  16.597 0.6000000238
113088  -40.015  -35.150  16.418 0.4000000060
28989  -32.456  -41.302  15.969 0.6999999881
104762  -32.768  -39.207  16.495 0.6000000238
33824  -40.738  -35.011  15.792 0.4000000060
118853  -34.264  -41.254  13.472 0.6999999881
29860  -34.147  -40.604  14.025 0.6000000238
29848  -33.483  -40.525  15.148 0.6999999881
30698  -33.184  -39.812  15.869 0.6000000238
33835  -41.284  -35.264  14.896 0.4000000060
29014  -34.335  -41.273  12.838 0.6999999881
108241  -33.166  -39.046  15.662 0.6000000238
32948  -41.361  -36.102  13.416 0.5000000000
31458  -33.476  -38.700  14.830 0.6000000238
119947  -33.075  -38.497  15.548 0.6000000238
32965  -41.395  -36.738  12.724 0.5000000000
32979  -41.808  -37.083  12.062 0.5000000000
31391  -32.130  -38.576  21.991 0.6000000238
30708  -30.943  -39.478  14.285 0.5000000000
30654  -31.296  -39.215  20.835 0.5000000000
31409  -31.676  -38.525  21.327 0.6000000238
29859  -31.805  -39.941  13.400 0.6000000238
30663  -31.303  -39.184  19.884 0.6000000238
32105  -33.404  -37.367  21.715 0.5000000000
32861  -34.036  -36.703  21.452 0.5000000000
32862  -34.819  -36.874  21.272 0.5000000000
30717  -33.089  -40.252  12.426 0.6000000238
31422  -31.461  -38.427  19.628 0.6000000238
115701  -34.111  -35.950  21.028 0.5000000000
108906  -35.915  -34.930  19.311 0.5000000000
32900  -36.653  -35.199  18.728 0.4000000060
34749  -37.852  -34.629  18.070 0.4000000060
29881  -34.184  -40.613  12.124 0.6999999881
106790  -31.576  -40.059  18.385 0.6999999881
30670  -31.569  -39.130  18.887 0.6000000238
32876  -34.827  -36.219  20.985 0.5000000000
34750  -38.506  -34.523  17.727 0.4000000060
34752  -39.863  -34.088  17.159 0.4000000060
35706  -40.977  -33.529  16.486 0.4000000060
29825  -32.373  -40.192  17.047 0.6999999881
30678  -32.402  -39.477  17.273 0.6999999881
32150  -32.021  -37.819  17.657 0.6999999881
32875  -33.323  -36.111  21.082 0.5000000000
33782  -34.635  -35.426  20.579 0.5000000000
34764  -41.168  -34.152  16.066 0.4000000060
30728  -34.998  -40.039  12.150 0.6000000238
31437  -32.402  -38.614  17.225 0.6000000238
119364  -31.679  -37.133  17.968 0.6999999881
34771  -41.520  -34.348  15.247 0.4000000060
29872  -34.581  -40.590  12.395 0.6999999881
30699  -33.742  -39.654  14.662 0.6000000238
32151  -32.370  -37.860  16.938 0.6000000238
32909  -31.505  -36.388  17.839 0.6000000238
107881  -41.562  -34.102  14.204 0.4000000060
101665  -34.579  -39.866  13.244 0.6000000238
32164  -32.453  -37.480  16.249 0.6000000238
99811  -31.559  -36.120  17.035 0.6000000238
108951  -41.469  -34.034  13.292 0.4000000060
32170  -33.005  -37.935  15.299 0.6000000238
32925  -32.024  -36.630  16.267 0.6000000238
33865  -41.797  -35.400  12.581 0.5000000000
33852  -41.515  -35.390  13.133 0.4000000060
33875  -42.146  -36.240  12.096 0.5000000000
33876  -42.796  -35.779  11.914 0.5000000000
31392  -32.223  -37.902  21.593 0.6000000238
108580  -31.455  -38.513  20.474 0.6000000238
32121  -32.134  -37.179  21.025 0.6000000238
32860  -33.231  -36.782  21.432 0.5000000000
31470  -31.517  -38.946  13.765 0.6000000238
106555  -31.531  -37.895  20.178 0.6000000238
32874  -32.642  -36.601  21.100 0.5000000000
34742  -37.182  -34.585  18.504 0.4000000060
31482  -33.441  -39.156  11.844 0.6000000238
30718  -34.226  -39.754  11.679 0.6000000238
31429  -31.581  -38.266  18.906 0.6000000238
32136  -31.531  -37.521  19.441 0.6000000238
32873  -32.056  -36.412  20.471 0.5000000000
33797  -32.331  -35.174  20.076 0.5000000000
34716  -33.133  -34.721  20.184 0.5000000000
34717  -34.165  -34.663  20.238 0.5000000000
35699  -39.627  -33.418  17.580 0.4000000060
32899  -31.517  -36.674  18.734 0.5000000000
33780  -32.876  -35.504  20.579 0.5000000000
33781  -33.690  -35.381  20.646 0.5000000000
35707  -41.467  -33.478  15.778 0.4000000060
31484  -35.083  -39.476  11.766 0.6000000238
105691  -31.228  -35.005  17.940 0.6000000238
35714  -41.689  -33.410  14.851 0.4000000060
30719  -35.069  -39.191  12.260 0.6000000238
32184  -33.685  -38.178  13.918 0.6000000238
35719  -41.487  -33.198  13.637 0.4000000060
29035  -33.923  -41.457  12.573 0.6999999881
34786  -41.586  -34.602  12.929 0.4000000060
32938  -32.521  -37.070  15.461 0.6000000238
33866  -42.175  -35.383  12.287 0.5000000000
34795  -41.878  -34.630  12.608 0.4000000060
34805  -43.697  -34.545  11.711 0.5000000000
34806  -44.456  -34.349  11.302 0.4000000060
32103  -31.722  -37.839  20.881 0.6000000238
32120  -31.698  -37.209  20.325 0.5000000000
34732  -34.670  -33.974  19.665 0.5000000000
34733  -35.425  -34.272  19.520 0.5000000000
34734  -35.927  -34.178  19.256 0.5000000000
34743  -37.743  -33.916  18.483 0.4000000060
116749  -34.381  -38.461  11.359 0.6000000238
110664  -34.765  -39.200  11.546 0.6000000238
34730  -32.358  -34.532  19.673 0.5000000000
35698  -38.861  -33.764  17.919 0.4000000060
36618  -40.256  -32.757  17.319 0.4000000060
114750  -40.732  -32.937  16.807 0.4000000060
120063  -31.872  -34.969  19.567 0.5000000000
36627  -41.287  -32.664  16.200 0.4000000060
31483  -34.993  -38.385  11.506 0.6000000238
103650  -34.670  -38.361  12.446 0.6000000238
32201  -33.918  -37.511  12.817 0.6000000238
34748  -31.284  -34.275  17.408 0.6000000238
36648  -41.532  -32.446  13.166 0.4000000060
110873  -32.495  -36.704  14.752 0.6000000238
119908  -31.299  -34.597  16.781 0.6000000238
35727  -41.597  -33.679  12.940 0.4000000060
32183  -33.032  -37.393  14.400 0.6000000238
32937  -32.013  -36.267  15.413 0.6000000238
33821  -31.619  -35.745  16.207 0.6000000238
35736  -42.158  -33.869  12.557 0.4000000060
35737  -43.362  -33.138  12.112 0.4000000060
36657  -43.658  -32.462  12.282 0.3000000119
34796  -42.746  -34.776  12.163 0.5000000000
35744  -43.912  -33.712  11.633 0.4000000060
36668  -45.643  -32.674  11.776 0.3000000119
35676  -35.519  -33.479  19.371 0.5000000000
35677  -36.324  -33.673  19.173 0.5000000000
35690  -38.383  -33.227  18.405 0.5000000000
36617  -39.587  -32.387  17.845 0.5000000000
34731  -33.690  -34.027  19.806 0.5000000000
101354  -34.038  -33.340  19.434 0.6000000238
35691  -39.103  -33.040  18.107 0.4000000060
109958  -40.183  -32.049  17.384 0.5000000000
36626  -40.714  -32.195  16.790 0.4000000060
32202  -34.854  -37.773  11.548 0.6000000238
32963  -33.665  -36.769  12.517 0.6000000238
35673  -32.377  -33.866  19.268 0.6000000238
118546  -41.194  -32.022  16.242 0.4000000060
115631  -41.565  -32.772  15.407 0.4000000060
35685  -31.846  -33.676  18.639 0.6999999881
37547  -41.069  -31.454  13.135 0.3000000119
119068  -32.204  -35.543  13.869 0.6000000238
104121  -31.535  -33.516  17.882 0.6000000238
102267  -40.985  -31.128  12.921 0.3000000119
32947  -32.856  -36.744  13.688 0.6000000238
32946  -32.148  -35.975  14.375 0.6000000238
35697  -31.463  -33.407  17.025 0.6000000238
104547  -42.060  -32.108  12.879 0.4000000060
33832  -31.638  -35.343  15.252 0.6000000238
111530  -31.397  -34.837  16.152 0.6000000238
35705  -31.468  -33.379  16.242 0.6000000238
36656  -42.756  -32.618  12.592 0.3000000119
36658  -44.082  -31.644  12.340 0.3000000119
37559  -45.072  -31.740  11.964 0.3000000119
104420  -45.558  -31.004  11.650 0.3000000119
36595  -35.704  -32.605  19.380 0.6000000238
108569  -36.185  -33.013  19.341 0.5000000000
36607  -38.099  -32.351  18.790 0.5000000000
36608  -38.843  -32.361  18.408 0.5000000000
35674  -33.163  -33.518  19.390 0.6000000238
101490  -35.120  -32.820  19.355 0.6000000238
37514  -40.421  -31.412  17.079 0.4000000060
38300  -41.189  -30.906  14.820 0.4000000060
106143  -34.732  -37.114  11.366 0.6000000238
32978  -34.192  -36.280  11.698 0.6000000238
35686  -32.586  -33.185  18.819 0.6000000238
37531  -41.404  -31.849  15.448 0.3000000119
37538  -41.138  -31.645  13.936 0.3000000119
33840  -32.707  -36.023  13.091 0.6000000238
33850  -32.373  -35.130  13.434 0.6000000238
35724  -31.863  -33.792  14.301 0.6000000238
36614  -31.803  -32.810  17.350 0.6000000238
111694  -31.818  -35.088  14.324 0.6000000238
37553  -41.620  -31.296  12.906 0.3000000119
118772  -31.586  -34.840  14.897 0.6000000238
35713  -31.414  -33.799  15.731 0.6000000238
102483  -42.986  -31.782  12.797 0.3000000119
38336  -44.743  -30.880  12.098 0.3000000119
103517  -45.294  -30.197  11.624 0.3000000119
109703  -35.768  -31.929  19.403 0.6000000238
36596  -36.452  -32.250  19.370 0.6000000238
36597  -37.331  -32.292  19.153 0.5000000000
38257  -38.688  -30.908  18.473 0.5000000000
37494  -39.151  -31.579  18.235 0.4000000060
37491  -34.417  -31.970  18.900 0.6000000238
36594  -35.085  -32.092  19.264 0.6000000238
38291  -40.588  -30.631  16.550 0.4000000060
38299  -40.830  -30.291  15.590 0.4000000060
36606  -33.752  -32.166  18.587 0.6000000238
38305  -40.680  -30.163  14.490 0.4000000060
33851  -33.409  -35.401  12.337 0.6000000238
36605  -32.903  -32.504  18.303 0.6000000238
37537  -40.709  -30.743  13.481 0.3000000119
34784  -32.067  -34.370  13.858 0.6000000238
36615  -32.500  -32.349  17.558 0.6000000238
39205  -41.504  -29.571  12.991 0.3000000119
36624  -31.697  -32.771  16.470 0.6000000238
38327  -41.871  -30.352  12.944 0.3000000119
35718  -31.985  -33.127  14.511 0.6000000238
36633  -31.630  -32.994  15.490 0.6000000238
39221  -44.415  -29.011  11.954 0.3000000119
39222  -45.091  -29.401  11.501 0.3000000119
37470  -36.206  -31.368  19.465 0.6000000238
37471  -37.023  -31.459  19.337 0.5000000000
39129  -38.763  -30.169  18.218 0.5000000000
38277  -39.291  -30.801  17.933 0.4000000060
38278  -39.949  -30.698  17.337 0.4000000060
37469  -35.443  -31.321  19.369 0.6000000238
39165  -40.434  -29.738  16.259 0.4000000060
39176  -40.571  -29.555  15.317 0.4000000060
37468  -34.718  -31.334  19.087 0.6000000238
39183  -40.432  -29.475  14.235 0.4000000060
38315  -40.589  -30.157  13.171 0.3000000119
34785  -32.812  -34.465  12.898 0.6000000238
37490  -33.970  -31.362  18.494 0.6000000238
40120  -40.423  -28.883  13.181 0.3000000119
35725  -32.543  -33.533  13.600 0.6000000238
36616  -33.205  -31.719  17.701 0.6000000238
40122  -42.274  -28.686  12.992 0.3000000119
119993  -32.698  -31.907  17.183 0.6000000238
36641  -32.290  -32.404  14.903 0.6000000238
36634  -32.145  -32.241  15.786 0.6000000238
38243  -36.664  -30.645  19.393 0.6000000238
39128  -38.212  -29.563  18.534 0.4000000060
39147  -38.792  -29.402  17.960 0.4000000060
118658  -39.646  -29.599  17.187 0.4000000060
39149  -40.002  -29.969  16.968 0.4000000060
38241  -35.090  -30.601  19.266 0.5000000000
38242  -35.849  -30.612  19.443 0.5000000000
111923  -40.237  -28.747  13.931 0.4000000060
38254  -34.434  -30.606  18.844 0.5000000000
40111  -40.261  -28.610  13.213 0.3000000119
41020  -40.492  -27.595  13.013 0.3000000119
35726  -33.651  -32.790  13.152 0.6000000238
37512  -32.868  -31.511  16.740 0.5000000000
102233  -32.813  -32.544  14.019 0.6000000238
119000  -33.002  -32.004  14.567 0.6000000238
37528  -32.783  -31.787  15.222 0.6000000238
37522  -32.714  -31.603  15.972 0.6000000238
110351  -33.594  -31.428  14.606 0.5000000000
37529  -33.428  -31.119  15.361 0.5000000000
39126  -36.784  -29.260  19.176 0.4000000060
40044  -37.537  -28.984  18.753 0.3000000119
40058  -38.819  -28.639  17.729 0.4000000060
40076  -39.880  -28.318  16.499 0.4000000060
39164  -39.860  -29.183  16.787 0.3000000119
39108  -35.475  -29.873  19.329 0.5000000000
39109  -36.290  -29.904  19.370 0.4000000060
40989  -40.048  -27.370  15.385 0.3000000119
40088  -40.218  -28.139  15.673 0.3000000119
40089  -40.407  -28.794  14.997 0.3000000119
108573  -34.243  -29.955  18.657 0.5000000000
41000  -39.971  -27.272  14.367 0.3000000119
107846  -40.229  -28.018  14.670 0.3000000119
38253  -33.887  -30.456  18.298 0.5000000000
109859  -40.130  -28.117  13.120 0.3000000119
99081  -33.295  -30.925  17.014 0.5000000000
41867  -42.484  -26.417  12.656 0.3000000119
37523  -33.255  -30.923  16.128 0.5000000000
40956  -37.505  -28.087  18.480 0.3000000119
40957  -38.300  -28.107  18.033 0.3000000119
40964  -38.826  -27.863  17.523 0.3000000119
40965  -39.397  -27.701  16.924 0.3000000119
40955  -36.368  -27.880  18.853 0.3000000119
100767  -36.897  -28.546  18.908 0.4000000060
40977  -39.795  -27.557  16.217 0.3000000119
41836  -39.912  -26.600  15.117 0.3000000119
40042  -35.567  -28.420  19.129 0.3000000119
41846  -39.798  -26.509  14.069 0.3000000119
39124  -33.830  -29.612  18.233 0.4000000060
41018  -39.889  -27.268  13.289 0.3000000119
41019  -39.969  -27.462  13.169 0.3000000119
38276  -33.546  -30.142  17.436 0.5000000000
106738  -41.651  -26.052  12.681 0.3000000119
38290  -33.495  -30.180  16.356 0.5000000000
42796  -42.442  -25.625  12.482 0.3000000119
38298  -33.821  -30.177  15.387 0.4000000060
109627  -38.210  -26.553  17.625 0.3000000119
41798  -38.079  -27.292  17.970 0.3000000119
41810  -38.820  -26.989  17.236 0.3000000119
40043  -36.294  -28.625  19.142 0.3000000119
41820  -39.172  -26.409  16.580 0.3000000119
41821  -39.657  -26.812  15.971 0.3000000119
40954  -35.293  -27.581  18.865 0.3000000119
42775  -39.733  -25.666  14.115 0.3000000119
110640  -39.712  -26.112  13.446 0.3000000119
40040  -33.841  -28.778  18.280 0.3000000119
42794  -39.769  -26.138  13.037 0.3000000119
116362  -39.979  -26.159  12.839 0.3000000119
40952  -33.845  -27.958  18.214 0.3000000119
110994  -40.148  -25.460  12.609 0.3000000119
43769  -40.412  -24.671  12.383 0.3000000119
39146  -33.551  -29.170  17.538 0.4000000060
42803  -42.353  -24.674  12.260 0.3000000119
114268  -33.797  -29.357  15.706 0.4000000060
39163  -33.526  -29.351  16.640 0.4000000060
44569  -42.716  -23.761  11.840 0.3000000119
43779  -43.289  -24.504  11.820 0.3000000119
111090  -37.571  -26.446  18.047 0.3000000119
106737  -37.065  -27.135  18.444 0.3000000119
42733  -37.963  -25.910  17.611 0.3000000119
107575  -38.564  -26.145  17.145 0.3000000119
42746  -39.529  -25.909  15.746 0.3000000119
41797  -36.705  -26.238  18.394 0.3000000119
43723  -39.424  -24.497  15.038 0.3000000119
43744  -39.636  -24.855  14.175 0.3000000119
40953  -34.407  -27.418  18.540 0.3000000119
41796  -35.757  -26.014  18.551 0.3000000119
42784  -39.621  -25.405  13.238 0.3000000119
44552  -39.765  -23.985  12.178 0.3000000119
40057  -33.499  -28.357  17.550 0.4000000060
44553  -40.846  -23.848  12.153 0.3000000119
44568  -41.769  -23.366  11.944 0.3000000119
100212  -33.729  -28.395  15.873 0.4000000060
45371  -42.714  -22.414  11.501 0.3000000119
44579  -43.226  -23.051  11.514 0.3000000119
46313  -43.803  -21.571  10.866 0.3000000119
115905  -37.787  -25.290  17.573 0.3000000119
42734  -38.318  -25.405  17.172 0.3000000119
43705  -38.569  -24.783  16.656 0.3000000119
43706  -39.201  -24.894  15.847 0.3000000119
42716  -37.257  -25.570  18.026 0.3000000119
44504  -39.125  -23.865  15.250 0.3000000119
41795  -34.904  -26.621  18.633 0.3000000119
103758  -39.429  -23.960  14.235 0.3000000119
43756  -39.534  -24.537  13.412 0.3000000119
43768  -39.728  -24.662  12.566 0.3000000119
42713  -34.915  -25.653  18.546 0.3000000119
44565  -38.940  -23.288  11.952 0.3000000119
44566  -39.213  -23.412  11.812 0.3000000119
40963  -33.459  -27.564  17.485 0.4000000060
113123  -39.390  -22.992  11.462 0.3000000119
40075  -33.408  -27.915  16.671 0.4000000060
45369  -40.295  -22.617  11.436 0.3000000119
116708  -40.906  -23.164  11.808 0.3000000119
46312  -42.912  -21.711  11.257 0.3000000119
106692  -33.724  -27.389  15.514 0.4000000060
47341  -43.616  -20.616  10.502 0.3000000119
43704  -38.130  -24.044  16.828 0.3000000119
43722  -38.769  -24.061  16.072 0.3000000119
43686  -37.452  -24.105  17.377 0.3000000119
44537  -39.237  -23.246  13.904 0.3000000119
43685  -36.688  -24.259  17.868 0.3000000119
44550  -39.026  -23.363  12.348 0.3000000119
104935  -34.983  -24.965  18.515 0.3000000119
45368  -39.247  -22.481  10.985 0.3000000119
46310  -39.999  -21.888  10.932 0.3000000119
100389  -40.736  -21.169  10.926 0.3000000119
46295  -41.121  -21.828  11.363 0.3000000119
46311  -41.965  -21.170  11.163 0.3000000119
47340  -42.535  -20.437  10.664 0.3000000119
40099  -34.217  -27.830  14.199 0.3000000119
100260  -43.012  -21.068  10.934 0.3000000119
49177  -43.759  -18.880  9.335 0.3000000119
48304  -44.515  -19.089  9.107 0.3000000119
44488  -37.562  -23.422  16.947 0.3000000119
44489  -38.173  -23.372  16.362 0.3000000119
44503  -38.646  -23.315  15.639 0.3000000119
118496  -38.759  -22.288  13.335 0.3000000119
45341  -39.022  -22.980  13.127 0.3000000119
44473  -36.134  -23.554  17.875 0.3000000119
44474  -36.876  -23.501  17.425 0.3000000119
45356  -38.745  -22.685  12.183 0.3000000119
45367  -38.892  -22.822  11.457 0.3000000119
110815  -38.659  -22.307  11.368 0.3000000119
45379  -39.108  -21.808  10.607 0.3000000119
100783  -39.707  -21.235  10.506 0.3000000119
47338  -40.292  -20.612  10.349 0.3000000119
48261  -41.960  -19.752  10.263 0.3000000119
48281  -42.457  -19.201  9.849 0.3000000119
49175  -41.912  -18.613  9.408 0.3000000119
48262  -42.982  -19.832  10.238 0.3000000119
48282  -43.359  -19.327  9.790 0.3000000119
49176  -42.930  -18.685  9.447 0.3000000119
104858  -44.124  -18.526  8.844 0.3000000119
49207  -44.787  -17.943  7.998 0.3000000119
45283  -37.047  -22.930  17.040 0.3000000119
45292  -37.579  -22.691  16.475 0.3000000119
46231  -38.290  -21.878  14.993 0.3000000119
45328  -38.487  -21.676  14.107 0.3000000119
45282  -36.338  -22.784  17.416 0.3000000119
45291  -36.822  -22.309  16.828 0.3000000119
46212  -37.279  -21.856  16.236 0.3000000119
46230  -37.614  -21.468  15.521 0.3000000119
109897  -38.579  -21.722  12.045 0.3000000119
45281  -35.532  -22.967  17.841 0.3000000119
46294  -38.738  -22.198  10.876 0.3000000119
44459  -34.534  -23.766  18.244 0.3000000119
48279  -39.786  -20.151  9.686 0.3000000119
48260  -40.844  -19.847  10.065 0.3000000119
48280  -41.389  -19.211  9.731 0.3000000119
50101  -42.010  -17.526  8.456 0.3000000119
50102  -43.043  -17.629  8.442 0.3000000119
46229  -36.949  -21.115  15.983 0.3000000119
46210  -35.835  -21.318  16.872 0.3000000119
47245  -36.247  -20.840  16.357 0.3000000119
47232  -35.125  -21.102  17.103 0.3000000119
120026  -35.681  -22.356  17.510 0.3000000119
46200  -36.125  -22.008  17.127 0.3000000119
46211  -36.558  -21.561  16.579 0.3000000119
45280  -34.065  -22.584  17.815 0.3000000119
99152  -34.920  -22.316  17.705 0.3000000119
108684  -32.620  -36.058  20.758 0.5000000000
33804  -31.396  -35.655  18.427 0.6999999881
33779  -32.311  -35.759  20.358 0.5000000000
30727  -34.896  -39.906  11.795 0.6000000238
28321  -32.189  -42.640  15.127 0.6999999881
11394  -28.356  -64.211  24.141 0.3000000119
104367  -28.880  -64.138  23.283 0.3000000119
11403  -29.673  -63.709  22.999 0.3000000119
11412  -29.227  -64.273  22.483 0.4000000060
11421  -29.985  -63.974  21.185 0.4000000060
12032  -30.597  -63.575  20.599 0.4000000060
12033  -31.496  -62.941  20.415 0.4000000060
12685  -32.227  -62.688  19.913 0.4000000060
12684  -33.222  -61.789  20.110 0.4000000060
13354  -33.907  -61.506  19.728 0.4000000060
14017  -34.426  -60.726  19.613 0.4000000060
13355  -34.553  -61.286  19.410 0.4000000060
15394  -34.219  -59.271  19.124 0.4000000060
18808  -33.602  -54.693  17.776 0.4000000060
20292  -28.204  -52.229  27.307 0.3000000119
111399  -33.850  -54.004  17.440 0.5000000000
20293  -33.274  -52.723  26.733 0.3000000119
20294  -33.827  -53.362  26.249 0.3000000119
110895  -35.208  -53.901  16.603 0.5000000000
20406  -34.564  -52.730  16.923 0.5000000000
19557  -39.724  -53.328  21.755 0.3000000119
20353  -39.373  -52.830  22.396 0.3000000119
20354  -40.350  -52.696  22.475 0.3000000119
21209  -35.847  -51.673  16.517 0.6000000238
21154  -40.845  -51.908  22.974 0.4000000060
21210  -37.069  -51.299  16.342 0.6000000238
21155  -41.666  -51.483  22.598 0.4000000060
21156  -42.406  -51.419  21.953 0.4000000060
22831  -42.254  -50.157  22.026 0.4000000060
22855  -42.591  -49.558  20.746 0.4000000060
22867  -42.887  -49.501  19.758 0.4000000060
22907  -27.954  -49.254  15.665 0.4000000060
23730  -37.834  -49.095  16.723 0.6999999881
108143  -42.909  -48.496  18.638 0.4000000060
23729  -37.294  -48.406  16.877 0.6999999881
102152  -42.739  -47.487  17.555 0.4000000060
22919  -29.344  -48.853  14.801 0.5000000000
24583  -30.238  -47.966  14.489 0.6000000238
24555  -36.269  -47.110  17.579 0.8000000119
25469  -36.734  -47.156  18.512 0.6999999881
24554  -35.286  -46.933  17.250 0.8000000119
109664  -36.354  -47.825  16.461 0.6999999881
25471  -42.362  -46.793  17.439 0.4000000060
25488  -30.516  -47.369  14.626 0.8000000119
25466  -33.291  -46.753  17.716 0.8000000119
103133  -34.249  -47.024  17.262 0.8000000119
25470  -41.938  -46.071  16.870 0.4000000060
107887  -33.248  -47.513  17.263 0.8000000119
107071  -30.229  -45.856  16.130 0.6999999881
25478  -30.275  -46.954  15.962 0.6999999881
24552  -32.214  -47.492  17.610 0.8000000119
25463  -30.249  -46.322  16.960 0.6999999881
25464  -30.816  -46.624  17.609 0.6000000238
112637  -40.448  -44.476  16.902 0.3000000119
29820  -38.136  -40.898  18.303 0.4000000060
116902  -39.009  -42.881  17.459 0.4000000060
27588  -39.489  -43.430  17.144 0.4000000060
112421  -40.051  -44.048  17.303 0.3000000119
110006  -38.419  -40.218  17.939 0.4000000060
28980  -38.390  -41.611  17.832 0.4000000060
107332  -38.365  -42.147  18.089 0.4000000060
28288  -38.747  -42.730  18.149 0.4000000060
30672  -38.402  -39.431  17.944 0.4000000060
30688  -39.184  -40.066  16.502 0.4000000060
116355  -39.368  -39.488  16.155 0.5000000000
31431  -38.259  -38.413  17.952 0.5000000000
105794  -39.290  -38.797  16.220 0.5000000000
111494  -39.583  -40.106  15.751 0.5000000000
29849  -40.033  -40.156  14.821 0.4000000060
30709  -40.233  -39.458  14.315 0.5000000000
32138  -37.373  -37.524  18.839 0.5000000000
119675  -37.260  -36.753  18.610 0.5000000000
32153  -38.152  -37.368  17.577 0.4000000060
31485  -40.875  -39.192  12.343 0.5000000000
32215  -41.744  -37.946  11.828 0.5000000000
32985  -42.423  -37.158  11.712 0.5000000000
108873  -43.535  -36.290  11.705 0.5000000000
30707  -30.257  -39.168  14.807 0.5000000000
33877  -43.599  -35.418  11.719 0.5000000000
35745  -44.759  -33.564  11.571 0.4000000060
31480  -31.133  -38.052  13.864 0.6000000238
105320  -32.350  -39.353  12.839 0.6000000238
31494  -33.331  -38.294  11.608 0.6000000238
32214  -34.945  -37.652  11.120 0.6000000238
37560  -45.842  -31.735  11.678 0.3000000119
38344  -46.866  -30.556  10.647 0.3000000119
31499  -34.900  -37.610  11.110 0.6000000238
34792  -34.258  -34.749  11.793 0.6000000238
35734  -33.868  -33.774  12.501 0.6000000238
119039  -34.286  -33.108  12.458 0.6000000238
118779  -33.580  -32.284  13.643 0.6000000238
36654  -34.343  -32.497  12.327 0.6000000238
36642  -33.669  -31.895  14.009 0.5000000000
105016  -34.067  -30.594  14.519 0.5000000000
118074  -34.195  -29.396  15.058 0.4000000060
39175  -34.313  -28.559  14.748 0.4000000060
40087  -34.197  -27.718  14.835 0.4000000060
49174  -40.766  -18.771  9.144 0.3000000119
49193  -41.347  -18.118  8.835 0.3000000119
51061  -43.110  -16.608  7.341 0.3000000119
51080  -43.620  -16.242  6.707 0.3000000119
50121  -44.400  -17.409  7.687 0.3000000119
46198  -34.663  -21.555  17.428 0.3000000119
46197  -33.516  -22.004  17.597 0.3000000119
23689  -43.089  -49.122  18.889 0.4000000060
30710  -40.634  -39.766  12.945 0.5000000000
13985  -30.660  -60.734  24.632 0.3000000119
13323  -31.075  -61.044  24.037 0.3000000119
13993  -31.327  -60.504  23.410 0.3000000119
110172  -32.752  -61.008  21.432 0.4000000060
15368  -31.090  -58.869  22.906 0.3000000119
14667  -31.227  -59.605  23.090 0.3000000119
17933  -32.713  -55.408  18.668 0.4000000060
16102  -29.057  -57.117  26.218 0.3000000119
109197  -31.940  -57.038  20.479 0.4000000060
18736  -30.192  -54.825  23.269 0.3000000119
19619  -33.779  -53.084  17.396 0.4000000060
22772  -31.865  -49.779  26.288 0.3000000119
20337  -34.931  -52.129  22.237 0.3000000119
20338  -36.487  -52.471  22.332 0.3000000119
22799  -31.349  -49.484  24.300 0.3000000119
114752  -31.232  -49.534  22.799 0.3000000119
19556  -38.620  -53.369  21.509 0.3000000119
113696  -31.644  -49.441  22.178 0.3000000119
21974  -33.578  -50.059  22.395 0.3000000119
23698  -34.580  -48.534  18.911 0.6000000238
20341  -39.942  -52.241  23.137 0.4000000060
22874  -36.561  -48.961  18.426 0.6000000238
22036  -37.405  -49.792  17.360 0.6999999881
113919  -42.106  -50.785  22.387 0.4000000060
22876  -37.564  -48.818  18.203 0.6999999881
22829  -34.777  -49.466  22.689 0.4000000060
21963  -40.239  -49.613  24.211 0.4000000060
106149  -37.049  -48.069  25.740 0.4000000060
23676  -41.943  -48.243  20.813 0.4000000060
24556  -37.324  -47.947  18.875 0.6999999881
24524  -42.160  -48.001  20.016 0.4000000060
24533  -42.305  -47.795  19.372 0.4000000060
25399  -35.138  -47.131  22.454 0.6000000238
25413  -34.334  -46.360  22.119 0.6000000238
25367  -38.502  -46.407  25.031 0.5000000000
25454  -36.249  -46.631  18.939 0.6999999881
25453  -35.133  -46.216  18.460 0.6999999881
25468  -35.756  -46.619  18.000 0.8000000119
26205  -32.798  -45.418  19.430 0.6000000238
115590  -41.340  -45.422  16.326 0.4000000060
26227  -40.944  -44.987  17.209 0.3000000119
26843  -33.494  -44.187  24.857 0.4000000060
27552  -38.212  -43.627  22.731 0.3000000119
27561  -38.519  -43.294  21.381 0.3000000119
26903  -39.794  -44.061  19.000 0.3000000119
27526  -32.562  -43.494  24.295 0.5000000000
28232  -34.423  -43.118  24.713 0.5000000000
28339  -31.565  -43.671  13.347 0.6999999881
29814  -37.270  -40.222  19.570 0.4000000060
28282  -37.675  -41.972  19.860 0.4000000060
28267  -37.451  -42.317  21.587 0.4000000060
28276  -38.132  -42.590  20.254 0.4000000060
119935  -38.095  -41.683  18.461 0.4000000060
28244  -31.570  -42.383  23.427 0.5000000000
118081  -33.913  -41.989  24.094 0.5000000000
29787  -34.972  -40.266  22.499 0.5000000000
28322  -32.974  -42.979  14.302 0.8000000119
29011  -30.437  -41.784  13.818 0.5000000000
28971  -30.572  -41.352  18.700 0.6999999881
31424  -37.276  -38.346  19.311 0.5000000000
32940  -40.608  -36.702  14.640 0.5000000000
32939  -40.049  -36.551  15.442 0.4000000060
29847  -29.513  -40.462  15.168 0.5000000000
32137  -36.826  -37.642  19.597 0.5000000000
32152  -37.652  -37.042  18.153 0.4000000060
32911  -38.240  -36.570  17.164 0.4000000060
32910  -37.453  -36.315  18.099 0.4000000060
110964  -30.286  -39.959  14.701 0.5000000000
29836  -32.814  -40.496  16.155 0.6000000238
33842  -41.443  -35.397  14.068 0.4000000060
108361  -41.633  -36.141  12.580 0.5000000000
108479  -32.084  -39.946  17.684 0.6999999881
119777  -32.221  -39.016  17.671 0.6999999881
29861  -34.588  -40.662  13.005 0.6000000238
31446  -32.737  -38.372  16.223 0.6000000238
110097  -42.805  -36.576  11.725 0.5000000000
31469  -30.665  -38.615  14.471 0.5000000000
32104  -32.734  -37.261  21.523 0.6000000238
34718  -35.118  -34.807  19.959 0.5000000000
30677  -31.974  -39.391  18.001 0.6999999881
31436  -31.919  -38.565  18.116 0.6999999881
32143  -31.649  -37.664  18.472 0.6999999881
32163  -31.934  -37.068  17.145 0.6000000238
33808  -31.356  -35.652  17.680 0.6000000238
31471  -34.314  -38.981  13.547 0.6000000238
107221  -31.291  -35.180  17.050 0.6000000238
34741  -36.483  -34.418  18.919 0.4000000060
32892  -31.613  -36.559  19.672 0.5000000000
33796  -31.816  -35.684  19.793 0.5000000000
99665  -31.523  -35.919  19.154 0.6000000238
36635  -41.489  -32.529  14.446 0.4000000060
34729  -31.797  -34.405  19.129 0.6999999881
114125  -31.439  -34.417  18.376 0.6000000238
36643  -41.351  -32.233  13.517 0.4000000060
35688  -37.031  -33.806  18.853 0.4000000060
111708  -32.934  -34.114  19.688 0.6000000238
107138  -31.510  -35.118  19.030 0.6000000238
34761  -31.317  -34.060  16.467 0.6000000238
36667  -44.548  -32.503  11.986 0.3000000119
35678  -36.841  -33.035  19.206 0.5000000000
35689  -37.581  -33.105  18.814 0.5000000000
37513  -39.765  -31.474  17.653 0.4000000060
37524  -40.981  -31.494  16.362 0.4000000060
37546  -40.769  -30.708  12.978 0.3000000119
38326  -40.913  -30.680  12.882 0.3000000119
36604  -32.052  -32.945  18.142 0.6000000238
117915  -31.379  -34.291  15.925 0.6000000238
117764  -43.498  -31.287  12.720 0.3000000119
38337  -46.082  -30.352  11.164 0.3000000119
36593  -34.411  -32.630  19.151 0.6000000238
35687  -33.484  -32.842  18.979 0.6000000238
35717  -31.540  -33.721  14.967 0.6000000238
37554  -42.903  -30.941  12.973 0.3000000119
38329  -43.872  -30.786  12.557 0.3000000119
38256  -38.154  -31.004  18.841 0.6000000238
119676  -40.502  -30.032  13.597 0.4000000060
38325  -40.697  -30.207  13.051 0.3000000119
99527  -42.756  -29.448  12.901 0.3000000119
36625  -32.303  -32.157  16.707 0.6000000238
39206  -43.741  -29.400  12.488 0.3000000119
38255  -37.494  -30.656  19.143 0.5000000000
107319  -38.148  -30.324  18.748 0.5000000000
40077  -40.321  -28.933  15.977 0.4000000060
104409  -33.598  -30.976  17.810 0.5000000000
39127  -37.537  -29.781  18.972 0.4000000060
39110  -36.973  -30.023  19.262 0.4000000060
40059  -39.397  -28.475  17.179 0.4000000060
40100  -39.992  -27.955  13.583 0.3000000119
39107  -34.758  -29.887  19.079 0.5000000000
106159  -41.382  -26.829  12.918 0.3000000119
41866  -40.288  -26.832  12.946 0.3000000119
40025  -35.903  -29.164  19.317 0.4000000060
40024  -35.087  -29.115  19.203 0.4000000060
39125  -34.367  -29.266  18.753 0.4000000060
105389  -39.799  -25.958  14.852 0.3000000119
40041  -34.604  -28.333  18.808 0.3000000119
106723  -40.644  -26.122  12.722 0.3000000119
43770  -41.347  -24.485  12.352 0.3000000119
44580  -43.983  -23.077  11.177 0.3000000119
105465  -36.010  -26.912  18.666 0.3000000119
109503  -39.782  -25.450  12.817 0.3000000119
102140  -33.767  -27.282  18.098 0.3000000119
104908  -42.474  -23.028  11.706 0.3000000119
106373  -33.419  -28.657  16.891 0.4000000060
43667  -36.804  -24.956  18.097 0.3000000119
43767  -39.588  -24.639  12.789 0.3000000119
45370  -41.643  -22.575  11.665 0.3000000119
47355  -44.485  -20.379  9.950 0.3000000119
44522  -39.012  -23.225  14.772 0.3000000119
42714  -35.623  -25.226  18.494 0.3000000119
43666  -36.187  -24.751  18.300 0.3000000119
43665  -35.479  -24.534  18.401 0.3000000119
49195  -43.417  -18.276  8.908 0.3000000119
45311  -37.939  -22.192  15.764 0.3000000119
46264  -38.531  -21.689  13.078 0.3000000119
46293  -38.560  -21.713  11.079 0.3000000119
45266  -34.715  -23.119  18.042 0.3000000119
113761  -39.460  -20.725  10.050 0.3000000119
49194  -42.470  -18.094  8.967 0.3000000119
50120  -43.538  -17.239  7.826 0.3000000119
50131  -44.835  -17.031  7.137 0.3000000119
46248  -37.890  -21.158  14.763 0.3000000119
47299  -37.816  -20.171  13.768 0.3000000119
44458  -33.846  -23.388  17.985 0.3000000119
44472  -33.029  -23.432  17.640 0.3000000119
50119  -42.592  -17.049  7.923 0.3000000119
120163  -34.213  -21.960  17.611 0.3000000119
12687  -33.724  -62.201  19.340 0.4000000060
24570  -36.820  -47.681  17.290 0.6999999881
24551  -31.197  -47.401  17.420 0.8000000119
36647  -34.046  -31.988  13.280 0.5000000000
110812  -39.042  -39.299  16.719 0.4000000060
30712  -44.250  -38.986  14.726 0.3000000119
31487  -42.932  -38.402  13.365 0.4000000060
31476  -45.413  -37.995  14.697 0.3000000119
30720  -41.096  -40.173  11.558 0.4000000060
31497  -42.341  -39.123  11.607 0.4000000060
30729  -41.356  -39.613  11.564 0.4000000060
32187  -44.843  -37.057  14.536 0.3000000119
32205  -43.354  -37.680  12.390 0.4000000060
32206  -44.035  -36.943  14.095 0.3000000119
31447  -38.604  -38.075  17.123 0.3000000119
31500  -42.570  -38.326  11.707 0.4000000060
31498  -42.846  -38.480  11.971 0.4000000060
32223  -44.364  -36.683  11.957 0.3000000119
32222  -43.752  -37.205  11.944 0.4000000060
33867  -46.098  -34.906  13.198 0.3000000119
32981  -45.017  -35.772  13.253 0.3000000119
32987  -44.106  -36.630  11.832 0.4000000060
32221  -42.711  -37.748  11.692 0.4000000060
34808  -46.348  -34.767  11.925 0.3000000119
33886  -45.700  -35.290  11.767 0.3000000119
34815  -45.259  -35.101  11.413 0.3000000119
31481  -32.224  -38.433  12.773 0.5000000000
103485  -46.303  -34.226  11.731 0.3000000119
34814  -44.809  -34.880  11.286 0.3000000119
32199  -30.543  -37.219  13.698 0.5000000000
32976  -30.752  -36.326  12.339 0.5000000000
32200  -31.519  -37.530  13.031 0.5000000000
32962  -31.811  -36.976  12.248 0.5000000000
32212  -32.551  -37.704  11.926 0.5000000000
37562  -47.652  -32.151  11.206 0.3000000119
35746  -45.678  -33.898  11.585 0.3000000119
32217  -33.070  -37.087  11.286 0.5000000000
110810  -34.434  -36.413  10.849 0.5000000000
111353  -32.900  -35.278  10.738 0.5000000000
33881  -34.008  -35.136  10.590 0.5000000000
33874  -33.843  -35.827  10.767 0.5000000000
33882  -34.696  -34.900  10.665 0.4000000060
34811  -32.698  -34.491  10.646 0.5000000000
34803  -31.655  -34.903  11.108 0.5000000000
34804  -34.925  -34.763  10.848 0.5000000000
34812  -34.067  -34.526  10.527 0.4000000060
34794  -34.942  -34.279  11.047 0.5000000000
35755  -33.219  -33.702  10.565 0.4000000060
36655  -34.531  -32.854  11.485 0.5000000000
36679  -34.458  -33.272  10.867 0.4000000060
36677  -32.507  -32.689  10.613 0.4000000060
36678  -33.899  -32.351  10.942 0.5000000000
102544  -33.688  -32.950  10.678 0.4000000060
37551  -34.193  -31.990  11.723 0.4000000060
37570  -33.372  -31.430  11.014 0.5000000000
36665  -34.389  -32.683  11.177 0.4000000060
110780  -33.070  -31.924  10.727 0.3000000119
36664  -33.916  -31.952  11.252 0.4000000060
37536  -34.131  -31.143  13.720 0.4000000060
38324  -33.943  -31.041  12.122 0.3000000119
37569  -32.596  -30.926  10.756 0.3000000119
39220  -33.487  -30.130  11.786 0.3000000119
38314  -33.981  -30.387  12.951 0.3000000119
38304  -34.276  -30.166  13.811 0.3000000119
100429  -34.350  -29.481  14.373 0.3000000119
39202  -33.591  -29.397  12.546 0.3000000119
39189  -34.180  -29.185  13.482 0.3000000119
39182  -34.369  -28.522  14.005 0.3000000119
39201  -33.038  -29.314  11.789 0.3000000119
40119  -33.637  -28.742  13.068 0.3000000119
40110  -34.100  -28.225  13.664 0.3000000119
32960  -30.000  -36.587  13.212 0.5000000000
29865  -43.976  -40.871  14.657 0.3000000119
120033  -41.604  -40.026  11.272 0.4000000060
32975  -29.379  -36.131  12.468 0.4000000060
33862  -31.164  -35.933  11.703 0.5000000000
32144  -37.852  -37.729  18.244 0.4000000060
119191  -38.921  -38.606  16.751 0.4000000060
33863  -34.751  -35.564  11.121 0.5000000000
30679  -38.751  -39.938  17.272 0.4000000060
109509  -40.416  -40.344  13.571 0.4000000060
31496  -41.987  -38.602  11.534 0.4000000060
33878  -44.390  -35.909  11.604 0.3000000119
32213  -33.853  -37.708  11.081 0.5000000000
32219  -34.845  -37.159  10.989 0.5000000000
106497  -34.785  -34.245  11.415 0.5000000000
35735  -34.653  -33.459  11.653 0.5000000000
37545  -34.117  -31.522  12.684 0.4000000060
112524  -45.102  -38.700  14.775 0.3000000119
114185  -42.603  -40.071  13.768 0.4000000060
31475  -44.201  -37.862  14.568 0.3000000119
31486  -42.588  -39.252  12.162 0.4000000060
114162  -42.426  -39.851  12.549 0.4000000060
30721  -42.759  -39.166  13.716 0.4000000060
31474  -43.403  -38.508  14.280 0.3000000119
108108  -40.795  -40.638  11.980 0.4000000060
32966  -44.521  -36.297  13.574 0.3000000119
32216  -44.002  -36.892  12.560 0.4000000060
32991  -45.596  -35.624  11.849 0.3000000119
33885  -45.296  -35.584  11.647 0.3000000119
35747  -47.075  -33.912  11.826 0.3000000119
32961  -30.913  -36.879  12.987 0.5000000000
32977  -32.116  -36.412  11.593 0.5000000000
32218  -34.352  -37.090  10.851 0.5000000000
32983  -33.514  -36.505  10.912 0.5000000000
32984  -34.622  -36.474  10.849 0.5000000000
33864  -34.794  -35.441  10.910 0.5000000000
34813  -34.688  -34.549  10.683 0.4000000060
35742  -34.731  -33.505  11.103 0.5000000000
38335  -33.046  -30.472  11.020 0.3000000119
116944  -41.130  -40.763  11.490 0.4000000060
23737  -30.876  -49.294  15.064 0.6999999881
23711  -32.316  -48.242  17.254 0.6999999881
23710  -31.528  -48.070  17.257 0.6999999881
23724  -31.564  -48.846  16.745 0.6999999881
24567  -30.856  -48.080  16.718 0.6999999881
23723  -30.800  -48.777  15.642 0.6999999881
24578  -30.446  -48.034  14.759 0.6999999881
24566  -30.500  -47.874  15.772 0.6999999881
28297  -38.696  -42.290  17.418 0.3000000119
28308  -39.133  -42.814  16.697 0.3000000119
113651  -39.077  -41.466  16.502 0.3000000119
110697  -39.744  -42.573  14.507 0.3000000119
29004  -39.489  -41.859  15.629 0.3000000119
28991  -39.022  -42.204  16.544 0.3000000119
24550  -30.487  -47.204  16.774 0.6999999881
28990  -38.711  -41.568  17.128 0.3000000119
29015  -39.989  -41.803  14.350 0.3000000119
28330  -39.896  -42.769  12.883 0.3000000119
28341  -40.194  -43.296  11.992 0.3000000119
29826  -38.559  -40.847  17.568 0.3000000119
29837  -38.924  -40.787  16.860 0.3000000119
29863  -40.573  -41.207  12.654 0.3000000119
29873  -40.960  -41.290  11.627 0.3000000119
29029  -40.965  -41.833  11.647 0.3000000119
104053  -39.824  -40.937  15.215 0.3000000119
29875  -42.067  -40.986  12.887 0.3000000119
29874  -41.288  -41.044  11.625 0.3000000119
112116  -38.681  -38.950  17.307 0.3000000119
24553  -34.036  -47.744  16.780 0.6999999881
24568  -34.929  -47.426  16.646 0.6999999881
23726  -33.729  -48.596  16.560 0.6999999881
22922  -31.220  -49.964  15.057 0.6999999881
23712  -33.215  -48.164  16.956 0.6999999881
23725  -32.657  -48.873  16.808 0.6999999881
23746  -30.470  -48.697  14.765 0.6999999881
27593  -39.525  -43.395  15.988 0.3000000119
28323  -39.433  -42.907  15.484 0.3000000119
107311  -39.720  -43.383  13.858 0.3000000119
29030  -41.395  -42.196  12.151 0.3000000119
108280  -41.504  -41.580  11.990 0.3000000119
29017  -42.178  -41.603  13.471 0.3000000119
29862  -40.181  -40.993  14.054 0.3000000119
29016  -40.287  -41.776  13.175 0.3000000119
17041  -36.655  -56.708  16.478 0.4000000060
17958  -36.996  -55.325  16.085 0.4000000060
109721  -35.986  -55.163  16.474 0.4000000060
17953  -35.405  -55.787  16.852 0.4000000060
17959  -38.032  -56.010  15.704 0.4000000060
19628  -35.963  -53.604  16.246 0.4000000060
18818  -35.623  -54.456  16.495 0.4000000060
18819  -36.475  -54.451  16.151 0.4000000060
110416  -35.325  -55.040  16.740 0.4000000060
19634  -36.984  -53.666  15.792 0.5000000000
18826  -37.485  -54.482  15.708 0.4000000060
18827  -38.643  -54.624  15.276 0.4000000060
19627  -35.181  -53.176  16.594 0.4000000060
115831  -36.535  -52.105  16.179 0.5000000000
19635  -38.210  -53.642  15.378 0.5000000000
18828  -39.672  -54.963  14.658 0.5000000000
20418  -37.507  -52.955  15.622 0.5000000000
20419  -38.427  -52.561  15.396 0.5000000000
114979  -39.913  -54.443  14.301 0.5000000000
17970  -40.060  -55.524  13.914 0.5000000000
17969  -39.593  -55.636  13.578 0.5000000000
19636  -39.093  -53.181  14.962 0.5000000000
21219  -38.501  -51.584  15.546 0.6000000238
18829  -40.095  -55.199  14.112 0.5000000000
19637  -39.444  -52.902  14.482 0.5000000000
112070  -40.036  -54.298  13.937 0.5000000000
19649  -38.824  -53.631  13.259 0.6000000238
18840  -39.754  -54.716  13.568 0.5000000000
19648  -36.835  -53.576  13.674 0.5000000000
21211  -38.152  -50.946  16.234 0.6000000238
20420  -39.057  -52.278  15.128 0.6000000238
21212  -38.523  -50.820  15.834 0.6000000238
119045  -39.538  -53.551  13.617 0.5000000000
110728  -39.437  -54.080  13.366 0.6000000238
99104  -37.651  -52.967  13.465 0.6000000238
19647  -36.257  -52.849  13.695 0.5000000000
18823  -33.397  -53.627  15.221 0.5000000000
105194  -34.894  -53.875  14.616 0.5000000000
19641  -35.421  -53.157  14.045 0.5000000000
19640  -33.833  -52.994  14.414 0.5000000000
20414  -29.765  -52.088  15.522 0.4000000060
21220  -38.890  -51.529  15.196 0.6000000238
21225  -29.854  -51.010  14.879 0.5000000000
22057  -38.594  -50.913  15.246 0.6000000238
21231  -38.898  -51.527  14.477 0.5000000000
21218  -30.114  -51.651  14.992 0.5000000000
22068  -38.375  -50.890  14.317 0.6000000238
100230  -38.070  -51.459  13.561 0.6000000238
20424  -30.859  -51.873  14.822 0.5000000000
20435  -37.988  -52.083  13.432 0.6000000238
20434  -36.908  -52.031  13.501 0.6000000238
19633  -32.466  -53.278  15.288 0.5000000000
20433  -35.861  -52.001  13.546 0.5000000000
111636  -34.752  -52.765  14.081 0.5000000000
20432  -35.000  -52.042  13.680 0.5000000000
21207  -29.051  -51.840  15.827 0.4000000060
21217  -29.413  -51.428  15.249 0.5000000000
21226  -30.557  -51.035  14.740 0.5000000000
22926  -38.083  -50.242  15.013 0.6000000238
21227  -31.326  -51.453  14.671 0.5000000000
22072  -37.443  -50.827  13.573 0.6000000238
21239  -37.295  -51.349  13.455 0.6000000238
112726  -36.795  -50.821  13.464 0.6000000238
102179  -32.833  -52.825  14.656 0.5000000000
21237  -35.525  -51.379  13.576 0.6000000238
20427  -33.250  -52.299  14.251 0.5000000000
20428  -34.143  -52.202  13.932 0.5000000000
21216  -28.704  -51.126  15.535 0.4000000060
22053  -29.263  -50.652  15.058 0.5000000000
22059  -30.036  -50.220  14.723 0.5000000000
22921  -30.485  -49.457  14.768 0.5000000000
22060  -30.709  -50.262  14.757 0.5000000000
22061  -31.263  -50.694  14.740 0.5000000000
22914  -36.783  -49.017  15.082 0.6000000238
22915  -37.803  -49.468  15.764 0.6000000238
22065  -35.919  -50.138  13.838 0.6000000238
20426  -32.389  -52.275  14.485 0.5000000000
22070  -35.336  -50.813  13.763 0.5000000000
21228  -32.040  -51.652  14.514 0.5000000000
21229  -32.851  -51.742  14.375 0.5000000000
21230  -33.786  -51.701  14.141 0.5000000000
22920  -29.912  -49.383  14.628 0.5000000000
23740  -36.351  -48.336  15.723 0.6000000238
22924  -36.360  -49.543  14.308 0.6000000238
22054  -32.011  -50.546  15.142 0.5000000000
101796  -31.805  -51.073  14.690 0.5000000000
22923  -35.661  -49.693  14.433 0.6000000238
22062  -32.488  -51.163  14.710 0.5000000000
99845  -34.889  -50.167  14.745 0.5000000000
22063  -33.429  -51.223  14.584 0.5000000000
22056  -34.030  -50.585  15.077 0.5000000000
23738  -31.402  -49.474  15.848 0.6000000238
117105  -31.880  -49.961  15.717 0.6000000238
22912  -35.195  -49.387  15.171 0.6000000238
22055  -33.036  -50.676  15.254 0.5000000000
22901  -34.358  -49.173  15.926 0.6000000238
22909  -29.295  -49.769  14.950 0.5000000000
23745  -30.124  -48.698  14.559 0.4000000060
22899  -32.154  -49.549  16.357 0.6000000238
22910  -32.636  -50.092  15.867 0.5000000000
22900  -33.171  -49.483  16.348 0.5000000000
20416  -31.256  -52.457  14.997 0.5000000000
20425  -31.610  -52.122  14.645 0.5000000000
20417  -32.003  -52.669  14.809 0.5000000000
22052  -28.510  -50.153  15.457 0.4000000060
18817  -34.939  -54.518  16.843 0.4000000060
20409  -37.524  -52.029  15.805 0.6000000238
22902  -38.068  -49.654  16.777 0.6000000238
24569  -35.847  -47.355  16.775 0.6000000238
23728  -35.572  -47.828  16.125 0.6000000238
23727  -34.692  -48.140  16.228 0.6000000238
23739  -35.403  -48.528  15.601 0.6000000238
110483  -39.343  -54.068  14.806 0.5000000000
104786  -39.698  -53.742  14.368 0.5000000000
17968  -38.438  -55.415  13.500 0.5000000000
104280  -38.648  -52.859  13.380 0.6000000238
20436  -38.806  -52.358  13.553 0.6000000238
22067  -37.655  -50.406  14.022 0.6000000238
21236  -34.707  -51.529  13.843 0.5000000000
22066  -36.759  -50.209  13.737 0.6000000238
22925  -37.229  -49.701  14.522 0.6000000238
22064  -34.505  -50.944  14.218 0.5000000000
22913  -35.968  -48.924  14.881 0.6000000238
116613  -34.438  -49.908  15.410 0.6000000238
22911  -33.626  -50.041  15.742 0.5000000000
20356  -41.987  -52.095  22.117 0.3000000119
20355  -41.271  -52.403  22.382 0.3000000119
20369  -42.611  -52.418  21.537 0.3000000119
21165  -43.023  -51.550  21.331 0.3000000119
19575  -43.091  -53.191  20.849 0.3000000119
20370  -43.391  -52.296  20.892 0.3000000119
20376  -43.929  -52.106  20.202 0.3000000119
21999  -42.678  -50.290  21.335 0.3000000119
22000  -43.149  -50.860  21.017 0.3000000119
21173  -43.482  -51.465  20.659 0.3000000119
22016  -44.016  -51.085  19.081 0.3000000119
113828  -43.064  -50.221  20.490 0.3000000119
22008  -43.422  -50.824  20.358 0.3000000119
24558  -43.252  -47.927  16.353 0.3000000119
104015  -42.761  -47.337  16.796 0.3000000119
24571  -42.746  -47.297  15.732 0.3000000119
25479  -41.782  -46.131  15.646 0.3000000119
25480  -42.372  -46.665  16.297 0.3000000119
17966  -40.244  -56.302  14.166 0.4000000060
20368  -41.690  -52.874  21.778 0.3000000119
19587  -42.570  -54.048  20.432 0.3000000119
104062  -40.192  -56.613  14.017 0.4000000060
19597  -44.305  -53.987  19.394 0.3000000119
20382  -44.386  -52.793  19.640 0.3000000119
22856  -43.483  -50.407  19.626 0.3000000119
22877  -43.499  -49.596  18.360 0.3000000119
24557  -43.084  -47.848  17.217 0.3000000119
23714  -43.452  -48.521  17.204 0.3000000119
22903  -43.911  -49.178  16.628 0.3000000119
116869  -43.539  -48.332  15.718 0.3000000119
24580  -43.188  -47.824  15.220 0.3000000119
25490  -42.160  -46.795  15.034 0.3000000119
19589  -43.822  -53.028  20.272 0.3000000119
21193  -44.471  -51.760  18.569 0.3000000119
14014  -25.489  -60.372  19.299 0.4000000060
118211  -26.066  -59.009  19.113 0.3000000119
15399  -26.365  -58.349  18.564 0.3000000119
16174  -26.690  -57.616  17.867 0.3000000119
18815  -33.053  -54.961  16.252 0.4000000060
18816  -33.519  -54.592  15.786 0.4000000060
17951  -33.491  -55.647  15.979 0.4000000060
17957  -34.267  -55.871  15.489 0.4000000060
117680  -34.061  -53.655  14.908 0.4000000060
18824  -34.131  -54.266  15.331 0.4000000060
18833  -35.265  -54.890  14.798 0.4000000060
18834  -35.861  -54.561  14.343 0.4000000060
17962  -35.031  -55.653  15.024 0.4000000060
17963  -35.732  -55.446  14.563 0.4000000060
20396  -29.374  -52.809  17.302 0.3000000119
19632  -31.725  -52.996  15.437 0.4000000060
19642  -35.958  -53.723  14.030 0.4000000060
20404  -29.571  -52.417  16.340 0.3000000119
17964  -36.581  -55.178  14.078 0.4000000060
20415  -30.511  -52.257  15.245 0.4000000060
17039  -32.864  -56.594  16.051 0.4000000060
19625  -32.843  -54.092  15.911 0.4000000060
118510  -34.048  -55.052  15.645 0.4000000060
18825  -34.648  -54.916  15.263 0.4000000060
12041  -31.761  -63.344  19.489 0.3000000119
12686  -32.952  -62.446  19.603 0.3000000119
12688  -34.495  -61.962  19.025 0.3000000119
14692  -34.902  -60.173  19.059 0.3000000119
14698  -35.001  -59.188  18.415 0.3000000119
15416  -37.267  -59.404  17.198 0.3000000119
108238  -38.400  -60.845  16.957 0.3000000119
13374  -38.519  -60.815  16.561 0.3000000119
15421  -38.221  -59.507  16.692 0.3000000119
14708  -38.694  -60.329  16.496 0.3000000119
14709  -39.043  -60.125  16.013 0.3000000119
16194  -37.226  -57.633  16.518 0.3000000119
107300  -38.370  -58.630  16.289 0.3000000119
16196  -39.432  -58.647  15.548 0.3000000119
17042  -37.664  -56.831  16.091 0.3000000119
16200  -39.719  -57.768  15.216 0.3000000119
116503  -39.222  -56.259  15.268 0.3000000119
17046  -38.868  -56.909  15.560 0.3000000119
14027  -35.681  -60.702  18.694 0.3000000119
13328  -30.938  -61.743  23.871 0.3000000119
13356  -35.165  -60.995  19.134 0.3000000119
13381  -38.192  -61.331  16.657 0.3000000119
14011  -33.768  -60.620  20.169 0.4000000060
14658  -30.872  -59.768  23.831 0.3000000119
14684  -32.846  -59.756  20.905 0.4000000060
14704  -37.968  -60.216  17.141 0.3000000119
15359  -30.103  -58.277  24.757 0.3000000119
15388  -32.967  -59.144  20.340 0.4000000060
15422  -39.221  -59.588  16.031 0.3000000119
16129  -30.090  -57.583  24.320 0.3000000119
16136  -30.388  -57.603  23.662 0.3000000119
16143  -30.974  -57.572  22.434 0.4000000060
16150  -31.420  -57.922  21.803 0.4000000060
16151  -31.970  -58.389  21.191 0.4000000060
16166  -33.165  -57.695  19.274 0.4000000060
16195  -38.554  -57.735  15.887 0.3000000119
16201  -39.813  -58.274  15.044 0.3000000119
17011  -31.706  -55.777  19.983 0.4000000060
17044  -33.551  -56.633  15.651 0.4000000060
17055  -38.530  -56.192  13.633 0.5000000000
17840  -28.703  -55.182  25.823 0.3000000119
17863  -29.571  -55.395  24.399 0.3000000119
17898  -31.222  -55.987  21.121 0.4000000060
17908  -31.267  -55.414  20.583 0.3000000119
17946  -34.103  -55.525  17.670 0.4000000060
17952  -34.807  -55.243  17.140 0.4000000060
17954  -36.263  -55.948  16.456 0.4000000060
17955  -37.054  -56.149  16.178 0.4000000060
17960  -38.991  -55.494  15.247 0.4000000060
17961  -39.941  -56.053  14.587 0.5000000000
18771  -30.802  -54.701  20.955 0.3000000119
18809  -34.309  -54.634  17.308 0.5000000000
18835  -36.724  -54.325  13.815 0.5000000000
18836  -39.963  -54.744  13.796 0.5000000000
18838  -37.788  -53.987  13.415 0.6000000238
18839  -38.978  -54.571  13.284 0.5000000000
19507  -28.979  -53.594  25.254 0.3000000119
19551  -29.850  -53.462  23.231 0.3000000119
19588  -43.444  -53.930  20.053 0.3000000119
19643  -39.704  -53.487  13.828 0.5000000000
19646  -35.423  -52.536  13.794 0.5000000000
19650  -39.279  -53.403  13.438 0.6000000238
19651  -39.734  -54.083  13.585 0.5000000000
20320  -29.360  -52.943  24.775 0.3000000119
20367  -40.734  -53.183  21.856 0.3000000119
20375  -30.487  -52.326  20.187 0.3000000119
20381  -31.115  -52.485  19.439 0.3000000119
20397  -32.732  -52.299  18.077 0.4000000060
20398  -33.364  -52.263  17.638 0.4000000060
20407  -35.855  -52.636  16.339 0.4000000060
20408  -36.666  -52.848  15.936 0.5000000000
20421  -39.268  -52.143  14.553 0.5000000000
20429  -39.475  -52.697  13.993 0.5000000000
20437  -39.383  -52.980  13.662 0.5000000000
21096  -28.702  -51.466  26.980 0.3000000119
21143  -41.124  -51.089  23.247 0.4000000060
21179  -43.806  -51.284  19.908 0.3000000119
21180  -44.298  -51.897  19.441 0.3000000119
21189  -27.095  -51.674  18.133 0.5000000000
21232  -39.183  -52.176  13.922 0.5000000000
21238  -36.393  -51.337  13.448 0.6000000238
21240  -38.583  -51.543  13.817 0.6000000238
21905  -29.565  -50.671  27.275 0.3000000119
21924  -29.911  -50.344  26.745 0.3000000119
21942  -32.569  -49.995  26.163 0.3000000119
21990  -42.471  -50.726  21.879 0.3000000119
22024  -32.192  -50.781  18.573 0.3000000119
22025  -43.705  -50.323  18.682 0.3000000119
22037  -37.959  -49.614  17.206 0.6999999881
22048  -38.448  -50.174  16.000 0.6000000238
22071  -36.088  -50.705  13.529 0.6000000238
22073  -38.057  -50.974  13.696 0.6000000238
22785  -30.921  -49.571  24.904 0.3000000119
22844  -42.285  -49.587  21.506 0.4000000060
22868  -43.361  -49.767  19.073 0.3000000119
23647  -40.606  -48.542  23.654 0.4000000060
23702  -43.023  -48.034  17.997 0.3000000119
23731  -43.643  -48.575  16.341 0.3000000119
23741  -37.304  -48.770  15.997 0.6999999881
24465  -35.653  -47.848  25.111 0.4000000060
24476  -34.968  -47.442  24.046 0.5000000000
24545  -42.504  -47.360  18.202 0.4000000060
25455  -36.943  -47.534  19.425 0.6999999881
25489  -41.438  -46.429  14.186 0.3000000119
25498  -41.866  -47.026  13.698 0.3000000119
26143  -37.168  -45.748  25.409 0.5000000000
26175  -33.370  -45.805  23.045 0.6000000238
26208  -40.788  -45.245  18.980 0.4000000060
26847  -38.025  -44.951  24.417 0.4000000060
26868  -38.570  -44.238  22.898 0.4000000060
26897  -40.250  -44.724  19.409 0.4000000060
26918  -39.955  -43.930  16.493 0.3000000119
26919  -40.391  -44.440  15.965 0.3000000119
28283  -38.225  -42.440  19.459 0.4000000060
28298  -39.278  -43.243  17.896 0.4000000060
28328  -33.205  -42.984  13.730 0.6999999881
28342  -40.617  -42.659  11.816 0.3000000119
28949  -30.499  -41.605  21.805 0.6000000238
28973  -37.776  -41.250  18.837 0.4000000060
29026  -33.873  -41.880  12.906 0.6999999881
29027  -34.307  -40.961  12.482 0.6999999881
29028  -40.573  -42.255  11.872 0.3000000119
29838  -39.377  -40.853  16.129 0.3000000119
29882  -34.811  -40.304  12.032 0.6000000238
29883  -41.527  -40.433  11.432 0.4000000060
29884  -42.064  -40.487  11.868 0.3000000119
30645  -35.568  -39.320  21.518 0.5000000000
30711  -43.372  -39.415  14.409 0.3000000119
30730  -41.835  -39.465  11.394 0.4000000060
30731  -42.125  -39.928  11.437 0.4000000060
31430  -37.742  -38.341  18.670 0.5000000000
31488  -43.479  -37.686  13.918 0.3000000119
31495  -41.374  -38.661  11.899 0.4000000060
32106  -33.994  -37.474  21.747 0.5000000000
32185  -39.778  -37.766  15.250 0.5000000000
32186  -40.286  -37.965  14.403 0.5000000000
32204  -41.327  -37.553  12.458 0.5000000000
32220  -42.161  -37.825  11.640 0.5000000000
32980  -44.730  -36.378  12.237 0.3000000119
32986  -43.251  -37.171  11.730 0.4000000060
32988  -44.790  -36.286  11.845 0.3000000119
32989  -45.287  -36.023  11.950 0.3000000119
32990  -45.667  -35.538  12.338 0.3000000119
33873  -32.276  -35.758  11.209 0.5000000000
33879  -44.998  -35.921  11.568 0.3000000119
33880  -46.060  -35.310  11.936 0.3000000119
33883  -44.347  -35.089  11.388 0.3000000119
33884  -44.860  -35.419  11.449 0.3000000119
34751  -39.221  -34.295  17.453 0.4000000060
34763  -40.424  -34.334  16.609 0.4000000060
34770  -31.468  -34.463  15.365 0.6000000238
34777  -31.649  -34.378  14.622 0.6000000238
34793  -35.014  -34.865  10.990 0.5000000000
34807  -45.737  -34.713  11.558 0.3000000119
35675  -34.780  -33.235  19.413 0.6000000238
35700  -40.354  -33.528  17.051 0.4000000060
35743  -43.083  -33.858  12.099 0.4000000060
35756  -34.305  -33.911  10.626 0.4000000060
35757  -34.802  -34.138  10.846 0.4000000060
35758  -45.085  -34.450  11.303 0.3000000119
36666  -44.043  -33.052  11.827 0.4000000060
36669  -46.716  -33.215  11.631 0.3000000119
36675  -30.017  -32.426  10.695 0.5000000000
37492  -37.797  -31.554  19.033 0.6000000238
37493  -38.480  -31.614  18.662 0.5000000000
37530  -41.134  -30.997  15.784 0.4000000060
37552  -41.408  -31.803  13.068 0.4000000060
37558  -33.670  -31.152  11.458 0.4000000060
38328  -43.312  -30.120  12.769 0.3000000119
39148  -39.366  -29.997  17.545 0.4000000060
39190  -40.415  -29.462  13.345 0.4000000060
39203  -40.530  -29.554  13.251 0.3000000119
39204  -40.723  -29.619  13.030 0.3000000119
40045  -38.219  -28.767  18.303 0.4000000060
41008  -39.851  -27.270  13.499 0.3000000119
41009  -39.958  -27.800  13.157 0.3000000119
41811  -39.385  -27.083  16.617 0.3000000119
41855  -39.791  -26.716  13.345 0.3000000119
41865  -39.911  -26.795  13.077 0.3000000119
42715  -36.414  -25.447  18.353 0.3000000119
42745  -38.897  -25.590  16.553 0.3000000119
42762  -39.640  -25.263  15.003 0.3000000119
42795  -41.250  -25.318  12.524 0.3000000119
43687  -37.959  -24.718  17.263 0.3000000119
44460  -35.317  -23.760  18.236 0.3000000119
44461  -35.974  -24.155  18.203 0.3000000119
44538  -39.356  -23.787  13.079 0.3000000119
44551  -39.364  -23.790  12.374 0.3000000119
44554  -41.857  -23.980  12.209 0.3000000119
44567  -39.987  -23.406  11.692 0.3000000119
44570  -43.633  -23.779  11.542 0.3000000119
45293  -38.200  -22.813  15.957 0.3000000119
45312  -38.523  -22.623  15.264 0.3000000119
45380  -43.561  -22.330  11.281 0.3000000119
46199  -35.401  -21.761  17.318 0.3000000119
46296  -42.073  -21.896  11.451 0.3000000119
47267  -36.546  -20.450  15.738 0.3000000119
47339  -41.382  -20.474  10.658 0.3000000119
47354  -43.725  -19.934  10.028 0.3000000119
48283  -44.140  -19.537  9.646 0.3000000119
50103  -44.042  -17.889  8.357 0.3000000119
100396  -29.434  -56.131  24.929 0.3000000119
100457  -31.230  -50.282  19.690 0.3000000119
100595  -42.582  -47.924  18.763 0.4000000060
102198  -33.304  -57.156  18.830 0.4000000060
102312  -39.329  -29.222  17.411 0.4000000060
102363  -40.745  -49.202  23.656 0.4000000060
102971  -37.341  -24.807  17.721 0.3000000119
103179  -33.640  -43.389  24.726 0.5000000000
103560  -30.775  -49.772  23.157 0.3000000119
104136  -32.832  -45.367  22.602 0.6999999881
104863  -30.654  -56.017  22.449 0.3000000119
105243  -40.287  -19.479  9.383 0.3000000119
105427  -42.761  -50.964  21.531 0.4000000060
105661  -30.723  -54.056  20.608 0.3000000119
107546  -38.408  -48.862  25.449 0.4000000060
107589  -33.725  -42.643  24.468 0.5000000000
107649  -42.611  -33.283  12.457 0.4000000060
107862  -41.850  -46.202  17.776 0.4000000060
108288  -41.513  -34.734  13.719 0.4000000060
108641  -33.109  -55.930  18.533 0.4000000060
109183  -40.568  -28.269  13.006 0.3000000119
110449  -37.972  -55.180  15.620 0.4000000060
111130  -43.137  -37.839  11.828 0.4000000060
112004  -32.778  -41.518  23.711 0.5000000000
112174  -38.847  -22.507  14.243 0.3000000119
113187  -46.368  -31.150  11.252 0.3000000119
113472  -36.380  -39.691  20.627 0.5000000000
113543  -40.924  -30.155  12.923 0.3000000119
114366  -41.852  -32.871  12.854 0.4000000060
114545  -35.307  -50.368  14.154 0.6000000238
114678  -34.524  -52.725  25.589 0.3000000119
114765  -41.096  -48.837  23.178 0.4000000060
115672  -46.499  -34.734  12.194 0.3000000119
115771  -41.499  -34.787  14.504 0.4000000060
116128  -37.136  -47.613  18.170 0.6999999881
116737  -41.620  -50.781  22.842 0.4000000060
116804  -38.295  -34.031  18.157 0.4000000060
117470  -37.605  -38.939  19.074 0.4000000060
117884  -43.630  -37.274  13.367 0.4000000060
118022  -31.638  -56.837  20.849 0.4000000060
118054  -32.505  -38.223  22.026 0.6000000238
118155  -31.348  -35.022  18.462 0.6000000238
118391  -32.806  -52.773  27.207 0.3000000119
118429  -39.147  -24.318  15.576 0.3000000119
118814  -35.218  -52.406  16.629 0.4000000060
119408  -32.770  -43.231  13.501 0.6999999881
119537  -34.293  -39.182  11.486 0.6000000238
119647  -29.355  -54.943  24.726 0.3000000119
119863  -35.050  -39.931  11.861 0.6000000238
120003  -31.860  -54.923  19.342 0.3000000119
