#!ascii label  , from subject sub-01 vox2ras=TkReg
622
9030  -31.308  -69.446  17.097 0.5000000000
8415  -30.878  -69.886  16.389 0.8000000119
119392  -30.240  -67.674  16.254 0.8000000119
9645  -30.056  -68.606  16.211 0.8000000119
9041  -31.242  -69.413  16.145 0.8000000119
9029  -30.219  -68.913  18.072 0.5000000000
8408  -30.997  -69.822  16.680 0.5000000000
9036  -31.536  -69.295  16.456 0.6000000238
10257  -29.621  -66.588  16.534 0.6999999881
9647  -32.206  -68.475  16.014 0.8000000119
115197  -31.859  -68.944  16.104 0.6999999881
9028  -29.506  -69.379  18.330 0.6000000238
9637  -32.005  -68.861  16.928 0.6000000238
10849  -28.211  -65.227  17.140 0.6999999881
9638  -32.556  -68.252  16.891 0.6000000238
10854  -29.016  -65.486  16.778 0.6999999881
10256  -28.499  -66.157  16.854 0.6999999881
10258  -31.149  -67.407  16.099 0.6999999881
9037  -32.282  -68.548  16.398 0.6000000238
10252  -32.882  -67.810  16.835 0.6000000238
9648  -32.654  -68.023  16.283 0.8000000119
9643  -32.773  -68.013  16.594 0.6999999881
9633  -29.686  -67.663  18.898 0.4000000060
9636  -30.879  -68.347  17.805 0.6000000238
11444  -28.788  -64.536  16.994 0.6999999881
10247  -32.047  -67.161  17.565 0.6000000238
11445  -29.410  -63.989  16.823 0.6999999881
10855  -30.118  -65.898  16.480 0.6999999881
10856  -31.529  -66.390  16.128 0.6999999881
10259  -32.306  -67.744  15.957 0.6000000238
10253  -33.144  -67.382  16.501 0.6999999881
10853  -34.738  -65.689  16.586 0.5000000000
102212  -32.503  -66.155  15.922 0.6000000238
10858  -33.495  -66.827  16.003 0.6000000238
119636  -34.012  -66.430  15.959 0.6000000238
11454  -33.340  -65.934  15.810 0.6000000238
11455  -34.670  -65.554  16.181 0.5000000000
10241  -30.298  -66.239  18.966 0.4000000060
10245  -30.444  -67.203  18.538 0.5000000000
113189  -28.726  -63.000  17.369 0.6999999881
10246  -31.006  -66.835  18.286 0.6000000238
10846  -31.995  -65.970  17.882 0.6000000238
11450  -29.441  -64.903  16.721 0.6999999881
10850  -33.082  -67.110  17.100 0.6000000238
11451  -30.346  -64.886  16.549 0.6999999881
10851  -33.771  -66.679  16.775 0.5000000000
11447  -34.776  -65.607  16.969 0.6000000238
11452  -31.374  -65.253  16.258 0.6999999881
11456  -35.182  -65.050  16.616 0.5000000000
11448  -35.254  -65.070  16.849 0.5000000000
12066  -34.054  -64.765  15.886 0.5000000000
12049  -26.876  -62.822  18.748 0.6000000238
104224  -27.823  -61.902  17.994 0.6000000238
10240  -29.674  -66.627  19.391 0.5000000000
10841  -30.411  -65.342  19.315 0.5000000000
12697  -28.355  -62.498  17.721 0.6999999881
12056  -28.282  -63.278  17.757 0.6999999881
10845  -31.051  -66.013  18.444 0.5000000000
11440  -32.058  -64.896  18.282 0.4000000060
12058  -29.279  -63.173  17.050 0.6999999881
119886  -29.645  -63.486  16.858 0.6999999881
12063  -30.126  -63.826  16.684 0.6999999881
11441  -33.079  -64.832  17.890 0.5000000000
112358  -30.882  -64.375  16.462 0.6999999881
11453  -31.967  -64.739  16.178 0.6000000238
12060  -35.024  -64.728  17.333 0.5000000000
100484  -33.072  -64.724  15.952 0.6000000238
12061  -35.857  -64.500  17.118 0.5000000000
107674  -33.068  -63.654  16.231 0.5000000000
106114  -34.045  -63.724  16.171 0.5000000000
12067  -34.907  -64.686  16.104 0.5000000000
11457  -35.991  -64.465  16.927 0.5000000000
12068  -35.715  -64.298  16.475 0.5000000000
12703  -37.035  -63.081  17.001 0.3000000119
12041  -31.761  -63.344  19.489 0.3000000119
12692  -25.878  -62.158  18.527 0.6000000238
115002  -26.752  -62.121  18.366 0.6000000238
11437  -31.348  -64.074  19.062 0.4000000060
13368  -29.363  -61.986  17.752 0.6000000238
12052  -33.196  -63.839  18.376 0.5000000000
12699  -29.680  -62.630  17.235 0.6999999881
12700  -30.500  -62.762  17.044 0.6999999881
11442  -34.079  -64.791  17.600 0.5000000000
12064  -30.928  -63.554  16.609 0.5000000000
12054  -35.094  -63.708  17.751 0.5000000000
12065  -32.058  -63.626  16.324 0.5000000000
12055  -36.249  -63.211  17.511 0.4000000060
12062  -36.400  -64.057  17.076 0.3000000119
12696  -36.862  -62.767  17.355 0.4000000060
12709  -36.184  -63.388  16.415 0.5000000000
12710  -36.826  -63.174  16.818 0.4000000060
13361  -26.101  -61.912  18.460 0.6000000238
13362  -27.030  -61.928  18.267 0.6000000238
114665  -28.133  -61.608  18.311 0.6000000238
12693  -28.564  -61.941  17.842 0.6000000238
12043  -33.433  -62.950  18.828 0.3000000119
12053  -34.177  -63.777  18.087 0.4000000060
12698  -28.988  -62.497  17.438 0.6000000238
12694  -34.342  -62.844  18.573 0.3000000119
12059  -29.959  -63.197  16.855 0.6999999881
13365  -35.231  -61.691  18.740 0.3000000119
13366  -35.933  -61.368  18.471 0.3000000119
107257  -36.065  -62.221  18.016 0.3000000119
12701  -32.033  -62.258  17.287 0.5000000000
12705  -31.442  -62.855  16.831 0.5000000000
12706  -32.339  -62.890  16.621 0.5000000000
14031  -37.484  -61.506  17.493 0.3000000119
13367  -36.831  -61.847  17.794 0.3000000119
109729  -33.237  -62.693  16.593 0.5000000000
12707  -34.260  -62.837  16.331 0.5000000000
101986  -38.125  -61.405  17.020 0.3000000119
13376  -33.809  -61.945  16.845 0.5000000000
13379  -37.323  -62.213  16.486 0.4000000060
12704  -37.442  -62.426  16.904 0.3000000119
13351  -25.616  -61.173  19.048 0.5000000000
13352  -26.503  -61.475  18.768 0.6000000238
13353  -27.408  -61.294  18.868 0.5000000000
13363  -30.055  -61.403  18.462 0.5000000000
14699  -35.800  -60.038  18.395 0.3000000119
105317  -30.796  -61.750  18.040 0.6000000238
14703  -36.759  -59.935  17.702 0.3000000119
14028  -36.648  -60.899  18.108 0.3000000119
100435  -31.077  -62.287  17.482 0.6000000238
119030  -32.613  -62.482  16.961 0.5000000000
14033  -34.861  -61.097  16.386 0.5000000000
13378  -36.558  -62.463  16.303 0.4000000060
14034  -35.956  -61.487  15.930 0.4000000060
108245  -26.531  -60.612  19.417 0.5000000000
103597  -28.025  -60.500  19.485 0.5000000000
14015  -28.918  -60.140  19.497 0.5000000000
14022  -28.241  -61.123  19.024 0.5000000000
14023  -29.449  -60.692  19.144 0.5000000000
15413  -34.902  -58.193  18.044 0.3000000119
114519  -35.452  -58.731  17.854 0.3000000119
13364  -31.039  -61.022  18.568 0.6000000238
13370  -31.552  -61.636  17.953 0.6000000238
104646  -32.302  -61.445  17.796 0.5000000000
120189  -34.205  -61.288  16.813 0.5000000000
14039  -38.588  -60.780  16.221 0.4000000060
14714  -38.245  -60.275  15.441 0.4000000060
14689  -28.253  -59.507  19.562 0.5000000000
14690  -29.238  -59.340  19.336 0.5000000000
14016  -29.661  -59.961  19.371 0.5000000000
15403  -34.278  -58.391  18.606 0.4000000060
16177  -34.331  -57.511  18.209 0.4000000060
14024  -30.315  -60.406  19.026 0.5000000000
15414  -35.544  -58.039  17.514 0.4000000060
16189  -36.278  -57.933  16.980 0.3000000119
99642  -31.135  -59.840  18.689 0.4000000060
15420  -37.210  -58.635  16.842 0.3000000119
14025  -31.996  -60.570  18.283 0.5000000000
14029  -32.865  -60.665  17.758 0.4000000060
13371  -33.634  -61.023  17.290 0.4000000060
14036  -36.422  -60.752  15.603 0.4000000060
117376  -27.574  -59.268  19.523 0.5000000000
17023  -33.742  -56.947  18.371 0.4000000060
14697  -30.170  -59.283  18.963 0.4000000060
17036  -35.144  -56.573  17.272 0.4000000060
16188  -35.627  -57.272  17.137 0.4000000060
15401  -30.888  -58.803  18.256 0.4000000060
14700  -31.884  -59.272  17.968 0.4000000060
16193  -36.259  -57.212  16.756 0.4000000060
14026  -32.529  -59.912  17.912 0.4000000060
14030  -33.408  -59.974  17.324 0.4000000060
14707  -34.548  -59.954  16.309 0.4000000060
14035  -35.357  -60.405  15.879 0.4000000060
14713  -36.969  -60.116  15.284 0.4000000060
14719  -39.020  -59.507  15.139 0.4000000060
14718  -37.700  -59.528  14.950 0.4000000060
15390  -27.842  -58.705  19.239 0.5000000000
15391  -28.717  -58.664  19.096 0.4000000060
17934  -33.350  -55.403  18.187 0.4000000060
17035  -34.364  -56.574  17.795 0.4000000060
112963  -29.508  -58.637  18.778 0.5000000000
99496  -30.133  -58.520  18.338 0.4000000060
17040  -35.835  -56.584  16.782 0.4000000060
14701  -32.661  -59.363  17.350 0.4000000060
117548  -33.135  -59.220  16.730 0.4000000060
15427  -39.486  -59.042  15.327 0.3000000119
14712  -35.770  -59.780  15.424 0.4000000060
15408  -29.058  -57.638  17.619 0.4000000060
115244  -29.592  -58.071  17.801 0.5000000000
15410  -30.311  -58.071  17.287 0.4000000060
17947  -34.759  -55.937  17.352 0.4000000060
15417  -30.911  -57.840  16.638 0.4000000060
15411  -31.246  -58.382  17.162 0.4000000060
15418  -31.739  -58.158  16.383 0.4000000060
14705  -32.534  -58.661  16.499 0.4000000060
15419  -33.181  -58.761  16.112 0.4000000060
102735  -33.980  -59.042  15.918 0.4000000060
14711  -34.843  -59.401  15.704 0.4000000060
15433  -39.491  -58.612  14.811 0.4000000060
15431  -37.030  -58.643  14.657 0.4000000060
15432  -38.372  -58.805  14.640 0.4000000060
16185  -29.539  -57.276  17.210 0.4000000060
16186  -30.206  -57.474  16.885 0.4000000060
16190  -30.937  -57.287  16.550 0.4000000060
16191  -31.498  -57.707  16.312 0.4000000060
15423  -32.498  -58.218  15.972 0.4000000060
15428  -39.805  -58.183  14.802 0.4000000060
15425  -33.999  -58.120  15.412 0.4000000060
119667  -34.525  -58.372  15.394 0.4000000060
15429  -34.830  -57.971  15.182 0.4000000060
15430  -35.853  -58.339  14.921 0.4000000060
16204  -36.632  -57.814  14.544 0.4000000060
100667  -30.072  -56.897  17.018 0.4000000060
17038  -32.046  -57.331  16.152 0.4000000060
16192  -32.024  -57.888  16.050 0.4000000060
17043  -32.955  -57.317  15.699 0.4000000060
16197  -32.610  -57.869  15.760 0.4000000060
16198  -33.362  -57.770  15.515 0.4000000060
16202  -34.912  -57.059  15.070 0.4000000060
16206  -39.849  -57.364  14.003 0.3000000119
109232  -37.643  -58.137  14.399 0.4000000060
17033  -30.922  -56.549  16.994 0.4000000060
17945  -31.524  -55.525  17.193 0.4000000060
17037  -31.596  -56.589  16.647 0.4000000060
104088  -32.291  -56.438  16.436 0.4000000060
17045  -34.171  -56.824  15.340 0.4000000060
17049  -34.752  -56.375  15.160 0.4000000060
17048  -40.224  -56.834  14.353 0.4000000060
16207  -40.145  -57.426  14.362 0.3000000119
114263  -35.705  -56.780  14.706 0.4000000060
107274  -37.548  -57.428  14.198 0.5000000000
17056  -39.562  -56.603  13.729 0.4000000060
106163  -36.488  -57.005  14.439 0.5000000000
117020  -30.950  -54.814  17.528 0.4000000060
17949  -32.153  -55.841  16.762 0.4000000060
18814  -32.336  -54.842  16.604 0.4000000060
17950  -32.749  -55.731  16.438 0.4000000060
17050  -35.393  -56.257  14.812 0.4000000060
17052  -37.417  -56.585  14.002 0.5000000000
18813  -31.499  -54.129  16.888 0.4000000060
17051  -36.347  -56.120  14.361 0.4000000060
17965  -37.429  -55.731  13.818 0.5000000000
19617  -30.639  -53.898  17.363 0.4000000060
19624  -32.131  -53.667  16.124 0.4000000060
17967  -37.619  -54.883  13.598 0.5000000000
20405  -30.316  -52.607  16.037 0.4000000060
19622  -30.142  -53.045  16.952 0.4000000060
19623  -30.877  -53.240  16.542 0.4000000060
19631  -31.037  -52.763  15.731 0.4000000060
19632  -31.725  -52.996  15.437 0.5000000000
13377  -34.595  -62.040  16.435 0.5000000000
13382  -37.067  -61.668  15.908 0.4000000060
8407  -30.463  -69.975  17.239 0.5000000000
9039  -29.224  -69.021  16.325 0.8000000119
9644  -28.611  -67.944  16.609 0.8000000119
10255  -28.003  -66.875  16.908 0.6999999881
8403  -28.884  -69.723  18.577 0.5000000000
10251  -27.587  -65.939  17.150 0.6999999881
9024  -28.627  -68.933  19.176 0.5000000000
10844  -27.522  -65.165  17.815 0.6999999881
9025  -29.178  -68.379  18.996 0.4000000060
11443  -28.211  -64.309  17.664 0.6999999881
108563  -27.639  -62.550  18.166 0.6999999881
10239  -29.019  -66.972  19.840 0.4000000060
10840  -29.775  -65.763  19.766 0.4000000060
11436  -30.531  -64.282  19.677 0.4000000060
13360  -25.051  -61.887  18.466 0.6000000238
14688  -27.267  -59.875  19.697 0.5000000000
113171  -26.947  -58.961  19.390 0.4000000060
103178  -28.248  -58.011  18.302 0.4000000060
16184  -28.290  -57.332  17.595 0.4000000060
119062  -28.894  -57.160  17.427 0.4000000060
17032  -29.229  -56.859  17.434 0.4000000060
17944  -30.536  -55.780  17.671 0.4000000060
18807  -30.214  -54.712  17.937 0.4000000060
19616  -29.738  -53.722  17.823 0.4000000060
20404  -29.571  -52.417  16.340 0.4000000060
9040  -30.216  -69.877  16.225 0.8000000119
9646  -31.411  -68.665  15.965 0.8000000119
110448  -29.110  -67.250  16.620 0.6999999881
103546  -31.503  -67.798  17.636 0.6000000238
10857  -32.839  -67.320  16.019 0.6999999881
10847  -33.049  -65.936  17.470 0.6000000238
10852  -34.348  -66.139  16.612 0.6000000238
10254  -33.897  -66.560  16.290 0.6000000238
11446  -34.093  -65.904  17.172 0.5000000000
11439  -31.139  -65.014  18.746 0.5000000000
12051  -32.249  -63.958  18.685 0.3000000119
12708  -35.283  -63.165  16.211 0.5000000000
105051  -28.915  -61.369  18.531 0.6000000238
99694  -35.592  -62.304  16.187 0.5000000000
14032  -34.113  -60.461  16.840 0.4000000060
100538  -38.909  -60.169  15.787 0.4000000060
14717  -36.328  -59.219  15.051 0.4000000060
14710  -34.275  -58.647  15.579 0.4000000060
16203  -35.675  -57.487  14.808 0.4000000060
118071  -31.495  -53.282  16.180 0.4000000060
5463  -20.238  -74.676  19.073 0.4000000060
5464  -21.273  -74.510  18.910 0.4000000060
5465  -22.259  -74.801  18.971 0.4000000060
5472  -20.520  -74.232  18.634 0.4000000060
5473  -21.279  -74.078  18.525 0.4000000060
103667  -21.895  -74.388  18.708 0.4000000060
5479  -22.120  -74.087  18.408 0.4000000060
5481  -23.687  -74.430  18.179 0.5000000000
116262  -20.679  -73.829  18.408 0.4000000060
114549  -22.173  -73.557  18.311 0.5000000000
5978  -22.872  -73.948  18.215 0.5000000000
5979  -23.777  -73.613  17.996 0.6000000238
5975  -20.377  -73.202  18.315 0.4000000060
5976  -21.295  -73.469  18.333 0.4000000060
6550  -21.862  -72.736  18.309 0.4000000060
9632  -28.887  -67.644  19.578 0.3000000119
10836  -29.402  -65.405  20.526 0.3000000119
5980  -24.634  -74.074  17.725 0.5000000000
104793  -28.010  -70.561  18.793 0.5000000000
9023  -27.799  -68.658  19.800 0.4000000060
7141  -20.910  -70.971  18.397 0.4000000060
6553  -22.818  -73.140  18.254 0.5000000000
6549  -20.828  -72.223  18.300 0.4000000060
6555  -24.902  -73.199  17.538 0.6000000238
5981  -25.684  -73.874  17.485 0.6000000238
6557  -27.127  -73.232  17.157 0.6999999881
5982  -26.475  -73.727  17.461 0.6999999881
6551  -27.248  -73.363  17.640 0.6999999881
7796  -28.617  -71.410  18.031 0.6999999881
6552  -27.735  -72.655  17.247 0.6999999881
7147  -22.584  -71.927  18.379 0.5000000000
6554  -23.686  -72.606  18.091 0.6000000238
103824  -25.730  -72.548  17.244 0.6000000238
7142  -21.761  -70.817  18.433 0.4000000060
7143  -22.794  -70.794  18.391 0.5000000000
101366  -24.458  -72.010  17.905 0.6000000238
7148  -26.756  -72.864  16.830 0.6000000238
7149  -27.593  -72.395  16.827 0.6000000238
10837  -29.951  -64.934  20.144 0.3000000119
6556  -26.234  -73.309  17.142 0.6000000238
7150  -28.546  -72.036  16.936 0.6999999881
7798  -29.552  -70.355  17.700 0.6000000238
7794  -21.972  -69.769  18.470 0.6000000238
7795  -23.106  -69.776  18.188 0.6000000238
7799  -24.211  -70.036  17.972 0.6999999881
108805  -24.982  -71.230  17.770 0.6000000238
7801  -26.318  -71.670  17.114 0.6000000238
115174  -23.495  -71.640  18.251 0.6000000238
7151  -29.044  -71.592  16.905 0.6999999881
7797  -29.254  -71.216  17.323 0.6999999881
8409  -23.535  -68.882  17.763 0.6000000238
8410  -24.511  -69.198  17.600 0.6999999881
8411  -25.526  -69.422  17.456 0.6999999881
7800  -25.310  -70.278  17.623 0.6999999881
109588  -26.149  -70.395  17.295 0.6000000238
8414  -30.489  -70.219  16.642 0.5000000000
107722  -28.415  -71.456  16.668 0.6999999881
7152  -29.016  -71.504  16.748 0.6999999881
7804  -29.969  -70.712  16.921 0.6000000238
9035  -26.935  -68.288  17.081 0.6999999881
111043  -27.868  -69.506  16.688 0.6999999881
9034  -25.826  -68.543  17.341 0.6999999881
109186  -26.895  -69.240  17.020 0.6000000238
8412  -26.490  -69.782  17.165 0.6999999881
8416  -28.725  -70.656  16.428 0.6999999881
8418  -30.286  -70.252  16.482 0.5000000000
7802  -27.125  -71.052  16.893 0.6000000238
7805  -29.137  -71.164  16.540 0.6999999881
7803  -29.433  -71.100  16.741 0.6000000238
9038  -28.155  -68.661  16.672 0.6999999881
9642  -27.487  -67.540  16.941 0.6999999881
8417  -29.623  -70.637  16.438 0.6000000238
109972  -29.042  -69.860  16.320 0.6999999881
8402  -28.063  -69.649  19.249 0.5000000000
5480  -22.876  -74.414  18.401 0.4000000060
119654  -21.583  -71.725  18.378 0.4000000060
7145  -28.255  -72.215  17.732 0.6999999881
7146  -28.794  -71.736  17.287 0.6999999881
110119  -23.848  -70.908  18.180 0.6000000238
8413  -27.580  -70.314  16.734 0.6000000238
110768  -24.906  -68.638  17.458 0.5000000000
8405  -22.704  -68.851  18.178 0.5000000000
9033  -24.804  -68.100  17.464 0.6000000238
119487  -21.362  -69.708  18.671 0.4000000060
8404  -21.948  -69.319  18.661 0.5000000000
9031  -23.369  -68.354  17.897 0.5000000000
9032  -24.059  -68.298  17.585 0.5000000000
9639  -24.375  -67.726  17.701 0.5000000000
107529  -26.006  -67.654  17.321 0.5000000000
9640  -25.224  -67.620  17.536 0.5000000000
9641  -26.535  -67.163  17.187 0.6999999881
10248  -25.780  -66.932  17.588 0.6000000238
10250  -27.045  -66.604  17.112 0.6000000238
8399  -21.331  -69.571  18.885 0.5000000000
9026  -22.526  -68.746  18.590 0.5000000000
9027  -23.131  -68.309  18.238 0.5000000000
9635  -24.950  -67.222  17.969 0.5000000000
9634  -23.648  -67.906  17.892 0.5000000000
10249  -26.474  -66.585  17.424 0.5000000000
10848  -26.883  -65.998  17.512 0.6000000238
8400  -21.954  -69.161  18.996 0.5000000000
9022  -23.054  -68.200  18.839 0.5000000000
9630  -24.252  -67.323  19.151 0.5000000000
109376  -24.183  -67.512  18.198 0.5000000000
10243  -25.603  -66.600  18.418 0.5000000000
10244  -26.297  -66.269  17.991 0.5000000000
8394  -22.373  -69.363  19.960 0.5000000000
9021  -22.669  -68.717  19.341 0.5000000000
106982  -23.739  -67.737  19.512 0.5000000000
9625  -24.266  -67.136  20.266 0.5000000000
10233  -24.977  -66.133  20.363 0.6000000238
10834  -25.217  -65.509  20.364 0.4000000060
10237  -24.780  -66.714  19.863 0.5000000000
10238  -25.481  -66.201  19.647 0.5000000000
10242  -24.897  -66.960  18.805 0.4000000060
11428  -25.205  -64.643  20.402 0.4000000060
11433  -26.009  -64.246  19.938 0.5000000000
12031  -25.161  -63.897  20.149 0.4000000060
10842  -26.247  -65.870  19.102 0.6000000238
10843  -26.854  -65.498  18.478 0.6000000238
117269  -27.686  -64.473  18.269 0.6000000238
10838  -25.914  -65.285  19.945 0.5000000000
11434  -26.716  -64.248  19.457 0.5000000000
12038  -25.404  -63.381  19.555 0.4000000060
10839  -26.606  -64.989  19.435 0.6000000238
11438  -27.233  -64.572  18.854 0.6000000238
12039  -26.392  -63.538  19.416 0.5000000000
12691  -24.414  -62.209  18.442 0.3000000119
12047  -24.445  -62.699  18.740 0.4000000060
12048  -25.662  -62.670  18.842 0.5000000000
11435  -27.090  -63.808  19.160 0.5000000000
12050  -27.682  -63.712  18.479 0.6000000238
15400  -27.267  -58.146  18.577 0.3000000119
14687  -26.274  -59.718  19.527 0.4000000060
14014  -25.489  -60.372  19.299 0.4000000060
16175  -27.543  -57.469  17.777 0.3000000119
17031  -28.320  -56.813  17.586 0.3000000119
17942  -28.928  -56.065  18.113 0.3000000119
115346  -29.709  -56.266  17.761 0.3000000119
17943  -29.668  -55.474  18.178 0.3000000119
18800  -29.395  -54.609  18.355 0.3000000119
112282  -25.033  -62.286  18.509 0.5000000000
119410  -27.680  -72.878  17.854 0.6000000238
7791  -27.623  -71.269  18.750 0.6000000238
9613  -27.039  -67.337  21.383 0.3000000119
9627  -27.689  -67.959  20.306 0.3000000119
9628  -28.283  -67.346  20.263 0.3000000119
9019  -26.523  -68.571  21.127 0.3000000119
9631  -28.390  -68.097  19.705 0.3000000119
7137  -27.160  -72.127  18.767 0.6000000238
10223  -26.497  -67.297  22.340 0.3000000119
10225  -28.076  -66.207  21.274 0.3000000119
10234  -27.803  -66.901  20.975 0.3000000119
10235  -28.518  -66.548  20.561 0.3000000119
9020  -27.106  -68.500  20.414 0.3000000119
8397  -27.135  -69.204  19.974 0.3000000119
8401  -27.138  -70.195  19.606 0.4000000060
7793  -21.091  -70.134  18.527 0.4000000060
10209  -26.868  -66.415  22.599 0.3000000119
10224  -27.297  -66.653  21.742 0.3000000119
10824  -28.409  -65.515  21.613 0.3000000119
4922  -23.920  -75.624  19.497 0.5000000000
104123  -20.987  -74.516  19.497 0.4000000060
5456  -21.884  -74.559  19.536 0.4000000060
5466  -23.011  -75.162  19.288 0.4000000060
5457  -23.477  -75.036  20.082 0.5000000000
4942  -25.272  -75.904  18.809 0.5000000000
115990  -25.093  -76.232  19.134 0.5000000000
4940  -23.715  -75.404  18.752 0.5000000000
4932  -23.808  -75.636  19.077 0.5000000000
4931  -23.079  -75.188  18.872 0.4000000060
5971  -26.287  -74.866  19.135 0.6000000238
5478  -26.014  -74.881  18.604 0.6000000238
5477  -25.572  -75.088  18.425 0.5000000000
104366  -24.866  -75.308  18.371 0.5000000000
5474  -22.579  -74.649  18.642 0.3000000119
5475  -23.275  -74.947  18.516 0.4000000060
5476  -24.041  -75.194  18.403 0.5000000000
6544  -26.574  -73.873  18.617 0.6000000238
114337  -26.631  -74.041  17.889 0.6000000238
5977  -26.118  -74.347  17.907 0.6000000238
5482  -24.495  -74.704  18.092 0.4000000060
5483  -25.282  -74.550  17.935 0.5000000000
7144  -26.816  -72.971  18.716 0.6000000238
106797  -26.642  -69.007  20.613 0.3000000119
107708  -26.347  -70.379  20.298 0.4000000060
8387  -26.183  -69.316  21.224 0.3000000119
9612  -26.396  -67.994  21.709 0.3000000119
8396  -26.481  -69.662  20.438 0.3000000119
7790  -26.625  -71.116  19.690 0.5000000000
110433  -26.281  -73.644  20.031 0.5000000000
119280  -26.245  -72.964  19.769 0.5000000000
109150  -26.212  -72.469  20.551 0.4000000060
5967  -26.611  -74.632  20.060 0.5000000000
6533  -26.586  -73.331  20.835 0.4000000060
107634  -26.311  -71.972  21.330 0.4000000060
7132  -26.016  -71.518  20.919 0.4000000060
7136  -26.176  -72.014  19.976 0.5000000000
5467  -25.773  -75.636  18.891 0.5000000000
7786  -26.068  -70.997  20.616 0.4000000060
6460  -23.126  -72.609  26.681 0.3000000119
6444  -23.217  -72.802  27.330 0.3000000119
6480  -23.846  -72.488  26.488 0.3000000119
119479  -23.877  -72.612  25.845 0.3000000119
6481  -25.300  -72.723  25.578 0.4000000060
100625  -23.420  -72.660  25.318 0.3000000119
6482  -26.251  -72.604  25.410 0.4000000060
112895  -25.087  -73.290  24.936 0.4000000060
113079  -24.356  -72.953  25.282 0.3000000119
113861  -23.087  -72.981  24.043 0.3000000119
6498  -26.775  -73.205  24.746 0.4000000060
5914  -26.351  -73.936  24.160 0.4000000060
5912  -24.543  -73.450  24.446 0.4000000060
6496  -23.670  -73.044  24.588 0.4000000060
5928  -23.861  -73.472  23.667 0.4000000060
5933  -29.179  -74.239  23.014 0.3000000119
107950  -27.218  -73.768  24.173 0.4000000060
5932  -27.147  -74.383  23.582 0.4000000060
5931  -26.457  -74.571  23.460 0.4000000060
5424  -25.273  -74.731  23.004 0.4000000060
5945  -24.443  -74.212  22.900 0.4000000060
102863  -23.537  -73.658  22.657 0.4000000060
5428  -29.885  -75.075  21.670 0.3000000119
116021  -27.825  -74.724  22.903 0.4000000060
4906  -26.639  -75.648  22.028 0.4000000060
5426  -27.123  -75.117  22.709 0.4000000060
5436  -25.738  -75.450  22.289 0.4000000060
5435  -24.976  -75.054  22.228 0.4000000060
4908  -28.689  -76.059  20.972 0.4000000060
4907  -27.659  -75.822  21.527 0.4000000060
5445  -25.565  -75.777  21.471 0.4000000060
5444  -24.745  -75.381  21.260 0.4000000060
5957  -23.259  -73.885  21.711 0.4000000060
5434  -24.146  -74.395  21.960 0.4000000060
5944  -22.623  -73.322  22.386 0.4000000060
4915  -27.098  -76.100  20.964 0.4000000060
4905  -26.277  -75.885  21.497 0.4000000060
4913  -25.458  -76.154  20.496 0.4000000060
5458  -24.481  -75.797  20.156 0.4000000060
5443  -23.857  -74.677  20.995 0.4000000060
4924  -26.996  -76.006  20.400 0.4000000060
4923  -26.114  -76.261  19.930 0.4000000060
4934  -25.737  -76.111  19.339 0.4000000060
5446  -27.493  -75.172  20.513 0.4000000060
4935  -26.354  -76.082  19.805 0.4000000060
6521  -26.823  -72.396  21.614 0.3000000119
7107  -26.459  -71.410  21.960 0.3000000119
107906  -25.283  -76.287  19.653 0.4000000060
5459  -26.813  -75.782  20.000 0.4000000060
7124  -26.065  -71.137  21.582 0.3000000119
5468  -26.133  -75.686  19.283 0.4000000060
6497  -25.844  -73.263  24.858 0.4000000060
5913  -25.384  -73.757  24.335 0.4000000060
5930  -25.710  -74.377  23.653 0.4000000060
5929  -24.861  -74.032  23.702 0.4000000060
5427  -28.748  -74.874  22.436 0.4000000060
5915  -28.078  -74.103  23.617 0.4000000060
5425  -26.109  -75.018  22.930 0.4000000060
5437  -29.190  -75.511  21.267 0.3000000119
108971  -28.264  -75.505  22.012 0.4000000060
4917  -28.615  -76.007  21.074 0.4000000060
4914  -26.341  -76.159  20.694 0.4000000060
4925  -27.848  -75.858  20.728 0.4000000060
6500  -28.603  -72.788  24.692 0.3000000119
7071  -27.525  -71.725  25.973 0.3000000119
7054  -26.021  -71.644  26.750 0.3000000119
6483  -27.181  -72.472  25.327 0.3000000119
6499  -27.805  -73.168  24.580 0.3000000119
6463  -25.864  -72.130  26.021 0.3000000119
5916  -28.758  -73.465  24.015 0.3000000119
5448  -29.097  -75.560  20.967 0.3000000119
5447  -28.635  -75.583  20.809 0.3000000119
6534  -27.348  -73.754  21.087 0.3000000119
4916  -27.917  -76.002  20.833 0.3000000119
4933  -24.560  -76.045  19.324 0.5000000000
4941  -24.489  -75.819  18.831 0.5000000000
5917  -29.513  -73.628  23.464 0.3000000119
6479  -23.200  -72.488  26.017 0.3000000119
7070  -26.616  -71.907  26.015 0.3000000119
7806  -29.999  -70.612  16.634 0.6000000238
8398  -20.824  -69.916  18.801 0.4000000060
8406  -28.775  -70.520  18.312 0.5000000000
9626  -26.992  -67.918  20.908 0.3000000119
9629  -23.554  -67.800  18.487 0.5000000000
10823  -27.650  -65.925  22.049 0.3000000119
10859  -34.391  -66.166  16.208 0.6000000238
11449  -36.587  -63.817  16.992 0.3000000119
12040  -31.028  -63.550  19.795 0.4000000060
12042  -32.574  -63.143  19.124 0.3000000119
12057  -28.779  -63.682  17.222 0.6999999881
12069  -36.360  -63.979  16.780 0.4000000060
12695  -35.307  -62.728  18.180 0.3000000119
12702  -36.735  -63.522  17.073 0.3000000119
13369  -30.211  -62.158  17.611 0.6000000238
13372  -37.537  -62.199  17.148 0.3000000119
13373  -37.867  -61.822  16.907 0.3000000119
13375  -32.969  -61.832  17.342 0.5000000000
13380  -37.796  -61.830  16.691 0.3000000119
13383  -37.973  -61.439  16.190 0.4000000060
14037  -37.595  -60.939  15.651 0.4000000060
14038  -38.427  -60.813  15.862 0.4000000060
14702  -35.803  -59.355  17.952 0.3000000119
14706  -33.782  -59.535  16.557 0.4000000060
14715  -39.272  -59.515  15.564 0.3000000119
14716  -39.514  -58.997  15.180 0.4000000060
15409  -29.744  -57.622  17.259 0.4000000060
15412  -32.023  -58.678  17.074 0.4000000060
15415  -36.277  -58.845  17.434 0.3000000119
15424  -33.336  -58.330  15.696 0.4000000060
15426  -35.150  -58.821  15.304 0.4000000060
16187  -34.967  -57.346  17.664 0.4000000060
16199  -34.100  -57.529  15.333 0.4000000060
16205  -38.903  -57.985  14.232 0.3000000119
17034  -33.636  -56.152  18.194 0.4000000060
17047  -39.875  -56.949  14.918 0.4000000060
17053  -38.657  -57.075  13.845 0.5000000000
17054  -40.250  -56.994  14.261 0.3000000119
104562  -33.591  -57.255  15.485 0.4000000060
106215  -34.945  -63.846  16.063 0.5000000000
107658  -27.706  -57.037  17.481 0.3000000119
108120  -40.069  -57.512  14.547 0.4000000060
108359  -37.692  -60.871  17.455 0.3000000119
109451  -29.016  -58.202  18.331 0.4000000060
110982  -34.067  -65.775  15.866 0.5000000000
115270  -28.708  -60.765  19.230 0.5000000000
115805  -39.864  -57.870  14.451 0.3000000119
115933  -32.905  -59.943  17.658 0.4000000060
116540  -35.871  -63.726  17.501 0.4000000060
116711  -27.574  -67.464  20.757 0.3000000119
117277  -39.269  -59.561  15.663 0.3000000119
117318  -27.302  -60.538  19.482 0.5000000000
119188  -24.842  -65.107  20.623 0.4000000060
