#!ascii label  , from subject sub-01 vox2ras=TkReg
1358
2632  -9.829  -80.858  20.773 0.5000000000
1485  -10.106  -83.904  23.278 0.5000000000
1460  -10.138  -83.155  25.585 0.5000000000
1459  -9.541  -83.472  26.360 0.5000000000
2610  -8.062  -79.916  21.311 0.5000000000
2620  -8.824  -80.207  20.949 0.5000000000
3041  -9.458  -80.361  21.586 0.5000000000
2622  -10.239  -80.700  21.425 0.5000000000
3043  -10.188  -80.171  22.399 0.6000000238
2251  -10.724  -81.107  21.664 0.5000000000
1130  -9.074  -84.615  25.852 0.5000000000
1852  -10.219  -83.039  22.810 0.5000000000
1449  -8.943  -83.862  27.127 0.5000000000
1831  -10.573  -82.681  24.925 0.6000000238
2225  -11.220  -81.976  25.340 0.6000000238
1811  -9.583  -82.993  27.461 0.6999999881
2217  -11.172  -81.961  26.277 0.6999999881
1821  -10.353  -82.568  26.692 0.6999999881
2207  -11.030  -81.854  27.278 0.6999999881
1812  -10.140  -82.215  27.917 0.6999999881
2611  -8.932  -80.291  22.126 0.5000000000
3026  -9.580  -80.047  22.539 0.6000000238
109457  -8.785  -80.145  23.326 0.6000000238
3011  -9.649  -79.271  23.580 0.6000000238
2243  -11.053  -81.098  22.709 0.5000000000
104610  -9.194  -83.463  28.028 0.5000000000
1098  -9.079  -84.432  28.783 0.5000000000
104170  -9.849  -85.103  29.354 0.6999999881
1438  -9.328  -83.625  28.765 0.6999999881
1084  -9.713  -83.997  29.441 0.6999999881
2242  -10.819  -81.965  23.071 0.6000000238
2233  -11.237  -81.338  23.695 0.6999999881
1424  -9.866  -83.000  29.354 0.6999999881
2226  -11.668  -81.345  25.795 0.6999999881
2218  -11.566  -81.306  26.709 0.6999999881
1410  -10.619  -82.445  29.871 0.6999999881
2208  -11.479  -81.146  27.701 0.6999999881
2198  -10.828  -81.566  28.528 0.6999999881
2186  -10.902  -81.795  30.068 0.6999999881
2550  -11.566  -80.775  28.861 0.6999999881
2187  -11.048  -81.305  29.616 0.6999999881
2541  -11.565  -80.778  30.069 0.6999999881
2600  -8.129  -80.409  24.224 0.5000000000
3010  -8.772  -79.814  24.432 0.6000000238
118057  -8.960  -79.250  24.925 0.6000000238
3454  -9.387  -78.674  24.431 0.6000000238
3028  -10.321  -79.506  23.257 0.6000000238
3455  -9.884  -78.151  24.208 0.6000000238
113276  -10.715  -80.429  22.656 0.6000000238
108466  -10.674  -84.359  29.716 0.6999999881
2612  -11.295  -80.620  23.679 0.6999999881
1085  -11.695  -84.658  29.614 0.6999999881
1086  -12.511  -84.979  29.261 0.6999999881
2601  -11.718  -80.174  24.585 0.6999999881
1426  -11.423  -83.768  30.007 0.6999999881
1099  -12.983  -85.317  28.657 0.6999999881
105687  -11.587  -81.193  24.705 0.6999999881
2999  -12.071  -79.870  25.269 0.6999999881
1425  -10.547  -83.377  29.858 0.6999999881
1427  -12.451  -84.088  29.747 0.6999999881
1087  -13.167  -84.551  29.174 0.6999999881
2587  -11.972  -80.614  25.434 0.6999999881
2986  -12.250  -80.100  25.964 0.6999999881
1411  -11.289  -82.903  30.270 0.6999999881
1413  -12.802  -83.438  29.976 0.6999999881
110952  -11.944  -80.598  27.848 0.6999999881
1782  -11.334  -82.100  30.365 0.6999999881
1783  -11.954  -82.473  30.502 0.6999999881
2551  -12.333  -80.012  28.367 0.6999999881
2175  -11.416  -81.426  30.317 0.6999999881
105204  -12.590  -82.172  30.631 0.6999999881
109630  -12.098  -80.153  29.606 0.6999999881
2176  -12.065  -81.643  30.676 0.6999999881
2941  -12.685  -79.539  30.379 0.6999999881
2585  -7.635  -80.331  25.004 0.5000000000
2998  -8.478  -79.828  25.523 0.6000000238
3421  -8.589  -79.484  26.427 0.6000000238
2985  -8.065  -80.021  26.354 0.5000000000
3422  -9.126  -78.489  26.468 0.6000000238
118072  -6.598  -79.661  26.404 0.5000000000
2570  -7.226  -80.229  25.647 0.5000000000
3438  -9.107  -78.680  25.356 0.6000000238
3876  -9.425  -77.441  26.450 0.6000000238
3439  -9.548  -77.779  24.702 0.6000000238
107591  -9.373  -77.614  25.505 0.6000000238
3475  -10.527  -78.695  23.843 0.6000000238
3029  -11.077  -79.535  23.852 0.6999999881
3456  -10.373  -77.862  24.163 0.6999999881
3012  -11.827  -79.242  24.698 0.6999999881
3457  -11.268  -78.326  24.270 0.6999999881
1100  -13.561  -84.743  28.465 0.6999999881
3013  -12.037  -78.498  24.894 0.6999999881
1439  -13.750  -84.024  28.938 0.6999999881
1115  -13.799  -84.702  27.616 0.6999999881
3000  -12.443  -79.163  25.648 0.6999999881
1428  -13.279  -83.791  29.538 0.6999999881
1101  -14.104  -84.089  28.226 0.6999999881
848  -13.249  -85.303  26.943 0.6999999881
2972  -12.688  -79.468  27.442 0.6000000238
1792  -13.356  -83.101  29.890 0.6999999881
1440  -14.335  -83.437  28.658 0.6999999881
1450  -14.257  -83.866  27.394 0.6999999881
1461  -13.794  -84.363  26.706 0.6999999881
107519  -13.654  -83.861  25.781 0.6999999881
1785  -13.395  -82.335  30.389 0.6999999881
102147  -14.505  -82.750  29.168 0.6999999881
116136  -14.554  -83.477  27.983 0.6999999881
2957  -12.947  -78.875  29.592 0.6000000238
2542  -12.263  -80.431  30.547 0.6999999881
2534  -12.554  -80.864  30.906 0.6999999881
2177  -12.934  -81.527  30.895 0.6999999881
2178  -13.858  -81.498  30.653 0.6000000238
1793  -14.332  -82.165  29.930 0.6000000238
2942  -13.185  -78.774  30.421 0.6000000238
2928  -12.935  -80.040  31.013 0.6000000238
2535  -13.438  -80.598  31.116 0.6000000238
2536  -14.388  -80.726  30.785 0.5000000000
2188  -14.758  -81.399  30.060 0.5000000000
2929  -13.446  -79.171  31.026 0.6000000238
2930  -14.064  -79.142  31.289 0.5000000000
105032  -14.209  -79.876  31.219 0.5000000000
103688  -8.672  -79.226  27.389 0.6000000238
110809  -8.003  -79.852  27.149 0.6000000238
115994  -9.258  -78.223  27.584 0.5000000000
3849  -9.645  -77.491  28.301 0.6999999881
2984  -7.292  -80.042  26.557 0.5000000000
2970  -7.252  -79.735  27.722 0.6000000238
2955  -8.051  -79.427  28.825 0.6000000238
3400  -6.350  -78.624  27.367 0.6000000238
2969  -6.711  -79.542  27.232 0.6000000238
3867  -9.597  -77.215  27.244 0.4000000060
2953  -6.658  -79.300  28.317 0.6000000238
114419  -9.555  -76.959  25.688 0.5000000000
3895  -9.716  -77.076  24.944 0.6000000238
3911  -10.328  -77.121  24.506 0.6000000238
3912  -11.081  -77.287  24.393 0.6000000238
3440  -12.385  -78.140  25.417 0.6999999881
99198  -12.887  -78.978  26.618 0.6000000238
101297  -12.661  -77.784  25.922 0.6000000238
2956  -12.886  -79.172  28.442 0.6000000238
1804  -14.940  -82.679  28.162 0.6000000238
1813  -14.717  -83.039  27.222 0.6000000238
1462  -14.211  -83.373  26.493 0.6999999881
1473  -13.638  -83.470  25.048 0.6999999881
2199  -15.047  -81.824  28.934 0.6000000238
1146  -12.903  -84.333  24.825 0.6999999881
3364  -13.771  -78.313  30.749 0.6000000238
2543  -15.055  -80.738  30.168 0.4000000060
2200  -15.581  -81.441  28.584 0.4000000060
1805  -15.444  -81.962  27.925 0.5000000000
1814  -15.274  -82.363  27.129 0.6000000238
1822  -14.679  -82.687  26.318 0.6000000238
1487  -14.038  -82.916  24.782 0.6000000238
3815  -14.443  -77.623  30.591 0.5000000000
116126  -14.948  -77.662  30.744 0.5000000000
2931  -14.868  -79.082  31.003 0.5000000000
2537  -14.975  -80.042  30.622 0.5000000000
2209  -15.909  -81.677  27.776 0.4000000060
1815  -15.788  -82.024  27.008 0.6000000238
117590  -9.442  -77.893  29.039 0.6000000238
3384  -9.152  -78.364  28.753 0.6000000238
4347  -10.088  -76.662  28.630 0.6000000238
2954  -7.350  -79.546  28.672 0.6000000238
2940  -7.566  -79.272  29.417 0.5000000000
3375  -7.965  -78.818  30.029 0.6000000238
3363  -7.606  -78.354  30.504 0.6000000238
4356  -9.976  -76.585  27.550 0.6000000238
3382  -6.369  -78.218  28.100 0.6999999881
3362  -6.895  -78.287  30.344 0.6000000238
3811  -6.816  -77.436  30.419 0.6000000238
4365  -9.809  -76.579  26.412 0.5000000000
3848  -6.172  -77.191  28.141 0.6000000238
3826  -6.502  -77.700  29.777 0.6999999881
4384  -9.986  -76.534  25.479 0.5000000000
4346  -6.364  -76.762  28.981 0.6999999881
3896  -10.272  -76.688  24.918 0.6000000238
4323  -6.191  -75.839  29.219 0.6000000238
3458  -11.849  -77.642  24.768 0.6000000238
4394  -10.903  -76.679  24.774 0.6000000238
3897  -11.676  -76.797  24.912 0.6000000238
3898  -12.325  -77.203  25.360 0.6000000238
3424  -12.998  -77.995  26.716 0.6000000238
3403  -13.455  -77.775  27.707 0.6000000238
4349  -14.506  -75.970  29.118 0.6000000238
100880  -13.689  -77.590  29.412 0.6000000238
4809  -15.061  -75.807  29.281 0.6000000238
3829  -14.461  -77.019  30.169 0.6000000238
1823  -15.360  -82.279  26.160 0.6000000238
1832  -14.637  -82.554  25.470 0.6000000238
1842  -14.677  -82.523  24.472 0.6000000238
3816  -15.042  -76.962  30.402 0.5000000000
3366  -15.255  -78.186  30.796 0.5000000000
2932  -15.631  -78.717  30.515 0.5000000000
110529  -14.497  -82.670  23.328 0.6000000238
2210  -16.665  -81.844  27.175 0.4000000060
1834  -16.111  -82.297  25.567 0.6000000238
109693  -15.620  -82.447  24.620 0.6000000238
102627  -9.568  -77.386  30.109 0.6000000238
4313  -9.802  -76.916  30.779 0.5000000000
4314  -10.479  -76.239  30.787 0.5000000000
3376  -8.991  -78.155  29.779 0.6000000238
3802  -8.668  -77.220  31.501 0.6000000238
4325  -9.698  -77.405  29.272 0.5000000000
4326  -10.128  -76.652  29.779 0.5000000000
4828  -10.388  -75.909  28.978 0.5000000000
3813  -8.176  -77.787  31.040 0.5000000000
3814  -8.993  -77.609  30.825 0.6000000238
3812  -7.366  -77.611  30.991 0.5000000000
103794  -10.370  -75.775  27.931 0.6000000238
4324  -6.672  -76.354  29.782 0.6999999881
4312  -7.014  -76.621  30.694 0.6000000238
4807  -7.085  -75.651  30.028 0.6000000238
4385  -10.653  -76.349  25.318 0.5000000000
4805  -5.653  -75.113  29.326 0.5000000000
4806  -6.712  -75.419  29.365 0.6999999881
4386  -11.374  -76.271  25.356 0.5000000000
4367  -12.239  -76.278  25.756 0.5000000000
3877  -12.776  -77.025  26.163 0.6000000238
4358  -13.622  -75.904  27.737 0.6000000238
3868  -13.612  -76.902  27.940 0.5000000000
4829  -14.341  -75.571  28.378 0.6000000238
4348  -13.989  -76.308  28.609 0.6000000238
4328  -15.405  -76.385  29.729 0.5000000000
1825  -16.954  -82.208  26.297 0.5000000000
1843  -16.027  -82.539  23.743 0.6000000238
4302  -9.957  -76.420  31.643 0.6000000238
4286  -8.937  -76.070  32.354 0.6000000238
4808  -10.629  -75.796  29.887 0.5000000000
4301  -8.288  -76.590  31.974 0.6000000238
4769  -7.750  -75.869  31.808 0.6999999881
117113  -10.470  -75.241  28.490 0.6000000238
4785  -7.303  -75.808  31.051 0.6000000238
5327  -7.122  -74.952  29.471 0.6000000238
5307  -7.422  -74.868  30.209 0.6000000238
4366  -10.454  -76.051  26.039 0.5000000000
4827  -6.304  -74.813  29.087 0.6000000238
4368  -12.992  -76.093  26.721 0.5000000000
4860  -13.436  -75.128  27.312 0.6000000238
4841  -14.905  -75.050  28.024 0.5000000000
1835  -17.747  -82.443  25.011 0.6000000238
1844  -16.759  -82.559  24.613 0.6000000238
4751  -9.579  -75.614  32.432 0.6000000238
4771  -10.763  -75.637  31.646 0.5000000000
5276  -8.859  -75.209  32.395 0.6999999881
4786  -11.011  -75.521  30.724 0.5000000000
102727  -8.127  -75.263  31.995 0.6999999881
4770  -8.341  -75.820  32.204 0.6000000238
5329  -10.947  -74.900  29.789 0.5000000000
5289  -7.698  -75.058  31.352 0.6000000238
99280  -10.578  -75.254  29.143 0.5000000000
5341  -10.480  -74.817  27.841 0.6000000238
5328  -7.317  -74.303  29.269 0.6999999881
4839  -10.576  -75.236  27.290 0.6000000238
4857  -10.883  -75.248  26.734 0.6000000238
119121  -6.656  -74.159  28.196 0.6999999881
5339  -7.010  -74.465  28.759 0.6999999881
4880  -11.109  -75.789  25.996 0.5000000000
5338  -5.997  -74.349  28.515 0.6000000238
4881  -11.744  -75.713  26.096 0.5000000000
5353  -6.369  -74.078  27.602 0.5000000000
4859  -12.553  -75.230  26.691 0.6000000238
5352  -5.380  -74.095  27.914 0.6000000238
4840  -14.154  -75.104  27.767 0.6000000238
5379  -14.711  -73.986  26.700 0.5000000000
5277  -9.778  -74.903  32.569 0.6999999881
4753  -10.606  -75.131  32.388 0.5000000000
4772  -11.374  -74.911  31.940 0.5000000000
5824  -9.134  -73.694  31.949 0.8000000119
5290  -9.191  -74.431  32.336 0.6999999881
5310  -11.702  -74.630  31.356 0.5000000000
5330  -11.657  -74.275  30.388 0.5000000000
5832  -8.101  -73.528  30.849 0.6999999881
102493  -8.395  -74.322  31.682 0.6999999881
5308  -7.776  -74.263  30.860 0.6999999881
5841  -11.692  -73.496  29.747 0.5000000000
6416  -7.713  -72.811  29.673 0.6999999881
5831  -7.626  -73.716  30.053 0.6999999881
112364  -10.605  -74.502  28.631 0.6000000238
5840  -11.051  -73.997  29.264 0.5000000000
104631  -7.437  -73.228  28.342 0.6000000238
5847  -7.496  -73.446  29.071 0.6000000238
5355  -10.707  -74.437  27.227 0.6000000238
5860  -7.280  -73.574  27.503 0.6999999881
5340  -7.248  -73.866  28.449 0.6999999881
4858  -11.600  -74.850  26.654 0.6000000238
5375  -10.943  -74.171  26.864 0.6000000238
5374  -7.049  -73.990  26.934 0.6000000238
111624  -12.479  -74.322  26.736 0.6000000238
102416  -13.372  -74.276  26.960 0.6000000238
102052  -5.005  -74.206  27.148 0.6000000238
5378  -13.924  -73.726  26.736 0.6000000238
5356  -14.327  -74.397  27.280 0.5000000000
6400  -9.687  -72.518  31.725 0.6000000238
5816  -9.813  -74.046  32.445 0.5000000000
5817  -10.624  -73.612  32.484 0.5000000000
102020  -12.158  -73.641  30.553 0.5000000000
6408  -8.490  -72.686  30.776 0.8000000119
5842  -12.312  -73.033  30.207 0.5000000000
6407  -7.934  -72.967  30.306 0.6999999881
5861  -10.540  -73.833  27.735 0.6000000238
5429  -5.100  -74.515  22.364 0.6000000238
6425  -7.635  -72.540  28.837 0.8000000119
5430  -6.023  -74.692  22.313 0.6000000238
107379  -7.543  -72.606  27.847 0.8000000119
112433  -5.269  -75.194  23.321 0.6000000238
113938  -7.314  -73.879  26.397 0.6000000238
5376  -11.701  -73.820  26.591 0.6000000238
106576  -6.275  -74.668  25.601 0.6000000238
5373  -6.398  -74.267  26.610 0.6000000238
5377  -12.947  -73.760  26.549 0.6000000238
103900  -5.687  -74.163  27.152 0.5000000000
5878  -14.337  -73.478  26.047 0.5000000000
109819  -13.572  -73.269  25.540 0.5000000000
6401  -10.413  -72.700  32.222 0.5000000000
6390  -11.161  -72.966  32.444 0.5000000000
6409  -9.230  -72.028  31.074 0.6000000238
102130  -10.066  -71.896  31.708 0.5000000000
6417  -8.069  -72.312  30.072 0.8000000119
6999  -9.135  -71.381  30.518 0.6999999881
7007  -8.254  -71.668  29.671 0.8000000119
7006  -7.881  -72.165  29.459 0.8000000119
5848  -10.676  -73.685  28.455 0.6000000238
6418  -11.761  -72.740  29.314 0.5000000000
6513  -4.984  -73.115  22.199 0.6000000238
118245  -7.699  -72.070  28.397 0.8000000119
6427  -11.154  -72.384  28.373 0.5000000000
5938  -6.546  -74.280  21.946 0.6999999881
5937  -5.623  -73.927  21.958 0.6000000238
6440  -7.563  -72.062  26.992 0.8000000119
5874  -10.675  -73.452  26.977 0.6000000238
6454  -10.559  -73.090  27.374 0.6000000238
6441  -10.712  -72.486  27.495 0.6000000238
5417  -6.835  -74.616  22.349 0.6000000238
6455  -10.651  -72.655  26.863 0.6000000238
5405  -6.056  -75.109  24.305 0.6000000238
101798  -7.498  -73.134  26.799 0.5000000000
5876  -12.182  -73.351  26.192 0.6000000238
99911  -7.061  -74.366  25.979 0.6000000238
5877  -13.347  -73.378  26.215 0.6000000238
5897  -12.485  -73.166  25.529 0.5000000000
5908  -12.821  -73.375  24.650 0.5000000000
5898  -14.167  -73.432  25.032 0.5000000000
5909  -13.807  -73.731  24.215 0.5000000000
6991  -9.729  -71.145  31.027 0.6000000238
7008  -8.778  -71.153  29.946 0.6999999881
7079  -5.079  -71.508  23.911 0.6000000238
7089  -4.879  -71.688  22.850 0.6000000238
7016  -7.941  -71.670  28.882 0.8000000119
7018  -11.737  -71.661  28.252 0.5000000000
7098  -5.206  -72.219  22.112 0.6000000238
7032  -8.088  -70.879  27.726 0.8000000119
6514  -5.715  -72.968  21.617 0.6999999881
7050  -7.594  -71.644  26.273 0.8000000119
7033  -11.096  -71.885  27.655 0.6000000238
117948  -7.191  -74.283  22.472 0.8000000119
6453  -7.529  -72.489  26.077 0.6999999881
116845  -10.918  -73.459  26.610 0.6000000238
107707  -10.852  -72.203  26.268 0.6000000238
5920  -7.522  -73.964  23.102 0.6999999881
5905  -7.476  -74.212  23.940 0.6999999881
5873  -7.510  -73.531  25.820 0.6000000238
112608  -11.194  -73.164  26.207 0.6000000238
113347  -11.001  -71.841  25.644 0.6000000238
5395  -6.938  -74.768  24.944 0.6000000238
6475  -10.973  -72.439  25.652 0.5000000000
5907  -11.428  -73.134  24.674 0.5000000000
7636  -9.328  -70.756  30.308 0.6000000238
7637  -9.819  -70.322  30.713 0.5000000000
8334  -5.628  -69.927  25.936 0.6000000238
7645  -9.086  -70.417  29.558 0.6999999881
7719  -5.371  -70.617  24.288 0.6000000238
7644  -8.460  -71.005  29.228 0.6999999881
7653  -9.229  -69.784  28.960 0.6000000238
7749  -5.344  -71.192  22.093 0.6000000238
7733  -5.062  -70.765  23.129 0.6000000238
7652  -8.736  -70.365  28.727 0.6000000238
102066  -8.458  -70.348  27.942 0.6999999881
6526  -6.498  -72.830  21.304 0.8000000119
113765  -8.195  -70.466  27.269 0.6999999881
7684  -8.170  -70.352  26.536 0.6000000238
6527  -7.005  -73.001  21.347 0.8000000119
7683  -7.793  -71.011  25.971 0.8000000119
7704  -8.202  -70.321  25.589 0.6999999881
6505  -7.607  -72.741  23.009 0.6999999881
6490  -7.561  -73.278  24.075 0.6999999881
7080  -7.638  -71.996  24.317 0.6000000238
7703  -7.855  -71.058  25.026 0.8000000119
8324  -5.559  -69.763  26.945 0.6000000238
100713  -5.212  -70.237  22.577 0.6999999881
8326  -8.938  -68.954  26.701 0.6000000238
7767  -6.335  -71.405  21.304 0.6999999881
8325  -8.539  -69.601  26.160 0.6999999881
8335  -8.610  -69.622  25.151 0.6000000238
118442  -7.201  -72.578  21.188 0.8000000119
7099  -7.798  -72.219  21.359 0.6000000238
7090  -7.919  -72.087  22.086 0.5000000000
7720  -8.265  -70.366  24.649 0.6999999881
8343  -8.705  -69.851  24.130 0.6999999881
8344  -9.167  -68.990  24.615 0.6000000238
111423  -7.576  -72.704  21.922 0.8000000119
7091  -8.104  -71.027  22.788 0.6000000238
7081  -7.893  -71.012  23.996 0.6000000238
8299  -5.447  -69.154  27.807 0.6000000238
8934  -5.763  -68.633  26.984 0.6000000238
105096  -5.406  -69.449  24.664 0.6999999881
8354  -5.179  -69.668  23.376 0.6999999881
8366  -5.382  -69.518  22.607 0.6999999881
7750  -5.795  -70.413  21.919 0.6999999881
7768  -6.775  -70.735  21.255 0.6000000238
8336  -8.938  -68.890  25.717 0.6000000238
7116  -7.985  -71.567  21.149 0.6000000238
7100  -8.221  -71.491  21.430 0.6000000238
8943  -9.421  -68.428  25.377 0.5000000000
8968  -9.763  -68.780  23.825 0.6000000238
8954  -9.825  -68.278  24.681 0.5000000000
8955  -10.510  -68.083  24.273 0.5000000000
8356  -10.121  -69.353  22.761 0.6000000238
8969  -10.567  -68.637  23.411 0.5000000000
115012  -5.554  -67.990  28.511 0.6000000238
8926  -5.708  -68.250  27.862 0.6000000238
100510  -5.647  -69.001  25.925 0.6999999881
99582  -5.605  -67.908  26.007 0.6999999881
8953  -5.119  -68.396  23.931 0.6999999881
8967  -5.214  -68.706  23.319 0.6999999881
8980  -5.650  -68.796  22.758 0.6000000238
8367  -6.246  -69.647  21.957 0.5000000000
8379  -7.478  -70.146  21.210 0.6999999881
8999  -7.817  -69.230  21.345 0.6000000238
7769  -8.382  -70.832  20.959 0.6000000238
7770  -8.753  -70.857  21.021 0.6000000238
7771  -9.372  -70.293  20.896 0.6000000238
7735  -9.182  -70.301  22.303 0.6000000238
8368  -9.804  -70.086  22.006 0.5000000000
8370  -11.241  -69.751  21.001 0.5000000000
109765  -11.378  -68.685  22.739 0.5000000000
10699  -4.165  -65.793  31.130 0.6999999881
10688  -4.273  -65.327  31.850 0.6999999881
9496  -5.424  -67.405  28.890 0.6000000238
10714  -4.903  -65.720  29.305 0.6999999881
11300  -4.228  -64.984  30.997 0.6999999881
107191  -4.353  -64.528  30.530 0.6999999881
11301  -5.028  -64.287  30.816 0.6000000238
9516  -5.767  -67.645  27.073 0.6999999881
10126  -5.424  -66.501  28.673 0.6999999881
10734  -5.059  -65.435  28.283 0.6999999881
11320  -4.361  -64.449  29.702 0.6999999881
10140  -5.609  -66.717  27.140 0.6999999881
10733  -4.387  -64.654  29.090 0.6999999881
9586  -5.429  -68.076  23.306 0.6999999881
8981  -6.364  -68.844  22.357 0.6000000238
8998  -6.958  -69.241  21.770 0.6000000238
9000  -8.864  -69.199  20.841 0.6000000238
9603  -9.016  -68.091  21.272 0.6000000238
8380  -8.519  -70.073  20.877 0.6000000238
8392  -9.277  -70.079  20.671 0.6000000238
9001  -9.685  -68.865  20.484 0.6000000238
108057  -10.512  -69.850  20.395 0.5000000000
9013  -11.050  -69.577  20.097 0.6000000238
9620  -11.429  -68.970  19.973 0.6000000238
8381  -10.057  -70.134  20.938 0.5000000000
8383  -11.225  -69.731  20.337 0.5000000000
9014  -11.858  -69.321  20.184 0.5000000000
10076  -3.853  -66.171  32.701 0.6999999881
11288  -4.622  -64.683  31.322 0.6999999881
11289  -5.642  -64.587  31.707 0.6000000238
11907  -5.524  -63.984  30.246 0.6000000238
11939  -5.488  -63.365  28.801 0.4000000060
101596  -4.437  -64.267  28.175 0.6000000238
11924  -4.423  -63.929  29.351 0.5000000000
11925  -4.969  -63.708  29.493 0.5000000000
12600  -5.035  -62.467  27.412 0.4000000060
12584  -5.821  -62.921  27.997 0.5000000000
8942  -5.242  -68.193  24.836 0.6999999881
9530  -5.531  -66.950  26.163 0.8000000119
10746  -5.255  -65.672  27.119 0.6999999881
11350  -4.312  -63.896  27.184 0.5000000000
113021  -4.417  -63.075  27.217 0.4000000060
119870  -4.680  -62.526  27.136 0.4000000060
108487  -5.007  -62.080  26.830 0.4000000060
12627  -5.998  -62.066  25.865 0.4000000060
9544  -5.167  -67.081  24.913 0.8000000119
109577  -5.075  -66.132  25.356 0.8000000119
10157  -5.366  -66.183  26.354 0.8000000119
111739  -4.963  -65.385  25.921 0.8000000119
10757  -4.702  -64.640  25.664 0.6000000238
11370  -4.738  -63.949  25.670 0.5000000000
11975  -5.047  -63.188  25.751 0.4000000060
11976  -5.752  -62.869  25.554 0.4000000060
9558  -5.096  -67.608  24.063 0.6999999881
9572  -5.758  -67.522  23.371 0.6999999881
10200  -6.819  -67.473  22.933 0.5000000000
11371  -5.329  -63.934  25.322 0.5000000000
11372  -6.324  -63.850  25.148 0.4000000060
11977  -6.724  -62.954  25.419 0.4000000060
8982  -7.118  -68.416  22.238 0.6000000238
9602  -8.133  -68.305  21.663 0.5000000000
9588  -8.430  -67.401  22.065 0.5000000000
9589  -9.265  -67.109  21.720 0.6000000238
9619  -10.492  -68.845  20.162 0.6000000238
9605  -10.700  -67.943  20.458 0.6000000238
10682  -4.828  -65.638  32.951 0.6000000238
10673  -5.541  -65.787  33.931 0.5000000000
10683  -6.298  -64.964  32.757 0.5000000000
11290  -7.109  -64.650  32.075 0.4000000060
11302  -6.221  -64.323  31.025 0.5000000000
11908  -6.604  -64.087  30.380 0.5000000000
11926  -6.298  -63.729  29.627 0.5000000000
11940  -6.648  -63.341  28.763 0.5000000000
12585  -6.880  -62.915  27.899 0.5000000000
11952  -7.872  -62.959  27.863 0.5000000000
12601  -5.872  -62.130  27.116 0.5000000000
12616  -7.547  -61.633  26.608 0.5000000000
10170  -5.062  -66.226  24.708 0.6999999881
10776  -5.109  -65.571  24.753 0.6000000238
10777  -6.660  -65.461  24.320 0.5000000000
11384  -5.667  -64.839  24.729 0.5000000000
13298  -6.610  -61.666  25.979 0.5000000000
13309  -7.429  -61.451  25.648 0.5000000000
99114  -5.132  -66.936  24.145 0.8000000119
10190  -5.491  -66.948  23.768 0.6999999881
113894  -7.126  -66.627  23.309 0.6000000238
10778  -7.706  -65.239  24.381 0.5000000000
11385  -7.026  -64.640  24.815 0.4000000060
11373  -7.610  -63.903  25.386 0.5000000000
12629  -7.643  -62.750  25.327 0.4000000060
12641  -7.730  -61.677  25.185 0.5000000000
10201  -7.795  -66.910  22.671 0.5000000000
10191  -8.036  -66.215  23.044 0.5000000000
10791  -8.305  -65.621  23.578 0.6000000238
10779  -8.725  -65.153  24.559 0.5000000000
116135  -9.804  -64.334  25.232 0.5000000000
10202  -8.621  -66.613  22.430 0.5000000000
103320  -9.380  -66.433  22.273 0.5000000000
10804  -8.874  -65.986  22.898 0.5000000000
109076  -10.097  -65.416  23.737 0.5000000000
10214  -10.022  -67.080  21.251 0.6000000238
10204  -11.087  -66.332  21.832 0.6000000238
10666  -5.497  -65.654  34.634 0.5000000000
10667  -6.170  -65.286  34.365 0.5000000000
10674  -6.430  -65.242  33.663 0.5000000000
11281  -7.191  -64.807  33.242 0.4000000060
116917  -5.833  -64.445  34.898 0.5000000000
11272  -6.996  -64.827  34.096 0.4000000060
11303  -7.523  -64.276  30.950 0.5000000000
11909  -7.274  -63.998  30.106 0.6000000238
110311  -8.150  -64.007  30.163 0.5000000000
101403  -7.745  -63.371  28.630 0.5000000000
11941  -8.651  -63.334  28.388 0.4000000060
108363  -8.828  -62.590  27.457 0.4000000060
13287  -9.607  -62.471  27.319 0.4000000060
11876  -7.183  -64.215  34.328 0.4000000060
11273  -7.735  -64.303  33.665 0.4000000060
110689  -7.998  -64.487  32.830 0.4000000060
11291  -8.240  -64.419  31.877 0.5000000000
11304  -8.597  -64.192  30.992 0.5000000000
11282  -8.720  -64.156  32.597 0.4000000060
11889  -9.298  -63.634  32.409 0.4000000060
11305  -9.263  -64.000  31.026 0.5000000000
11910  -9.092  -63.952  30.192 0.4000000060
119755  -9.272  -63.718  29.528 0.4000000060
11954  -9.274  -63.115  27.911 0.4000000060
12586  -10.128  -63.110  27.984 0.4000000060
12540  -6.570  -62.664  33.852 0.4000000060
12541  -7.682  -63.693  33.951 0.4000000060
11881  -8.185  -63.785  33.516 0.4000000060
103684  -6.346  -61.592  32.441 0.4000000060
12548  -7.960  -62.352  33.291 0.4000000060
11888  -8.762  -63.518  33.096 0.4000000060
110530  -9.353  -63.003  32.694 0.4000000060
114017  -9.736  -63.175  32.225 0.5000000000
11911  -9.799  -63.696  30.664 0.5000000000
11929  -9.776  -63.639  29.806 0.4000000060
11930  -10.410  -63.344  29.422 0.4000000060
12550  -9.809  -62.611  32.217 0.4000000060
12554  -10.748  -62.539  31.349 0.4000000060
12563  -10.975  -62.918  30.646 0.4000000060
12572  -11.029  -63.011  29.114 0.4000000060
13229  -5.325  -61.654  32.287 0.4000000060
120134  -5.798  -61.298  31.742 0.3000000119
13231  -8.405  -61.854  32.648 0.3000000119
13904  -6.517  -60.700  30.561 0.4000000060
13241  -6.722  -61.101  31.597 0.3000000119
13242  -7.870  -61.194  31.839 0.3000000119
13922  -9.003  -60.499  30.570 0.5000000000
13923  -10.338  -61.317  31.342 0.4000000060
13254  -10.977  -61.722  31.170 0.4000000060
13263  -11.842  -62.095  30.195 0.4000000060
13265  -12.624  -61.695  28.849 0.3000000119
116243  -8.716  -60.103  29.961 0.5000000000
14579  -9.538  -60.097  30.101 0.5000000000
13924  -11.066  -60.910  30.803 0.4000000060
13255  -11.586  -61.518  30.605 0.4000000060
13256  -12.257  -61.425  30.106 0.3000000119
13240  -5.739  -60.870  31.026 0.4000000060
13920  -5.625  -60.493  30.128 0.4000000060
13921  -7.104  -60.530  30.147 0.4000000060
109951  -8.425  -60.821  31.153 0.5000000000
13934  -6.374  -60.311  29.800 0.4000000060
106133  -7.973  -60.429  30.195 0.5000000000
14597  -8.043  -59.661  29.539 0.5000000000
109573  -9.071  -59.515  29.622 0.4000000060
14599  -10.969  -59.583  29.850 0.4000000060
13925  -11.939  -60.839  30.352 0.3000000119
15293  -7.557  -58.855  29.008 0.3000000119
15294  -8.567  -58.707  29.164 0.3000000119
15295  -9.586  -58.841  29.259 0.3000000119
13253  -4.838  -60.654  30.512 0.4000000060
111072  -6.231  -59.616  29.023 0.3000000119
14609  -6.653  -58.925  28.568 0.4000000060
106598  -11.493  -59.059  29.539 0.3000000119
14595  -5.049  -59.384  28.314 0.3000000119
15304  -5.276  -58.325  27.329 0.3000000119
3401  -8.668  -79.072  28.364 0.6000000238
3383  -8.446  -78.973  29.267 0.5000000000
8355  -9.303  -69.631  23.287 0.6000000238
7734  -8.657  -70.314  23.063 0.6000000238
110228  -9.558  -84.782  24.091 0.5000000000
100635  -10.733  -82.477  25.798 0.6000000238
1802  -9.618  -82.840  28.511 0.6999999881
1803  -10.121  -82.196  29.006 0.6999999881
2561  -11.936  -80.735  27.062 0.6999999881
2197  -10.627  -81.814  29.461 0.6999999881
3910  -9.906  -77.498  24.470 0.5000000000
1412  -12.083  -83.263  30.234 0.6999999881
108335  -12.475  -79.709  26.583 0.6999999881
2562  -12.255  -80.144  27.308 0.6999999881
1784  -12.713  -82.828  30.327 0.6999999881
114285  -12.557  -79.539  29.265 0.6999999881
116611  -13.924  -82.765  29.752 0.6999999881
3402  -13.139  -78.669  27.548 0.6000000238
3377  -13.382  -78.148  29.960 0.6000000238
110269  -13.629  -79.755  31.215 0.5000000000
112103  -6.482  -78.977  28.966 0.6999999881
3385  -13.392  -78.273  28.675 0.6000000238
1474  -14.087  -82.974  25.665 0.6000000238
99403  -13.930  -77.548  30.157 0.5000000000
3830  -15.733  -76.883  30.114 0.5000000000
1824  -16.109  -82.078  26.443 0.5000000000
3374  -7.129  -78.930  29.949 0.6000000238
105611  -6.371  -77.900  28.838 0.6999999881
4357  -10.346  -75.894  26.929 0.6000000238
3878  -13.239  -76.981  27.133 0.5000000000
3850  -13.703  -77.302  28.607 0.5000000000
3828  -14.163  -76.847  29.454 0.6000000238
4327  -14.754  -76.438  29.747 0.5000000000
100693  -15.162  -82.472  23.839 0.6000000238
1826  -18.013  -82.277  25.979 0.5000000000
5849  -11.052  -73.193  28.853 0.5000000000
5372  -5.510  -74.419  26.354 0.6000000238
5416  -6.320  -75.049  23.091 0.6000000238
7031  -7.814  -71.595  27.914 0.8000000119
5406  -6.956  -75.102  23.979 0.6000000238
5875  -10.803  -72.853  26.431 0.6000000238
103077  -7.284  -74.232  25.408 0.6000000238
5896  -11.390  -72.954  25.519 0.6000000238
102305  -10.836  -71.956  26.940 0.6000000238
7067  -7.576  -71.789  25.473 0.6000000238
6474  -7.533  -72.813  25.125 0.6999999881
101099  -7.763  -71.689  23.264 0.6000000238
110230  -8.322  -70.484  23.782 0.6999999881
7751  -8.745  -70.802  21.816 0.6000000238
8983  -10.971  -69.304  22.199 0.5000000000
7752  -9.362  -70.453  21.324 0.6000000238
8984  -11.906  -69.227  21.445 0.5000000000
10112  -4.554  -66.039  30.202 0.6999999881
10113  -5.131  -66.762  29.491 0.6000000238
111068  -4.306  -65.026  29.786 0.6999999881
114442  -5.532  -66.354  27.886 0.8000000119
105293  -4.634  -64.686  26.549 0.6000000238
10689  -5.131  -64.971  32.263 0.6000000238
11951  -4.664  -63.050  27.660 0.5000000000
111565  -4.453  -63.635  27.922 0.5000000000
118632  -8.139  -63.624  25.408 0.5000000000
119042  -5.732  -65.348  33.182 0.5000000000
12615  -6.647  -61.796  26.425 0.5000000000
10181  -6.303  -66.309  23.921 0.6000000238
10790  -7.388  -65.859  23.692 0.6000000238
10805  -9.856  -65.876  22.857 0.5000000000
11875  -6.551  -63.998  34.665 0.5000000000
11928  -8.614  -63.723  29.302 0.5000000000
12546  -5.928  -62.052  33.124 0.4000000060
12547  -6.979  -62.123  33.264 0.4000000060
12542  -8.205  -63.190  33.542 0.4000000060
13230  -7.389  -61.618  32.570 0.3000000119
12549  -8.739  -62.691  33.070 0.4000000060
11890  -10.234  -63.005  31.823 0.5000000000
11897  -10.427  -63.284  31.127 0.4000000060
13243  -8.899  -61.426  31.982 0.4000000060
13244  -9.842  -61.798  31.936 0.4000000060
12573  -11.611  -62.579  29.518 0.4000000060
117843  -11.431  -62.724  28.911 0.4000000060
13905  -7.430  -60.756  30.908 0.3000000119
109460  -10.013  -60.634  30.804 0.5000000000
13906  -9.432  -61.037  31.339 0.4000000060
13264  -12.291  -61.984  29.525 0.4000000060
14598  -10.013  -59.537  29.693 0.5000000000
14580  -10.511  -60.150  30.264 0.4000000060
14581  -11.450  -60.226  30.239 0.4000000060
13935  -7.161  -60.123  29.646 0.5000000000
14596  -7.151  -59.494  29.203 0.5000000000
15296  -10.526  -58.918  29.337 0.4000000060
14608  -5.626  -58.927  28.010 0.3000000119
15305  -6.111  -58.322  27.574 0.3000000119
15306  -7.027  -58.199  28.306 0.3000000119
864  -13.728  -85.881  22.853 0.5000000000
872  -14.560  -85.281  22.512 0.5000000000
866  -16.748  -84.736  23.152 0.5000000000
111230  -15.245  -84.896  22.166 0.5000000000
874  -17.242  -84.652  22.504 0.5000000000
1170  -16.647  -84.523  21.569 0.5000000000
875  -17.988  -84.642  22.795 0.6000000238
863  -13.069  -85.720  22.538 0.5000000000
871  -13.543  -85.307  22.028 0.5000000000
877  -14.281  -84.764  21.487 0.5000000000
1169  -15.419  -84.616  21.466 0.5000000000
117487  -18.591  -84.404  22.660 0.6000000238
107394  -16.530  -84.162  20.926 0.6000000238
111901  -17.574  -84.505  22.097 0.6000000238
651  -12.494  -85.745  22.747 0.4000000060
636  -11.812  -87.166  26.984 0.4000000060
642  -11.820  -86.862  26.050 0.4000000060
645  -11.908  -87.437  25.327 0.5000000000
853  -11.937  -86.958  24.466 0.5000000000
452  -12.134  -87.266  24.780 0.5000000000
857  -11.997  -86.311  23.594 0.5000000000
854  -11.936  -86.045  24.681 0.5000000000
649  -12.182  -86.860  24.125 0.5000000000
862  -12.244  -85.779  22.942 0.5000000000
1508  -19.030  -84.053  22.593 0.6000000238
1509  -19.756  -83.351  22.557 0.6000000238
869  -12.477  -85.337  22.529 0.5000000000
1172  -13.115  -84.449  21.560 0.5000000000
1506  -12.969  -84.457  21.732 0.5000000000
1178  -18.544  -84.100  22.043 0.6000000238
114926  -13.774  -84.265  20.930 0.5000000000
1181  -15.680  -83.640  20.245 0.6000000238
1176  -17.263  -83.923  20.958 0.6000000238
1516  -19.262  -83.462  21.849 0.6000000238
106120  -17.948  -83.448  20.738 0.6000000238
1515  -18.690  -83.612  21.324 0.6000000238
1517  -20.218  -82.836  21.618 0.6999999881
1525  -18.621  -82.932  20.524 0.6000000238
1526  -19.455  -82.881  20.851 0.6999999881
835  -11.763  -86.376  28.499 0.6000000238
836  -12.461  -86.184  28.112 0.6000000238
843  -12.549  -86.202  27.118 0.5000000000
646  -11.878  -86.625  25.241 0.5000000000
847  -12.225  -85.799  25.868 0.5000000000
116908  -12.284  -85.193  25.090 0.5000000000
1145  -12.136  -85.352  24.062 0.5000000000
1164  -12.517  -84.866  22.470 0.5000000000
1500  -21.268  -82.789  23.400 0.6999999881
1510  -20.666  -82.819  22.530 0.6000000238
104951  -21.824  -82.853  22.302 0.8000000119
1513  -13.253  -84.202  21.157 0.5000000000
1514  -13.712  -83.848  20.836 0.5000000000
1522  -15.136  -83.059  20.057 0.6000000238
1182  -16.500  -83.596  20.314 0.6000000238
1527  -20.291  -82.564  20.712 0.6999999881
1524  -17.060  -83.084  20.068 0.6000000238
1889  -17.861  -82.399  19.778 0.6000000238
1897  -18.300  -81.527  19.335 0.6999999881
1898  -19.794  -81.661  19.513 0.6999999881
2269  -21.247  -81.561  19.881 0.6000000238
621  -11.007  -86.744  28.805 0.5000000000
830  -12.337  -85.677  28.832 0.6000000238
837  -13.277  -85.521  27.921 0.6000000238
1131  -13.012  -84.781  25.897 0.6000000238
1156  -12.551  -84.534  23.516 0.5000000000
1486  -13.329  -83.580  24.126 0.6000000238
1501  -22.576  -83.305  23.703 0.6999999881
1497  -13.099  -83.828  22.752 0.5000000000
1853  -13.836  -83.129  22.508 0.5000000000
1511  -22.576  -83.218  22.678 0.5000000000
1502  -23.548  -83.608  23.631 0.6000000238
1507  -13.328  -83.796  21.526 0.6000000238
1876  -14.457  -83.134  20.666 0.5000000000
1519  -22.512  -82.967  21.736 0.6000000238
1887  -15.546  -82.489  19.958 0.5000000000
1518  -21.471  -82.751  21.629 0.6999999881
1881  -21.974  -82.561  20.920 0.6000000238
113196  -16.448  -82.144  19.683 0.5000000000
1892  -22.129  -81.876  20.379 0.6000000238
2267  -17.435  -81.472  19.702 0.5000000000
2272  -17.951  -81.304  19.464 0.6000000238
2274  -20.429  -81.275  19.454 0.5000000000
2643  -19.960  -80.009  19.639 0.5000000000
99137  -21.730  -80.714  20.405 0.5000000000
829  -11.061  -85.465  29.340 0.6000000238
117591  -11.732  -85.883  28.999 0.6000000238
1841  -13.895  -83.004  23.698 0.5000000000
113004  -23.163  -83.530  23.015 0.6000000238
116819  -14.378  -82.776  22.345 0.5000000000
106889  -23.193  -83.259  22.348 0.5000000000
1877  -15.199  -82.525  20.574 0.5000000000
1520  -23.291  -82.800  21.555 0.5000000000
1869  -23.958  -82.844  22.158 0.5000000000
1879  -16.750  -81.871  20.803 0.5000000000
1882  -22.777  -82.477  20.907 0.5000000000
1893  -23.057  -81.818  20.590 0.5000000000
2263  -17.492  -81.350  20.433 0.6000000238
2264  -18.156  -80.740  20.501 0.6000000238
2270  -21.550  -81.246  19.930 0.5000000000
2271  -22.459  -81.449  20.437 0.6000000238
2641  -18.635  -80.308  20.083 0.6000000238
3062  -19.808  -79.418  20.335 0.5000000000
119998  -9.400  -84.606  29.205 0.4000000060
1854  -15.178  -82.541  22.794 0.5000000000
1870  -24.771  -82.320  21.764 0.5000000000
105942  -16.056  -82.199  21.346 0.5000000000
1867  -17.083  -82.225  22.109 0.5000000000
1894  -23.846  -81.661  20.824 0.5000000000
2265  -25.115  -81.081  20.885 0.5000000000
111504  -25.909  -81.024  21.185 0.5000000000
116051  -26.475  -80.853  21.502 0.5000000000
3051  -27.561  -79.699  21.738 0.5000000000
1868  -17.923  -82.064  22.566 0.6000000238
2253  -18.178  -81.254  21.686 0.6000000238
2646  -23.555  -81.279  20.713 0.5000000000
2633  -18.618  -80.279  21.141 0.6000000238
2625  -23.122  -80.621  21.695 0.5000000000
3044  -19.459  -79.007  21.594 0.5000000000
3492  -19.892  -78.437  21.516 0.5000000000
1846  -18.389  -82.205  24.486 0.5000000000
110518  -24.343  -81.099  20.710 0.5000000000
2638  -25.633  -80.576  21.091 0.5000000000
2639  -26.412  -80.430  21.239 0.5000000000
2640  -26.985  -80.054  21.254 0.5000000000
1845  -17.612  -82.494  24.113 0.5000000000
2244  -18.901  -81.700  24.001 0.6000000238
118467  -24.175  -81.059  20.646 0.5000000000
3060  -25.319  -80.237  21.152 0.5000000000
3050  -26.819  -79.742  21.377 0.5000000000
3495  -27.285  -79.352  21.834 0.5000000000
3496  -28.140  -79.112  21.910 0.5000000000
2254  -18.863  -80.587  22.301 0.5000000000
2636  -23.743  -80.944  20.757 0.5000000000
3047  -23.576  -80.252  22.542 0.5000000000
1836  -18.448  -82.176  25.253 0.5000000000
3034  -25.271  -79.333  22.655 0.5000000000
3035  -26.360  -79.201  22.127 0.5000000000
3484  -27.088  -78.763  22.634 0.5000000000
3467  -27.482  -78.111  23.723 0.4000000060
3483  -25.850  -78.788  23.234 0.4000000060
2983  -6.722  -79.953  25.713 0.4000000060
6504  -4.379  -73.279  22.717 0.5000000000
7066  -5.268  -71.367  25.070 0.5000000000
7078  -4.620  -72.221  23.492 0.5000000000
7665  -5.176  -70.470  27.213 0.5000000000
7049  -5.212  -71.222  26.090 0.5000000000
112334  -4.297  -72.824  23.134 0.5000000000
10085  -3.879  -66.125  31.792 0.5000000000
10067  -4.463  -66.167  33.760 0.5000000000
111742  -16.880  -82.598  23.704 0.5000000000
1855  -16.352  -82.481  22.730 0.5000000000
1171  -18.147  -84.407  22.245 0.6000000238
1174  -14.489  -84.249  20.797 0.6000000238
1177  -18.032  -84.089  21.563 0.6000000238
1523  -16.058  -82.666  19.740 0.6000000238
1890  -19.011  -82.184  19.746 0.6999999881
1864  -13.997  -83.234  21.451 0.5000000000
1896  -17.550  -81.758  19.490 0.6000000238
2273  -19.549  -81.002  19.076 0.6000000238
2648  -19.367  -80.572  19.280 0.6000000238
1865  -14.667  -82.723  21.517 0.5000000000
2262  -16.747  -81.785  19.869 0.5000000000
2268  -18.001  -80.944  19.706 0.6000000238
2647  -18.649  -80.710  19.390 0.6000000238
2649  -20.171  -80.661  19.340 0.5000000000
2645  -22.814  -81.197  20.687 0.5000000000
100941  -23.413  -82.260  20.955 0.5000000000
1884  -24.630  -81.637  21.010 0.5000000000
2252  -17.503  -81.780  21.564 0.5000000000
2634  -19.184  -79.521  20.715 0.5000000000
1856  -17.421  -82.430  23.168 0.5000000000
100295  -18.586  -81.552  22.980 0.5000000000
1857  -18.229  -82.182  23.562 0.5000000000
3061  -26.255  -80.104  21.147 0.5000000000
2626  -24.271  -80.444  21.273 0.5000000000
3049  -25.822  -79.669  21.554 0.5000000000
117430  -27.265  -78.385  23.239 0.5000000000
3048  -24.732  -79.853  21.951 0.4000000060
103652  -26.486  -78.316  23.856 0.4000000060
105676  -26.084  -82.514  24.400 0.5000000000
1504  -25.752  -82.922  24.114 0.6000000238
1859  -25.686  -82.582  23.246 0.6000000238
1492  -25.073  -83.619  24.465 0.4000000060
1872  -26.241  -81.851  22.700 0.4000000060
1871  -25.534  -82.189  22.266 0.4000000060
118683  -25.170  -83.138  23.719 0.6000000238
1858  -24.800  -82.904  22.843 0.5000000000
1512  -23.811  -83.284  22.984 0.5000000000
1491  -24.035  -83.810  24.263 0.6000000238
1490  -22.288  -83.189  24.959 0.6000000238
1489  -21.409  -83.052  24.582 0.6000000238
1488  -20.428  -83.580  24.316 0.6000000238
1499  -20.158  -83.384  23.344 0.6000000238
1167  -19.496  -84.379  23.992 0.5000000000
1166  -19.043  -84.381  23.301 0.5000000000
868  -18.403  -84.640  23.553 0.4000000060
867  -17.765  -84.694  23.288 0.5000000000
3485  -28.155  -78.524  22.655 0.3000000119
865  -15.611  -84.966  23.001 0.4000000060
7034  -11.603  -71.308  27.259 0.4000000060
7052  -11.994  -70.900  26.371 0.4000000060
7051  -11.201  -71.536  26.279 0.5000000000
9015  -12.702  -68.900  20.135 0.5000000000
9606  -11.808  -68.118  20.140 0.5000000000
9016  -13.544  -68.516  20.165 0.5000000000
9607  -12.603  -67.567  20.397 0.4000000060
10806  -11.440  -65.771  22.550 0.4000000060
10205  -15.367  -66.757  21.236 0.4000000060
106864  -10.903  -65.524  23.362 0.4000000060
10794  -11.744  -65.293  23.232 0.4000000060
10817  -12.717  -65.997  21.342 0.4000000060
10793  -10.710  -65.057  24.285 0.4000000060
11398  -11.485  -64.922  23.932 0.4000000060
10828  -15.128  -65.222  20.364 0.4000000060
11389  -11.148  -64.519  24.518 0.4000000060
11995  -11.751  -64.221  24.247 0.4000000060
12015  -14.205  -63.878  21.287 0.4000000060
11986  -10.081  -63.695  25.161 0.4000000060
11987  -10.999  -63.711  24.789 0.4000000060
11985  -9.315  -62.774  24.912 0.4000000060
104543  -10.238  -62.940  24.750 0.4000000060
12617  -8.548  -61.764  26.838 0.3000000119
13963  -7.993  -61.028  25.695 0.4000000060
12604  -10.469  -62.550  27.579 0.3000000119
13288  -10.254  -61.974  26.954 0.3000000119
13964  -8.520  -60.548  25.828 0.3000000119
13301  -8.735  -60.909  26.349 0.3000000119
9609  -14.976  -67.298  20.257 0.4000000060
10827  -14.823  -66.246  20.220 0.4000000060
10217  -13.194  -66.868  20.540 0.4000000060
10229  -14.226  -67.097  20.067 0.4000000060
10818  -13.723  -66.003  20.732 0.4000000060
10808  -13.020  -65.402  21.673 0.4000000060
106499  -15.346  -65.171  20.554 0.4000000060
11414  -13.839  -64.517  21.365 0.4000000060
11407  -13.012  -64.715  22.297 0.4000000060
10795  -12.268  -64.675  23.405 0.4000000060
3392  -27.397  -78.392  28.226 0.3000000119
3391  -26.179  -78.168  28.211 0.4000000060
3409  -26.672  -78.790  27.659 0.3000000119
3407  -24.541  -78.992  28.084 0.3000000119
3408  -25.458  -78.836  27.709 0.3000000119
2976  -25.913  -79.333  27.094 0.4000000060
111571  -24.136  -79.869  28.054 0.3000000119
2975  -24.803  -79.659  27.335 0.3000000119
2989  -25.404  -79.930  26.498 0.3000000119
2988  -24.822  -80.300  26.731 0.3000000119
2565  -24.435  -80.447  27.328 0.3000000119
115492  -24.428  -80.924  27.117 0.3000000119
2576  -24.707  -80.805  26.531 0.3000000119
2214  -24.586  -81.392  27.324 0.3000000119
2222  -24.796  -81.248  26.450 0.3000000119
2228  -25.174  -81.075  25.688 0.3000000119
2191  -25.487  -81.645  29.156 0.3000000119
2203  -24.615  -81.495  28.215 0.3000000119
1817  -25.372  -82.128  27.558 0.3000000119
1816  -25.313  -81.993  26.668 0.3000000119
1827  -25.619  -81.951  25.748 0.3000000119
2204  -25.668  -82.132  28.260 0.4000000060
2977  -27.115  -79.268  27.090 0.3000000119
3390  -25.142  -78.341  28.197 0.4000000060
2990  -26.432  -79.634  26.341 0.4000000060
2555  -24.169  -80.718  27.979 0.3000000119
2578  -25.943  -80.146  25.667 0.4000000060
2190  -24.295  -80.753  28.971 0.3000000119
100328  -26.536  -81.595  30.189 0.3000000119
2548  -25.271  -80.704  30.290 0.4000000060
2229  -25.915  -81.700  24.922 0.4000000060
1828  -26.516  -83.007  26.136 0.3000000119
2179  -26.224  -81.266  30.841 0.3000000119
3410  -27.814  -78.942  27.736 0.3000000119
2978  -28.171  -79.389  27.123 0.3000000119
3411  -28.805  -79.127  27.747 0.3000000119
2992  -28.521  -79.653  26.292 0.3000000119
3833  -24.319  -77.590  29.387 0.4000000060
2991  -27.493  -79.599  26.298 0.3000000119
3003  -27.890  -79.940  25.366 0.3000000119
2960  -24.162  -79.143  28.713 0.3000000119
3389  -24.524  -78.181  28.682 0.4000000060
3002  -26.861  -79.897  25.498 0.4000000060
2591  -26.479  -80.380  25.042 0.4000000060
102278  -24.012  -79.929  28.753 0.3000000119
2933  -24.240  -79.024  30.571 0.3000000119
2590  -25.809  -80.824  25.049 0.4000000060
2604  -26.789  -80.849  24.369 0.4000000060
2547  -24.394  -79.751  29.860 0.3000000119
2538  -24.708  -79.805  30.869 0.3000000119
2236  -26.461  -81.625  24.268 0.4000000060
2237  -26.949  -81.333  23.547 0.5000000000
1847  -26.287  -82.097  23.584 0.5000000000
2168  -26.100  -81.238  31.560 0.3000000119
2979  -29.115  -79.474  27.104 0.3000000119
3412  -29.571  -79.315  27.685 0.3000000119
3820  -23.883  -77.733  30.093 0.4000000060
2592  -27.327  -80.324  24.672 0.4000000060
2605  -27.601  -80.649  23.726 0.4000000060
3368  -23.975  -78.368  30.269 0.4000000060
2238  -27.486  -80.889  23.070 0.5000000000
2256  -26.794  -81.056  22.107 0.4000000060
2246  -26.917  -81.449  22.958 0.4000000060
2926  -24.261  -79.226  31.151 0.3000000119
2255  -26.087  -81.457  21.792 0.4000000060
2528  -25.390  -80.573  31.178 0.3000000119
2157  -25.975  -81.491  32.249 0.3000000119
3004  -28.915  -79.789  25.313 0.3000000119
2593  -28.416  -80.049  24.152 0.3000000119
2257  -27.348  -80.393  21.911 0.4000000060
3355  -24.006  -78.680  30.924 0.4000000060
119877  -23.787  -80.177  31.908 0.3000000119
2526  -23.806  -79.497  31.579 0.3000000119
2515  -24.261  -80.759  32.102 0.3000000119
1763  -26.013  -82.069  32.874 0.3000000119
2156  -24.868  -81.585  32.542 0.3000000119
109761  -28.171  -80.220  23.068 0.4000000060
2615  -27.776  -80.345  22.469 0.4000000060
2514  -23.310  -80.678  32.276 0.3000000119
2513  -22.421  -80.511  32.412 0.3000000119
2155  -22.873  -81.162  32.822 0.3000000119
100736  -23.771  -81.350  32.610 0.3000000119
2154  -22.015  -80.963  33.037 0.3000000119
2144  -22.533  -81.445  33.736 0.3000000119
2130  -23.261  -81.875  34.278 0.3000000119
2145  -23.427  -81.702  33.319 0.3000000119
3036  -29.014  -79.047  22.203 0.3000000119
3052  -28.385  -79.218  22.005 0.4000000060
2128  -21.579  -81.416  34.609 0.3000000119
2115  -21.976  -81.584  35.483 0.3000000119
3468  -30.063  -78.234  23.770 0.3000000119
3037  -29.367  -78.967  23.016 0.3000000119
3497  -28.909  -78.904  22.097 0.3000000119
3921  -29.584  -78.232  23.394 0.3000000119
3486  -29.174  -78.712  22.664 0.3000000119
3930  -29.034  -78.494  22.797 0.3000000119
10215  -10.872  -67.064  21.084 0.5000000000
13316  -8.336  -61.267  24.848 0.5000000000
12643  -8.926  -61.761  24.575 0.4000000060
114914  -12.379  -66.625  20.986 0.4000000060
112894  -23.252  -83.682  24.201 0.6000000238
1503  -24.400  -83.452  23.684 0.5000000000
1885  -25.392  -81.630  21.345 0.4000000060
114363  -27.364  -80.058  21.551 0.4000000060
2627  -27.781  -79.787  21.930 0.4000000060
9004  -13.305  -68.781  20.435 0.5000000000
9608  -14.768  -67.764  20.601 0.4000000060
118500  -15.176  -65.939  20.329 0.4000000060
3379  -24.135  -78.343  29.402 0.4000000060
2946  -24.123  -79.043  29.501 0.3000000119
2527  -24.572  -80.062  31.480 0.3000000119
2247  -27.294  -80.878  22.536 0.4000000060
2167  -25.254  -80.850  31.845 0.3000000119
2616  -28.387  -79.618  22.309 0.4000000060
2525  -22.913  -79.932  31.917 0.3000000119
101514  -24.192  -81.946  33.045 0.3000000119
106382  -28.892  -79.522  23.000 0.3000000119
2129  -22.493  -81.575  34.743 0.3000000119
1160  -19.107  -84.762  24.297 0.5000000000
1161  -19.781  -84.840  25.001 0.5000000000
1475  -20.740  -83.813  25.247 0.5000000000
108139  -23.467  -83.671  24.884 0.4000000060
2234  -19.048  -81.786  24.918 0.4000000060
1493  -25.981  -83.346  25.090 0.5000000000
1481  -26.353  -83.325  25.799 0.3000000119
1456  -26.566  -83.430  27.076 0.3000000119
1837  -26.215  -82.807  25.247 0.4000000060
1807  -26.660  -82.731  27.833 0.3000000119
1818  -26.427  -82.836  26.956 0.3000000119
2925  -23.719  -78.771  31.242 0.3000000119
3353  -22.903  -78.310  31.247 0.3000000119
3354  -23.551  -78.046  30.789 0.3000000119
3852  -25.373  -77.722  28.585 0.3000000119
3819  -23.395  -77.077  30.446 0.3000000119
3832  -24.032  -77.044  29.907 0.3000000119
105374  -24.593  -76.965  29.483 0.3000000119
4331  -24.367  -76.376  29.760 0.3000000119
3808  -22.851  -77.463  30.958 0.3000000119
4330  -23.700  -76.380  30.117 0.3000000119
101629  -24.905  -77.300  29.008 0.3000000119
3835  -26.625  -76.980  29.095 0.3000000119
3818  -22.791  -76.710  30.737 0.3000000119
3834  -25.723  -77.047  29.067 0.3000000119
4332  -25.185  -76.456  29.460 0.3000000119
110822  -24.366  -83.955  24.894 0.5000000000
1476  -21.602  -83.391  25.517 0.5000000000
1468  -26.448  -83.599  26.354 0.3000000119
11422  -15.406  -64.173  20.567 0.3000000119
11415  -14.753  -64.413  20.616 0.3000000119
12655  -11.569  -62.379  24.258 0.3000000119
1150  -19.708  -85.114  25.612 0.4000000060
1072  -23.248  -84.650  30.010 0.4000000060
1106  -22.425  -84.646  28.572 0.4000000060
1122  -22.172  -84.684  27.974 0.4000000060
1465  -22.228  -83.903  27.147 0.4000000060
1477  -22.574  -83.333  25.966 0.4000000060
1137  -20.699  -84.750  26.637 0.4000000060
113905  -21.056  -84.275  25.944 0.4000000060
1464  -21.390  -84.185  26.550 0.4000000060
1046  -24.185  -84.710  32.061 0.3000000119
102377  -23.671  -84.710  29.953 0.4000000060
111604  -23.658  -84.626  28.895 0.4000000060
1151  -20.383  -85.034  25.903 0.4000000060
1090  -22.696  -84.815  29.173 0.4000000060
1121  -21.610  -84.486  28.020 0.4000000060
1073  -23.844  -84.635  30.630 0.3000000119
1107  -22.979  -84.914  29.072 0.4000000060
1454  -23.099  -83.912  27.665 0.4000000060
1466  -23.399  -83.558  26.669 0.4000000060
108208  -24.850  -84.703  31.957 0.3000000119
1062  -24.481  -84.730  31.232 0.3000000119
107503  -23.576  -84.737  29.471 0.3000000119
1092  -24.361  -84.679  29.931 0.3000000119
1124  -25.010  -84.073  27.439 0.3000000119
1467  -24.616  -84.080  26.239 0.3000000119
1123  -23.907  -84.069  28.107 0.3000000119
114829  -25.515  -84.156  26.122 0.3000000119
1480  -26.086  -83.799  25.900 0.3000000119
1479  -25.193  -84.022  25.434 0.3000000119
1455  -24.214  -83.830  27.171 0.3000000119
1478  -23.955  -83.855  25.629 0.3000000119
2830  -15.149  -79.648  38.518 0.3000000119
113473  -14.588  -78.868  38.778 0.3000000119
103258  -20.616  -80.249  32.629 0.3000000119
3269  -14.751  -77.635  37.922 0.3000000119
3270  -15.243  -77.848  37.065 0.3000000119
2873  -16.576  -78.774  35.159 0.3000000119
116665  -17.201  -78.998  34.434 0.3000000119
99120  -17.909  -79.508  33.863 0.3000000119
2501  -18.716  -79.821  33.297 0.3000000119
2511  -19.644  -80.001  32.793 0.3000000119
3743  -15.309  -77.080  36.446 0.3000000119
3300  -15.805  -77.643  35.471 0.3000000119
3301  -16.118  -77.948  34.980 0.3000000119
2891  -16.634  -78.240  34.544 0.3000000119
2906  -17.684  -78.573  33.642 0.3000000119
3261  -14.997  -78.612  37.914 0.3000000119
2856  -16.693  -79.202  36.049 0.3000000119
2840  -15.635  -78.633  37.183 0.3000000119
100507  -16.249  -78.900  36.773 0.3000000119
2855  -16.046  -78.392  35.848 0.3000000119
3754  -15.595  -77.086  35.674 0.3000000119
652  -12.870  -86.260  23.123 0.4000000060
870  -12.839  -85.105  22.084 0.5000000000
873  -16.208  -84.751  22.295 0.5000000000
876  -13.370  -84.574  21.393 0.5000000000
1091  -23.200  -84.810  29.470 0.4000000060
1138  -21.276  -84.532  27.395 0.4000000060
1139  -25.319  -84.196  26.684 0.3000000119
1155  -12.171  -85.513  23.006 0.5000000000
1163  -12.392  -85.331  22.571 0.5000000000
1165  -18.510  -84.575  23.075 0.4000000060
1168  -12.681  -84.953  22.101 0.5000000000
1173  -13.456  -84.177  21.022 0.5000000000
1175  -15.570  -84.224  20.808 0.5000000000
1179  -13.951  -84.033  20.674 0.6000000238
1180  -14.767  -83.807  20.432 0.6000000238
1429  -13.903  -83.346  29.340 0.6999999881
1471  -9.517  -84.089  25.149 0.5000000000
1472  -10.008  -83.742  24.319 0.5000000000
1498  -19.380  -83.967  23.210 0.5000000000
1521  -14.488  -83.489  20.559 0.5000000000
1528  -16.903  -82.207  19.625 0.6000000238
1833  -15.236  -82.378  25.287 0.6000000238
1840  -10.406  -82.843  23.851 0.6000000238
1866  -15.444  -82.459  21.806 0.5000000000
1878  -15.945  -82.050  20.116 0.5000000000
1880  -21.087  -82.582  20.858 0.6999999881
1883  -24.002  -82.301  21.333 0.5000000000
1886  -14.948  -82.891  20.193 0.5000000000
1888  -16.217  -82.125  19.757 0.5000000000
1891  -20.687  -82.112  19.976 0.6999999881
1895  -17.000  -81.835  19.659 0.6000000238
2169  -26.967  -81.630  31.273 0.3000000119
2220  -18.958  -81.812  25.798 0.5000000000
2232  -11.049  -81.996  24.318 0.6000000238
2260  -9.516  -80.939  20.605 0.5000000000
2261  -10.296  -81.029  20.941 0.5000000000
2266  -26.950  -80.417  21.479 0.4000000060
2275  -20.888  -81.024  19.502 0.5000000000
2533  -11.910  -81.010  30.604 0.6999999881
2571  -7.875  -80.206  25.763 0.5000000000
2572  -12.010  -80.775  26.259 0.6999999881
2573  -12.188  -80.298  26.628 0.6999999881
2577  -25.185  -80.562  25.989 0.3000000119
2584  -6.954  -80.186  24.873 0.4000000060
2586  -8.178  -80.215  25.035 0.6000000238
2621  -9.547  -80.520  21.045 0.5000000000
2631  -9.082  -80.427  20.753 0.5000000000
2637  -24.702  -80.851  20.835 0.5000000000
2642  -19.301  -80.085  19.815 0.6000000238
2921  -13.922  -78.749  31.168 0.6000000238
2939  -6.814  -79.208  29.231 0.6999999881
2943  -15.654  -79.461  30.268 0.5000000000
2971  -8.022  -79.597  28.076 0.6000000238
3027  -9.982  -79.678  22.924 0.6000000238
3042  -9.860  -80.344  21.894 0.6000000238
3057  -19.689  -78.891  20.954 0.5000000000
3281  -15.603  -77.710  36.160 0.3000000119
3282  -15.728  -78.326  36.608 0.3000000119
3365  -14.440  -78.389  31.009 0.5000000000
3373  -6.672  -78.729  29.616 0.6000000238
3423  -12.741  -78.479  26.060 0.6000000238
3474  -10.116  -78.756  23.744 0.6000000238
3487  -29.494  -78.503  23.283 0.3000000119
3801  -8.013  -77.312  31.515 0.5000000000
3803  -9.182  -76.696  31.923 0.6000000238
3817  -15.568  -77.492  30.456 0.5000000000
3827  -8.328  -78.209  30.499 0.6000000238
4287  -9.621  -76.195  32.188 0.6000000238
4300  -7.513  -76.650  31.447 0.5000000000
4752  -10.160  -75.804  32.217 0.6000000238
4787  -11.337  -75.177  31.360 0.5000000000
4830  -14.852  -75.517  28.761 0.6000000238
5278  -10.390  -74.419  32.513 0.5000000000
5309  -11.418  -74.966  30.742 0.5000000000
5354  -7.011  -73.917  27.931 0.6999999881
5407  -7.214  -74.773  23.281 0.6000000238
5414  -4.148  -74.676  22.671 0.6000000238
5415  -5.187  -74.955  22.712 0.6000000238
5823  -8.633  -73.404  31.344 0.6999999881
5825  -9.764  -73.209  32.132 0.6000000238
5833  -12.162  -73.959  31.293 0.5000000000
5895  -7.494  -73.884  24.841 0.6000000238
5923  -12.576  -73.989  23.598 0.5000000000
5936  -4.647  -73.934  22.445 0.5000000000
5948  -6.506  -73.560  21.592 0.6999999881
5949  -7.034  -73.867  21.786 0.8000000119
6399  -9.126  -72.898  31.495 0.8000000119
6426  -10.590  -73.074  28.019 0.6000000238
6515  -7.362  -73.498  22.187 0.8000000119
6528  -7.278  -72.837  21.470 0.8000000119
6998  -8.610  -71.841  30.351 0.6999999881
7017  -8.227  -70.951  28.431 0.8000000119
7088  -4.675  -72.503  22.704 0.5000000000
7113  -5.958  -72.133  21.457 0.8000000119
7114  -6.940  -72.346  21.012 0.8000000119
7115  -7.464  -72.251  21.140 0.8000000119
7666  -7.787  -71.095  26.958 0.6999999881
7702  -5.516  -70.582  25.452 0.6000000238
8369  -10.501  -69.830  21.574 0.5000000000
8382  -10.746  -69.944  20.688 0.5000000000
8905  -5.215  -68.163  29.087 0.6000000238
9002  -11.763  -69.527  20.485 0.5000000000
9012  -9.762  -69.673  20.418 0.5000000000
9506  -5.713  -67.290  28.040 0.6000000238
9571  -5.265  -67.489  23.697 0.8000000119
9587  -6.069  -68.157  22.852 0.6000000238
9604  -9.828  -67.917  20.839 0.6000000238
9621  -12.237  -68.974  19.925 0.5000000000
9622  -12.837  -68.598  20.009 0.5000000000
9623  -14.333  -67.744  20.251 0.4000000060
10180  -5.408  -66.360  24.329 0.6999999881
10203  -10.163  -66.460  21.942 0.6000000238
10216  -11.728  -66.897  21.005 0.4000000060
10218  -15.210  -66.910  20.481 0.4000000060
10228  -13.585  -67.979  20.144 0.4000000060
10230  -14.835  -67.060  20.056 0.4000000060
10713  -4.243  -65.021  30.406 0.6999999881
10745  -4.728  -64.799  27.484 0.6000000238
10765  -4.877  -64.743  25.127 0.5000000000
10780  -9.775  -65.019  24.642 0.4000000060
10792  -9.244  -65.518  23.641 0.5000000000
10807  -12.310  -65.397  22.400 0.4000000060
10816  -11.922  -66.136  21.733 0.4000000060
10819  -14.395  -65.270  20.673 0.4000000060
10820  -15.308  -66.092  20.591 0.4000000060
10829  -15.144  -66.649  20.164 0.4000000060
11266  -6.457  -64.662  34.566 0.5000000000
11274  -8.380  -64.084  33.239 0.4000000060
11283  -9.044  -64.149  31.760 0.5000000000
11321  -4.621  -64.105  30.020 0.6000000238
11336  -4.317  -64.024  28.848 0.5000000000
11361  -4.441  -63.937  26.297 0.5000000000
11374  -8.551  -64.070  25.453 0.5000000000
11375  -9.301  -63.850  25.391 0.5000000000
11386  -8.207  -64.595  25.149 0.4000000060
11387  -9.102  -64.532  25.246 0.5000000000
11388  -10.494  -64.455  24.895 0.4000000060
11896  -9.712  -63.610  31.588 0.5000000000
11912  -10.449  -63.371  30.276 0.4000000060
11913  -11.021  -63.016  29.875 0.4000000060
11927  -7.510  -63.735  29.436 0.5000000000
11938  -4.625  -63.598  28.595 0.5000000000
11942  -9.596  -63.479  28.836 0.4000000060
11943  -10.450  -63.208  28.694 0.4000000060
11953  -8.569  -62.954  27.798 0.4000000060
11965  -4.391  -63.290  26.717 0.4000000060
11978  -8.549  -63.301  25.298 0.5000000000
12535  -7.072  -63.514  34.329 0.4000000060
12553  -10.253  -62.358  31.840 0.4000000060
12555  -11.329  -62.247  30.774 0.4000000060
12587  -11.000  -62.800  28.345 0.4000000060
12588  -11.920  -62.358  28.675 0.4000000060
12599  -4.620  -62.583  26.734 0.4000000060
12602  -7.116  -62.256  27.191 0.5000000000
12603  -8.070  -62.366  27.322 0.4000000060
12614  -5.763  -61.904  26.359 0.4000000060
12626  -5.121  -62.335  26.148 0.4000000060
12628  -6.893  -62.039  25.623 0.4000000060
12642  -8.289  -62.147  24.861 0.5000000000
12645  -10.876  -62.700  24.502 0.3000000119
13232  -9.243  -62.237  32.514 0.4000000060
13290  -12.269  -61.764  27.987 0.3000000119
13299  -7.309  -61.355  26.059 0.5000000000
13300  -8.012  -61.098  26.174 0.3000000119
13310  -8.003  -61.149  25.263 0.5000000000
99945  -7.246  -74.631  24.379 0.6000000238
101413  -21.492  -82.161  20.341 0.6000000238
101895  -22.891  -84.660  28.531 0.4000000060
102090  -18.766  -80.996  19.100 0.6000000238
102501  -17.424  -84.335  21.560 0.6000000238
104058  -7.313  -71.683  20.948 0.6999999881
105023  -19.889  -82.297  20.142 0.6999999881
105164  -12.279  -86.298  23.388 0.4000000060
107251  -13.543  -65.149  21.350 0.4000000060
107363  -8.952  -70.509  20.852 0.6000000238
107878  -10.470  -61.909  31.603 0.4000000060
107895  -4.799  -65.381  25.079 0.8000000119
108282  -5.037  -63.074  28.092 0.4000000060
108705  -8.134  -80.432  23.064 0.5000000000
109935  -26.181  -77.509  28.716 0.3000000119
112434  -17.144  -82.439  25.499 0.6000000238
112502  -7.671  -67.672  22.361 0.5000000000
112832  -11.944  -85.344  29.264 0.6000000238
113217  -19.046  -81.359  19.175 0.6000000238
113303  -19.068  -79.775  21.688 0.6000000238
113527  -5.780  -65.747  24.395 0.5000000000
113570  -10.027  -81.082  20.679 0.5000000000
113950  -9.346  -77.013  31.377 0.6000000238
114290  -6.264  -66.977  23.457 0.6000000238
114313  -5.389  -70.549  26.485 0.5000000000
114570  -7.684  -71.104  20.976 0.6000000238
114575  -10.650  -65.993  22.511 0.5000000000
114602  -24.265  -84.696  30.460 0.3000000119
114928  -26.037  -84.078  26.478 0.3000000119
115277  -5.746  -65.169  34.916 0.5000000000
115317  -15.592  -82.007  27.434 0.4000000060
115657  -4.637  -63.155  26.183 0.4000000060
116083  -18.757  -84.651  23.765 0.4000000060
116115  -9.679  -66.740  21.824 0.6000000238
116364  -14.181  -68.303  20.662 0.5000000000
116603  -10.324  -69.472  20.163 0.6000000238
116671  -7.490  -62.916  33.831 0.4000000060
117389  -19.170  -79.488  32.787 0.3000000119
117920  -9.381  -61.673  26.762 0.3000000119
117959  -9.852  -70.006  20.650 0.6000000238
118164  -10.847  -81.487  22.281 0.5000000000
118177  -5.151  -68.936  23.708 0.6999999881
118702  -6.289  -62.379  25.584 0.4000000060
118759  -10.109  -68.389  24.078 0.5000000000
119382  -26.066  -82.543  26.286 0.3000000119
119574  -5.204  -67.995  23.628 0.6999999881
119681  -6.890  -74.910  29.247 0.6000000238
119779  -10.055  -75.378  32.473 0.6000000238
119852  -22.089  -81.410  34.220 0.3000000119
120095  -11.389  -62.583  30.225 0.4000000060
