#!ascii label  , from subject sub-01 vox2ras=TkReg
1002
2635  -22.451  -80.742  20.971 0.5000000000
115341  -20.966  -79.844  20.398 0.6000000238
3929  -28.398  -78.101  23.351 0.3000000119
2644  -20.778  -80.410  19.778 0.5000000000
103652  -26.486  -78.316  23.856 0.4000000060
108983  -26.840  -77.835  24.648 0.4000000060
113019  -27.985  -77.253  25.296 0.4000000060
3919  -27.982  -77.658  24.368 0.3000000119
3905  -26.275  -77.511  25.463 0.4000000060
3493  -20.895  -77.787  22.247 0.5000000000
3494  -21.595  -78.067  22.466 0.5000000000
2623  -21.521  -79.873  21.235 0.5000000000
3479  -20.148  -77.920  22.160 0.6000000238
3499  -20.481  -78.432  21.577 0.5000000000
3059  -20.693  -79.105  20.927 0.6000000238
112905  -29.991  -77.585  23.887 0.3000000119
3063  -20.355  -79.529  20.250 0.5000000000
3466  -25.343  -78.541  24.367 0.5000000000
3920  -29.115  -77.885  23.575 0.3000000119
3058  -20.137  -78.865  20.866 0.6000000238
3904  -25.380  -77.629  25.683 0.5000000000
3447  -25.845  -77.983  24.896 0.4000000060
3906  -27.196  -77.413  25.352 0.4000000060
3907  -28.986  -77.297  24.694 0.3000000119
3887  -24.992  -77.179  26.242 0.4000000060
3889  -26.699  -77.074  26.025 0.4000000060
3888  -25.826  -77.098  26.074 0.4000000060
116038  -20.904  -76.208  24.621 0.6999999881
4398  -21.382  -76.385  24.220 0.6999999881
3928  -21.484  -76.875  23.268 0.6999999881
2614  -22.706  -80.201  22.698 0.5000000000
112150  -20.490  -75.900  25.352 0.6999999881
3901  -20.435  -76.584  24.914 0.6999999881
3927  -20.580  -76.828  23.376 0.8000000119
3481  -21.247  -77.225  22.766 0.5000000000
3480  -20.333  -77.312  22.704 0.6999999881
3047  -23.576  -80.252  22.542 0.5000000000
3462  -20.296  -77.103  24.387 0.6999999881
3016  -23.694  -79.449  24.271 0.4000000060
3465  -24.271  -78.886  24.863 0.5000000000
105085  -19.901  -77.941  22.826 0.6000000238
3446  -24.850  -78.233  25.297 0.5000000000
4391  -30.087  -76.959  24.563 0.3000000119
3030  -19.682  -78.516  22.335 0.5000000000
3903  -24.400  -77.723  25.985 0.5000000000
4376  -24.464  -76.780  26.666 0.4000000060
117788  -24.433  -77.212  26.315 0.4000000060
4378  -26.246  -76.575  26.520 0.4000000060
114695  -27.373  -76.136  26.834 0.4000000060
3890  -27.528  -77.006  25.972 0.4000000060
4361  -24.877  -76.165  27.162 0.3000000119
4377  -25.379  -76.646  26.617 0.4000000060
4883  -17.936  -75.340  26.007 0.5000000000
4861  -18.485  -75.497  26.406 0.6000000238
118883  -18.969  -74.984  26.559 0.6000000238
4884  -20.023  -75.396  26.223 0.6000000238
4895  -17.482  -76.081  24.538 0.5000000000
4882  -17.723  -76.170  25.493 0.5000000000
113683  -18.129  -76.440  26.112 0.6000000238
108481  -19.202  -75.683  26.522 0.6000000238
104249  -19.763  -76.373  26.190 0.6999999881
3482  -22.054  -77.600  23.265 0.6000000238
3448  -30.776  -78.640  25.397 0.3000000119
3915  -17.153  -78.563  24.290 0.6999999881
4371  -17.836  -77.633  25.500 0.6000000238
111233  -18.683  -76.229  26.480 0.6000000238
4373  -19.189  -76.787  26.488 0.6999999881
3884  -20.180  -77.178  25.903 0.6999999881
3463  -22.611  -78.056  24.579 0.6000000238
109060  -23.125  -79.904  23.544 0.5000000000
3925  -16.570  -78.678  23.467 0.6999999881
119216  -17.409  -78.429  24.962 0.6000000238
3881  -18.231  -78.175  26.087 0.6000000238
4372  -18.638  -77.077  26.348 0.6000000238
3883  -19.746  -77.558  26.396 0.6999999881
3443  -20.408  -77.891  25.633 0.6999999881
3464  -23.270  -78.831  24.971 0.5000000000
3922  -30.379  -77.775  24.029 0.3000000119
3478  -16.188  -79.127  23.694 0.6999999881
3460  -16.466  -79.230  24.558 0.6000000238
3461  -16.990  -79.071  24.776 0.6999999881
3882  -18.959  -78.057  26.573 0.6000000238
3430  -20.177  -78.499  26.407 0.6000000238
100053  -20.107  -77.743  23.681 0.6999999881
3902  -23.400  -77.631  25.851 0.5000000000
3427  -17.674  -78.666  26.465 0.6000000238
118175  -19.533  -78.561  26.693 0.6000000238
3001  -20.481  -79.037  26.048 0.6000000238
3014  -20.377  -78.956  24.519 0.6000000238
3031  -19.924  -78.955  23.477 0.6000000238
3885  -22.994  -76.721  26.146 0.5000000000
100686  -29.186  -76.760  25.487 0.3000000119
3442  -16.808  -79.018  25.386 0.6999999881
3426  -17.005  -78.861  26.302 0.6000000238
2987  -20.033  -79.584  26.812 0.5000000000
2575  -20.323  -79.861  26.263 0.5000000000
2602  -19.833  -80.189  23.972 0.5000000000
2613  -19.420  -79.700  22.715 0.5000000000
4375  -23.659  -76.648  26.676 0.5000000000
120039  -24.853  -74.255  28.344 0.3000000119
4846  -25.289  -75.435  27.573 0.3000000119
4363  -26.687  -76.056  26.962 0.4000000060
105157  -23.888  -74.806  27.991 0.3000000119
4845  -24.370  -75.523  27.589 0.3000000119
4362  -25.810  -76.033  27.045 0.4000000060
4899  -17.232  -76.078  23.556 0.5000000000
5410  -17.655  -75.192  25.232 0.5000000000
5398  -18.158  -74.476  25.656 0.5000000000
4405  -16.433  -77.080  22.113 0.5000000000
4403  -16.817  -77.250  22.978 0.5000000000
3926  -17.207  -77.283  23.867 0.5000000000
5381  -18.547  -74.724  26.283 0.5000000000
119064  -20.367  -74.799  26.428 0.6000000238
4885  -20.922  -75.312  25.804 0.6000000238
103457  -16.168  -78.392  22.548 0.5000000000
4399  -21.923  -76.379  24.546 0.8000000119
3413  -31.011  -78.896  27.806 0.3000000119
100453  -15.678  -78.631  22.325 0.6000000238
3933  -16.052  -78.992  22.913 0.6000000238
4864  -21.673  -75.435  25.986 0.4000000060
111588  -31.423  -78.275  26.151 0.3000000119
3491  -15.787  -78.877  22.810 0.6999999881
4389  -22.164  -76.106  25.328 0.5000000000
3918  -21.978  -76.792  23.886 0.6000000238
3469  -30.799  -78.006  24.237 0.3000000119
3923  -31.094  -77.389  24.385 0.3000000119
3924  -15.097  -78.314  23.360 0.6999999881
4374  -22.459  -75.778  26.321 0.4000000060
4400  -30.774  -77.244  24.238 0.3000000119
3459  -15.984  -79.191  24.397 0.6000000238
3441  -16.192  -79.150  25.148 0.6999999881
3913  -15.347  -78.291  24.282 0.6000000238
3899  -15.716  -78.745  25.110 0.6999999881
3429  -19.521  -79.278  27.109 0.5000000000
3406  -19.459  -79.766  27.489 0.5000000000
102987  -20.079  -80.429  25.010 0.6000000238
4865  -22.600  -75.229  27.136 0.4000000060
4359  -23.172  -76.040  26.862 0.4000000060
5850  -24.128  -73.135  28.329 0.3000000119
5342  -24.485  -73.733  28.432 0.3000000119
5851  -24.950  -73.059  28.486 0.3000000119
5343  -25.292  -73.769  28.445 0.3000000119
4847  -26.314  -75.291  27.501 0.4000000060
116596  -28.729  -76.261  26.329 0.3000000119
3404  -17.680  -78.696  27.237 0.6000000238
3405  -18.835  -79.572  27.986 0.5000000000
2574  -19.866  -80.479  26.850 0.5000000000
2227  -19.688  -81.188  25.457 0.5000000000
2235  -19.546  -81.065  24.488 0.6000000238
2245  -19.250  -80.843  23.449 0.5000000000
4844  -23.469  -75.451  27.471 0.3000000119
5360  -23.654  -73.965  28.250 0.3000000119
3428  -18.738  -78.984  27.371 0.5000000000
2974  -19.593  -80.143  27.416 0.5000000000
108675  -18.724  -81.679  26.706 0.5000000000
4911  -16.801  -76.037  21.736 0.5000000000
4903  -16.989  -76.067  22.657 0.5000000000
110700  -17.550  -75.205  24.138 0.5000000000
5411  -18.037  -74.327  24.485 0.5000000000
4407  -15.343  -77.606  20.745 0.5000000000
116265  -19.387  -73.602  26.204 0.4000000060
3936  -15.758  -78.032  21.723 0.5000000000
5383  -20.247  -74.153  26.637 0.4000000060
2962  -30.595  -79.022  28.013 0.3000000119
3395  -31.611  -78.459  28.176 0.3000000119
3934  -14.739  -78.009  21.279 0.6000000238
4863  -21.039  -74.661  26.477 0.4000000060
119674  -14.211  -77.743  21.200 0.6000000238
3932  -15.247  -78.515  22.098 0.6000000238
3449  -31.409  -77.770  24.849 0.3000000119
4402  -14.659  -77.780  22.728 0.6000000238
119334  -22.119  -75.247  26.552 0.4000000060
5385  -21.817  -74.640  26.895 0.4000000060
101320  -30.929  -76.646  24.723 0.3000000119
4395  -14.807  -77.357  23.740 0.6999999881
4843  -23.101  -74.641  27.760 0.3000000119
5359  -22.845  -73.901  27.763 0.3000000119
4904  -17.327  -75.271  22.287 0.5000000000
106243  -17.425  -75.262  23.190 0.5000000000
5422  -17.797  -74.639  23.577 0.5000000000
5924  -18.786  -73.566  24.163 0.4000000060
4408  -16.130  -76.883  21.159 0.5000000000
5910  -18.616  -73.711  25.235 0.4000000060
5899  -19.248  -73.348  25.692 0.4000000060
5881  -19.926  -73.550  26.465 0.4000000060
5882  -20.649  -73.415  26.694 0.4000000060
3432  -31.909  -78.069  26.803 0.3000000119
4404  -13.928  -77.227  21.773 0.6000000238
5384  -21.166  -73.916  26.922 0.4000000060
5358  -22.010  -73.744  27.268 0.4000000060
113443  -22.449  -74.444  27.427 0.3000000119
5863  -22.612  -73.236  27.395 0.3000000119
5433  -17.788  -74.632  22.756 0.5000000000
5423  -18.385  -74.017  23.262 0.4000000060
4413  -16.038  -76.749  19.901 0.5000000000
4919  -16.730  -76.093  20.711 0.5000000000
5925  -19.408  -73.138  23.991 0.4000000060
4412  -15.067  -77.328  19.859 0.6000000238
4417  -15.808  -76.494  19.222 0.6000000238
5911  -19.253  -73.161  24.803 0.4000000060
4411  -14.255  -77.502  19.892 0.6000000238
4416  -14.786  -76.967  19.421 0.6000000238
6476  -20.474  -72.564  25.920 0.4000000060
6457  -20.302  -72.986  26.425 0.4000000060
4410  -13.526  -77.104  20.056 0.6000000238
5883  -21.381  -73.270  26.911 0.4000000060
6459  -21.699  -72.549  26.386 0.4000000060
6442  -21.631  -72.869  26.779 0.4000000060
107343  -22.437  -72.473  26.192 0.4000000060
3908  -31.733  -77.103  24.749 0.3000000119
4406  -12.940  -76.377  20.517 0.6000000238
6443  -22.349  -72.772  26.857 0.4000000060
4381  -30.858  -76.000  25.600 0.3000000119
4401  -31.450  -76.911  24.553 0.3000000119
4902  -14.341  -76.316  22.966 0.6000000238
4900  -12.171  -75.498  21.443 0.6999999881
5961  -11.780  -74.541  20.582 0.6999999881
4901  -13.384  -75.896  22.052 0.6000000238
4909  -11.670  -75.251  21.087 0.6999999881
116409  -10.874  -73.951  21.669 0.6999999881
5420  -12.652  -74.802  22.529 0.6000000238
5951  -11.431  -73.855  21.086 0.6999999881
6530  -12.362  -73.040  21.252 0.6000000238
5432  -11.233  -74.637  21.931 0.6999999881
6529  -11.142  -73.360  21.792 0.6999999881
109610  -17.745  -74.738  21.915 0.5000000000
102685  -18.329  -74.270  22.156 0.5000000000
4920  -17.085  -76.022  19.649 0.5000000000
5452  -17.722  -75.445  20.231 0.5000000000
4912  -17.329  -75.329  21.239 0.5000000000
5940  -19.092  -73.764  22.395 0.5000000000
107105  -19.234  -73.409  23.289 0.4000000060
110451  -15.462  -76.306  19.021 0.6000000238
4929  -16.645  -75.982  18.808 0.6000000238
4930  -17.317  -75.848  18.944 0.6000000238
4921  -17.937  -75.586  19.270 0.6000000238
6508  -19.881  -72.779  24.392 0.4000000060
4415  -13.855  -76.982  19.584 0.6000000238
4937  -16.809  -75.288  18.571 0.6000000238
4938  -17.374  -75.450  18.601 0.6000000238
6492  -19.803  -72.804  25.370 0.4000000060
4927  -13.288  -76.551  19.893 0.6000000238
111328  -13.444  -76.153  19.598 0.6000000238
5461  -15.174  -75.327  19.146 0.6000000238
5462  -16.186  -74.832  18.829 0.6000000238
5469  -16.950  -74.484  18.594 0.6000000238
119984  -21.206  -72.377  26.057 0.4000000060
6495  -22.830  -72.618  24.712 0.4000000060
4926  -12.911  -75.296  19.763 0.6000000238
5460  -13.955  -75.322  19.468 0.6000000238
5969  -15.488  -74.162  19.374 0.6000000238
106795  -16.402  -73.868  19.092 0.6000000238
6543  -17.528  -72.683  19.171 0.6000000238
6478  -21.837  -72.333  25.750 0.4000000060
113835  -22.603  -72.428  25.484 0.4000000060
4918  -12.259  -75.679  20.510 0.6000000238
120011  -13.458  -74.594  19.756 0.5000000000
5968  -14.438  -74.389  19.636 0.6000000238
5963  -15.889  -73.324  19.787 0.6000000238
5964  -16.741  -73.013  19.467 0.6000000238
4910  -12.980  -76.386  21.144 0.6999999881
5450  -12.160  -75.210  20.210 0.6000000238
5962  -13.612  -73.821  20.138 0.6000000238
105639  -14.880  -73.570  20.024 0.6000000238
6542  -17.165  -72.340  19.937 0.6000000238
7133  -17.942  -71.991  19.596 0.6000000238
7134  -18.685  -71.534  19.271 0.6000000238
6540  -15.384  -72.820  20.435 0.6000000238
6541  -16.325  -72.612  20.242 0.6000000238
7129  -17.628  -71.811  20.435 0.6000000238
7130  -18.392  -71.522  20.014 0.6000000238
6539  -13.326  -73.243  20.674 0.6000000238
113985  -14.335  -73.035  20.540 0.6000000238
6532  -15.880  -72.186  20.997 0.5000000000
7128  -16.809  -72.030  20.792 0.6000000238
106993  -14.890  -72.402  21.120 0.5000000000
5950  -10.732  -73.668  22.273 0.6999999881
6518  -13.169  -72.350  22.041 0.6999999881
7117  -14.393  -72.134  21.976 0.5000000000
7118  -15.407  -71.871  21.826 0.6000000238
7119  -16.425  -71.624  21.738 0.5000000000
7120  -17.340  -71.566  21.366 0.5000000000
7104  -15.820  -71.409  22.529 0.6000000238
7000  -13.155  -71.996  31.023 0.6000000238
7009  -13.123  -71.915  30.210 0.6000000238
6419  -12.518  -72.347  29.778 0.6000000238
101673  -18.158  -74.695  21.048 0.5000000000
5453  -18.579  -75.205  19.805 0.5000000000
5440  -19.017  -74.217  21.433 0.5000000000
5941  -19.946  -73.371  22.603 0.5000000000
5926  -19.966  -72.984  23.481 0.4000000060
114837  -17.382  -74.972  18.420 0.5000000000
4939  -18.019  -75.398  18.787 0.5000000000
107335  -18.760  -74.856  18.611 0.5000000000
6509  -20.627  -72.638  23.937 0.4000000060
118489  -21.435  -72.674  23.656 0.4000000060
5470  -17.938  -74.985  18.416 0.5000000000
5973  -19.109  -73.986  18.319 0.5000000000
6493  -20.504  -72.466  24.922 0.4000000060
6494  -21.352  -72.428  24.460 0.4000000060
6510  -22.231  -72.667  24.003 0.4000000060
6545  -18.002  -73.289  18.554 0.5000000000
109329  -18.359  -74.251  18.392 0.5000000000
112590  -22.018  -72.337  24.951 0.4000000060
6546  -18.253  -72.232  18.949 0.6000000238
7138  -18.900  -71.712  18.812 0.5000000000
7131  -19.105  -71.077  19.551 0.4000000060
7135  -19.271  -70.998  19.019 0.4000000060
7787  -19.840  -70.610  18.833 0.4000000060
7122  -18.865  -71.261  20.466 0.6000000238
7784  -20.240  -70.366  19.477 0.5000000000
7783  -19.690  -70.579  19.187 0.4000000060
7788  -20.260  -70.187  18.955 0.4000000060
8399  -21.331  -69.571  18.885 0.4000000060
5419  -11.263  -74.125  22.957 0.6999999881
7121  -18.134  -71.477  20.968 0.6000000238
7773  -19.574  -70.841  20.049 0.5000000000
7789  -20.788  -69.876  19.112 0.4000000060
7102  -13.843  -71.819  22.881 0.6000000238
7106  -17.932  -71.203  21.994 0.5000000000
113430  -19.394  -71.198  21.073 0.5000000000
7774  -20.593  -70.840  20.694 0.5000000000
7785  -21.174  -70.266  20.040 0.4000000060
8393  -21.577  -69.658  19.444 0.4000000060
7103  -14.943  -71.668  22.653 0.6000000238
7755  -18.562  -71.002  22.249 0.5000000000
6987  -12.763  -71.813  31.664 0.6999999881
6994  -13.354  -71.208  31.279 0.6999999881
7001  -13.508  -71.329  30.545 0.6000000238
7631  -14.138  -69.978  31.195 0.6000000238
7019  -12.661  -71.642  29.118 0.6000000238
7646  -13.865  -70.795  29.713 0.6000000238
7639  -14.351  -70.186  30.308 0.6000000238
8279  -14.642  -69.552  30.680 0.6000000238
8281  -16.131  -69.105  30.084 0.6000000238
6428  -11.921  -72.101  28.972 0.5000000000
7020  -13.307  -71.060  28.838 0.6000000238
7647  -14.405  -70.261  29.318 0.6000000238
8290  -15.528  -69.557  29.560 0.6000000238
5953  -19.842  -73.835  21.683 0.5000000000
7654  -12.524  -71.155  28.104 0.5000000000
8289  -15.028  -69.922  28.998 0.5000000000
8302  -15.759  -69.769  28.774 0.5000000000
114897  -18.740  -75.262  19.062 0.4000000060
5454  -19.463  -74.863  19.607 0.5000000000
5942  -20.718  -73.498  21.930 0.5000000000
6519  -20.885  -72.991  22.935 0.4000000060
7655  -13.319  -70.715  27.984 0.5000000000
100122  -13.921  -70.368  27.967 0.5000000000
7657  -15.219  -70.074  28.151 0.5000000000
115284  -19.381  -74.919  18.936 0.5000000000
6520  -21.973  -72.918  23.041 0.4000000060
5927  -22.885  -73.119  23.293 0.4000000060
7667  -12.637  -70.773  27.233 0.5000000000
7668  -13.576  -70.482  27.299 0.5000000000
7669  -14.489  -70.261  27.517 0.6000000238
7670  -15.391  -70.155  27.298 0.6000000238
7685  -13.065  -70.555  26.505 0.6000000238
7686  -14.061  -70.389  26.684 0.6000000238
100665  -14.835  -70.292  26.810 0.6999999881
118435  -18.578  -73.630  18.391 0.4000000060
6547  -18.793  -72.842  18.480 0.5000000000
7068  -11.002  -71.938  24.855 0.6000000238
117816  -19.303  -72.184  18.515 0.5000000000
7140  -20.167  -71.175  18.478 0.4000000060
6491  -10.958  -72.427  24.149 0.6000000238
7139  -19.495  -71.343  18.674 0.4000000060
6506  -10.913  -72.575  23.425 0.6000000238
6507  -11.350  -72.345  22.882 0.6000000238
7792  -20.454  -70.367  18.673 0.4000000060
6517  -11.808  -72.616  22.167 0.6999999881
7095  -16.181  -70.982  23.145 0.6000000238
114237  -16.510  -71.210  22.535 0.5000000000
7105  -17.126  -71.226  22.219 0.5000000000
7629  -12.998  -70.846  31.899 0.6999999881
7630  -13.557  -70.419  31.601 0.6999999881
8272  -14.292  -69.098  31.365 0.6000000238
8273  -14.914  -68.998  30.926 0.6000000238
8880  -15.619  -68.685  30.900 0.6000000238
8282  -17.068  -68.879  30.083 0.6999999881
8292  -17.725  -69.228  29.612 0.6000000238
116500  -16.140  -69.463  29.317 0.6000000238
5441  -19.728  -74.375  20.713 0.5000000000
5954  -20.555  -74.020  20.991 0.5000000000
8303  -16.517  -69.729  28.786 0.6000000238
8291  -16.839  -69.342  29.480 0.5000000000
5943  -21.680  -73.264  22.141 0.5000000000
99967  -16.186  -70.161  26.983 0.6000000238
8315  -16.130  -70.022  27.946 0.6000000238
8304  -17.488  -69.758  28.903 0.5000000000
5471  -19.629  -74.465  18.644 0.5000000000
102590  -11.462  -71.249  25.413 0.6000000238
7705  -12.591  -70.731  25.649 0.6000000238
7687  -15.499  -70.305  26.473 0.6000000238
7671  -16.943  -70.122  27.457 0.6000000238
112028  -19.589  -73.090  18.362 0.4000000060
7069  -12.236  -70.982  24.802 0.5000000000
7706  -13.727  -70.551  25.878 0.6000000238
108100  -14.708  -70.460  26.109 0.6999999881
7707  -15.549  -70.512  25.513 0.6000000238
115370  -16.306  -70.324  26.147 0.6000000238
114491  -16.955  -70.273  26.651 0.6000000238
114058  -11.460  -71.432  24.623 0.6000000238
7721  -13.411  -70.798  25.051 0.6000000238
114431  -14.483  -70.675  25.282 0.6000000238
7708  -16.603  -70.423  25.319 0.6000000238
7688  -17.080  -70.346  25.956 0.6000000238
7689  -17.824  -70.349  26.024 0.6000000238
6548  -19.931  -72.184  18.392 0.4000000060
7083  -11.976  -71.376  24.082 0.5000000000
7084  -13.127  -71.125  24.250 0.6000000238
7723  -15.151  -70.745  24.610 0.6000000238
7724  -16.119  -70.576  24.584 0.6000000238
7709  -17.530  -70.372  25.254 0.6000000238
7082  -11.142  -71.888  24.087 0.6000000238
7093  -12.871  -71.565  23.494 0.6000000238
7085  -14.851  -71.039  23.874 0.6000000238
110386  -15.369  -71.228  23.266 0.6000000238
115334  -14.629  -71.411  23.308 0.6000000238
7753  -16.929  -70.856  22.967 0.5000000000
7754  -18.166  -70.807  22.818 0.5000000000
7623  -12.462  -70.299  32.236 0.6999999881
7624  -13.136  -70.028  32.154 0.6999999881
8270  -11.249  -69.705  31.814 0.6999999881
109033  -12.686  -68.663  32.110 0.6999999881
8259  -12.531  -69.489  32.227 0.6999999881
8261  -13.698  -68.897  31.839 0.6999999881
8879  -14.927  -68.390  31.424 0.6000000238
8881  -16.044  -68.136  31.274 0.6000000238
8882  -16.811  -67.956  31.054 0.5000000000
8895  -16.500  -68.525  30.687 0.6999999881
8896  -17.338  -68.367  30.514 0.5000000000
8907  -17.794  -68.738  30.072 0.5000000000
5455  -20.382  -74.527  20.006 0.4000000060
5965  -21.238  -74.253  20.309 0.5000000000
5966  -22.102  -74.133  20.600 0.5000000000
5956  -22.362  -73.655  21.481 0.5000000000
5957  -23.259  -73.885  21.711 0.4000000060
8316  -17.688  -70.064  28.023 0.6000000238
7672  -17.886  -70.242  26.982 0.6000000238
7710  -18.366  -70.385  25.465 0.6000000238
7690  -18.624  -70.345  26.266 0.6000000238
7725  -17.116  -70.439  24.453 0.6000000238
7711  -19.076  -70.390  25.771 0.6000000238
7736  -15.711  -70.820  23.871 0.6000000238
7726  -18.185  -70.425  24.508 0.5000000000
7737  -16.622  -70.644  23.733 0.6000000238
7738  -17.579  -70.598  23.525 0.5000000000
8876  -11.032  -68.993  31.298 0.6999999881
108296  -11.859  -68.982  31.966 0.6999999881
8864  -12.909  -67.867  32.074 0.6999999881
8865  -13.407  -68.285  32.064 0.6999999881
9452  -13.480  -67.605  32.048 0.6000000238
9453  -14.084  -67.658  32.021 0.6999999881
9463  -15.414  -67.698  31.672 0.4000000060
8894  -10.999  -68.374  30.616 0.6999999881
8877  -11.566  -68.266  31.399 0.6999999881
9460  -12.515  -67.467  31.709 0.6000000238
9461  -13.142  -67.200  31.941 0.6000000238
9464  -16.237  -67.460  31.480 0.5000000000
8288  -9.943  -69.110  29.755 0.6999999881
109453  -10.514  -68.532  29.782 0.6999999881
9483  -17.644  -67.760  30.790 0.5000000000
8917  -9.962  -68.638  28.954 0.6999999881
9484  -18.454  -67.567  30.572 0.5000000000
8927  -9.652  -68.523  28.001 0.6000000238
8928  -9.989  -67.930  27.308 0.6000000238
9531  -10.187  -67.658  26.333 0.6000000238
9559  -10.339  -67.816  24.970 0.5000000000
9560  -11.149  -67.586  24.718 0.5000000000
5442  -22.971  -74.217  20.821 0.4000000060
110180  -19.109  -70.425  25.107 0.6000000238
10077  -13.922  -67.118  32.042 0.5000000000
9454  -14.837  -67.153  32.028 0.5000000000
9481  -11.574  -67.622  30.737 0.6000000238
101947  -12.126  -67.245  31.214 0.6000000238
10086  -12.687  -66.765  31.330 0.6000000238
10087  -13.549  -66.605  31.629 0.6000000238
10089  -15.449  -66.388  31.758 0.5000000000
106296  -15.645  -67.045  31.834 0.5000000000
9465  -17.097  -67.235  31.210 0.5000000000
9497  -10.651  -68.076  29.073 0.6999999881
8906  -11.090  -67.908  29.838 0.6000000238
9482  -12.076  -66.939  30.589 0.6000000238
10100  -12.659  -66.437  30.405 0.6000000238
10715  -13.985  -65.721  30.444 0.6000000238
117132  -18.550  -66.901  30.695 0.5000000000
116381  -10.813  -67.702  28.536 0.6999999881
110879  -11.206  -67.546  29.093 0.6000000238
10114  -11.779  -67.005  29.001 0.6000000238
10127  -12.476  -66.541  28.935 0.6000000238
10117  -14.154  -65.673  29.326 0.6000000238
9507  -10.710  -67.573  27.853 0.6000000238
9508  -11.304  -67.286  28.353 0.6000000238
10141  -12.068  -66.790  28.092 0.6000000238
108801  -12.977  -66.342  28.180 0.6000000238
9517  -10.715  -67.424  27.008 0.6000000238
9532  -11.411  -67.033  26.633 0.6000000238
10158  -12.078  -66.763  27.124 0.6000000238
10143  -13.433  -66.276  27.414 0.6000000238
114841  -10.842  -67.308  26.248 0.5000000000
9545  -10.606  -67.519  25.585 0.5000000000
9546  -11.467  -67.101  25.674 0.5000000000
9547  -12.183  -66.747  26.238 0.6000000238
10159  -12.881  -66.535  26.781 0.6000000238
115974  -22.655  -74.632  20.016 0.4000000060
109765  -11.378  -68.685  22.739 0.5000000000
107481  -12.033  -67.163  24.841 0.5000000000
105100  -13.158  -66.623  25.800 0.6000000238
8970  -12.201  -68.223  22.707 0.5000000000
9574  -12.847  -67.534  23.398 0.5000000000
117759  -12.610  -67.233  24.265 0.4000000060
109366  -12.855  -66.866  24.896 0.5000000000
111231  -14.240  -66.427  25.681 0.6000000238
117898  -16.133  -65.883  31.510 0.5000000000
10091  -17.386  -66.451  31.243 0.5000000000
10691  -14.899  -65.850  31.398 0.6000000238
115265  -15.620  -65.678  31.392 0.5000000000
10092  -18.146  -66.354  30.954 0.5000000000
10716  -14.709  -65.366  30.062 0.6999999881
11306  -15.817  -64.723  30.439 0.6999999881
10128  -13.281  -66.150  29.019 0.6000000238
115522  -14.927  -65.261  29.210 0.6999999881
10129  -13.972  -65.897  28.200 0.6000000238
10735  -14.799  -65.425  28.540 0.6999999881
10144  -14.267  -65.933  27.236 0.6000000238
101856  -14.805  -65.498  27.795 0.6999999881
10161  -14.580  -65.990  26.395 0.6000000238
10747  -14.991  -65.525  27.025 0.6999999881
9003  -12.465  -69.214  20.433 0.5000000000
9590  -13.292  -68.115  22.261 0.5000000000
9561  -13.417  -67.165  24.097 0.4000000060
10182  -13.867  -66.798  24.870 0.6000000238
8986  -13.704  -68.580  21.137 0.5000000000
9575  -13.878  -67.569  23.057 0.4000000060
9562  -14.360  -67.068  23.870 0.5000000000
10694  -17.676  -65.808  31.176 0.5000000000
10702  -17.556  -65.111  31.141 0.5000000000
10701  -15.328  -65.280  30.799 0.6000000238
11307  -16.532  -64.515  30.835 0.5000000000
11308  -17.300  -64.407  30.987 0.5000000000
10717  -15.279  -64.942  29.749 0.6999999881
106236  -15.416  -64.942  28.666 0.6999999881
111641  -15.806  -64.652  28.106 0.6000000238
10758  -15.176  -65.539  26.227 0.6999999881
118634  -15.708  -64.749  27.460 0.6000000238
10171  -14.933  -66.027  25.578 0.6000000238
119692  -15.280  -65.587  25.539 0.6000000238
9592  -14.857  -67.808  21.320 0.5000000000
9576  -14.774  -67.384  22.598 0.4000000060
10183  -14.766  -66.496  24.694 0.6000000238
9593  -15.138  -67.417  20.881 0.4000000060
9577  -15.233  -67.270  21.846 0.4000000060
117073  -15.158  -66.903  22.739 0.5000000000
10192  -14.957  -66.756  23.599 0.5000000000
11323  -16.159  -64.123  30.041 0.6000000238
11914  -16.813  -63.977  30.560 0.5000000000
11337  -15.800  -64.348  28.977 0.6000000238
11931  -16.728  -63.432  30.063 0.5000000000
11945  -16.259  -63.201  28.753 0.5000000000
11351  -15.935  -64.192  27.676 0.6000000238
100692  -15.504  -64.990  25.981 0.6999999881
11362  -15.677  -64.344  26.793 0.5000000000
10172  -15.277  -65.981  24.892 0.6000000238
10781  -15.428  -65.668  24.039 0.5000000000
101994  -15.411  -66.583  22.274 0.4000000060
13974  -8.562  -60.491  25.244 0.4000000060
13981  -9.082  -60.041  24.818 0.3000000119
104900  -9.769  -60.165  24.420 0.4000000060
118579  -17.206  -62.449  29.761 0.5000000000
108830  -10.756  -61.905  24.280 0.3000000119
13318  -10.266  -61.138  24.258 0.4000000060
11956  -16.104  -63.307  27.999 0.5000000000
12574  -16.700  -62.696  29.397 0.5000000000
11996  -12.431  -63.838  23.826 0.3000000119
13319  -11.422  -61.467  24.108 0.4000000060
12605  -16.166  -62.534  27.467 0.5000000000
12007  -12.861  -64.107  23.106 0.3000000119
11966  -15.665  -63.457  26.268 0.6000000238
11376  -15.509  -64.390  25.254 0.6999999881
11979  -15.595  -63.518  25.460 0.6000000238
10796  -15.498  -65.735  22.748 0.5000000000
11390  -15.503  -64.605  24.355 0.5000000000
11399  -15.543  -64.769  23.237 0.4000000060
11988  -15.880  -63.202  24.126 0.4000000060
13302  -9.686  -61.048  26.519 0.3000000119
13975  -8.991  -60.002  25.604 0.3000000119
14651  -9.509  -59.378  24.801 0.3000000119
13982  -10.826  -60.485  24.046 0.4000000060
13266  -16.805  -61.917  28.841 0.5000000000
104864  -12.263  -62.168  24.002 0.4000000060
101272  -11.928  -60.750  23.826 0.4000000060
13292  -16.626  -61.750  27.879 0.5000000000
11997  -13.053  -63.394  23.336 0.4000000060
12657  -13.156  -62.473  23.549 0.4000000060
12618  -15.917  -62.665  26.530 0.5000000000
12008  -13.450  -63.792  22.239 0.4000000060
12630  -15.762  -62.855  25.757 0.5000000000
109675  -15.600  -63.676  24.646 0.5000000000
12646  -15.871  -62.794  24.918 0.5000000000
11416  -15.618  -65.046  20.904 0.3000000119
12017  -15.964  -63.899  21.188 0.4000000060
11999  -16.058  -63.161  23.247 0.4000000060
12632  -16.673  -62.085  24.786 0.4000000060
13303  -10.765  -61.295  26.759 0.3000000119
14631  -9.857  -59.455  25.945 0.3000000119
13987  -10.353  -59.465  24.123 0.4000000060
13988  -11.382  -59.887  23.711 0.4000000060
13269  -18.889  -61.445  29.650 0.4000000060
111879  -12.434  -60.111  23.581 0.4000000060
13938  -18.548  -60.855  29.283 0.4000000060
13324  -12.575  -61.579  23.846 0.4000000060
13989  -13.002  -60.883  23.684 0.4000000060
13279  -17.088  -61.406  28.484 0.4000000060
112003  -13.743  -60.937  23.266 0.4000000060
105850  -16.505  -61.884  26.737 0.5000000000
12664  -13.887  -62.298  22.719 0.4000000060
12016  -14.831  -63.541  20.653 0.3000000119
13311  -16.999  -61.659  25.650 0.5000000000
12018  -16.477  -62.963  21.089 0.3000000119
13966  -10.046  -60.188  26.286 0.3000000119
14641  -10.133  -58.789  25.694 0.3000000119
15343  -9.780  -58.691  25.107 0.3000000119
15361  -10.451  -58.037  24.313 0.4000000060
14660  -11.036  -59.079  23.665 0.4000000060
15363  -12.331  -58.689  23.315 0.3000000119
14661  -11.907  -59.324  23.482 0.4000000060
13270  -19.830  -61.509  29.513 0.4000000060
13280  -21.329  -61.143  29.043 0.4000000060
14662  -12.898  -59.456  23.377 0.4000000060
13948  -17.756  -60.976  28.741 0.4000000060
106064  -17.290  -61.057  27.687 0.4000000060
13330  -14.164  -61.445  22.707 0.3000000119
117865  -16.852  -61.439  27.233 0.4000000060
12670  -14.101  -63.037  21.555 0.3000000119
12665  -14.380  -62.103  21.622 0.3000000119
12678  -16.071  -62.734  20.495 0.3000000119
12647  -16.391  -62.587  23.991 0.4000000060
13968  -12.555  -60.436  26.739 0.3000000119
15344  -10.209  -58.151  25.237 0.4000000060
16121  -10.429  -57.612  24.866 0.4000000060
15362  -10.897  -58.334  23.721 0.4000000060
13281  -21.974  -61.055  28.649 0.4000000060
13941  -20.863  -60.686  29.219 0.4000000060
15370  -13.403  -58.779  23.065 0.4000000060
108872  -19.017  -60.370  29.042 0.4000000060
111094  -13.399  -60.241  23.363 0.4000000060
13949  -18.492  -60.419  28.546 0.4000000060
13994  -14.308  -60.386  22.661 0.3000000119
13959  -18.012  -60.591  27.890 0.4000000060
13343  -15.813  -61.799  20.491 0.3000000119
13304  -17.379  -61.229  26.486 0.5000000000
12677  -15.400  -62.494  20.517 0.3000000119
12679  -16.561  -62.173  20.660 0.3000000119
116694  -17.823  -61.244  25.457 0.5000000000
104254  -16.676  -62.260  22.031 0.3000000119
13312  -17.463  -61.486  24.789 0.4000000060
12010  -16.267  -63.058  22.096 0.4000000060
14642  -11.230  -58.899  25.986 0.3000000119
15369  -12.625  -57.938  23.126 0.3000000119
103897  -13.574  -57.934  22.693 0.3000000119
13953  -22.178  -60.305  28.543 0.4000000060
14668  -13.726  -59.627  23.116 0.3000000119
13951  -20.663  -60.028  29.088 0.4000000060
13952  -21.440  -60.445  28.937 0.3000000119
14673  -14.848  -59.689  21.894 0.3000000119
14611  -19.156  -59.950  28.432 0.4000000060
13950  -19.702  -60.164  29.086 0.4000000060
14006  -15.885  -60.734  20.656 0.3000000119
13344  -16.588  -61.294  20.656 0.3000000119
13305  -18.281  -60.880  25.820 0.4000000060
12672  -16.758  -62.295  21.076 0.3000000119
12666  -16.830  -61.659  22.661 0.3000000119
12659  -16.726  -61.927  23.093 0.3000000119
13320  -17.341  -61.381  24.297 0.3000000119
114706  -14.120  -58.554  22.559 0.3000000119
16139  -13.925  -57.207  22.475 0.3000000119
107667  -14.734  -58.794  22.016 0.3000000119
14614  -21.516  -59.571  28.665 0.3000000119
14612  -19.924  -59.558  28.533 0.4000000060
14613  -20.713  -59.359  28.643 0.4000000060
14007  -16.678  -60.380  20.680 0.3000000119
14623  -18.681  -60.141  27.500 0.4000000060
14624  -19.405  -59.426  27.585 0.4000000060
13338  -16.956  -61.626  21.015 0.3000000119
13332  -16.949  -61.704  21.633 0.3000000119
15386  -17.142  -59.013  20.925 0.3000000119
14003  -17.239  -60.365  21.376 0.3000000119
14625  -20.172  -58.953  28.082 0.3000000119
13995  -17.177  -60.681  21.846 0.3000000119
13971  -18.691  -60.353  26.276 0.3000000119
13326  -17.062  -61.249  23.431 0.3000000119
13976  -18.074  -61.018  25.048 0.3000000119
15380  -17.461  -58.478  21.446 0.3000000119
16147  -17.566  -57.643  21.513 0.3000000119
14670  -17.481  -59.314  22.156 0.3000000119
14636  -19.025  -59.813  26.729 0.3000000119
15372  -17.699  -58.663  21.979 0.3000000119
15381  -17.838  -58.048  21.897 0.3000000119
12658  -16.523  -62.415  23.051 0.4000000060
12025  -16.028  -63.433  20.642 0.3000000119
3032  -22.326  -79.275  23.193 0.5000000000
3046  -21.875  -79.482  22.250 0.5000000000
3017  -24.777  -79.178  23.853 0.5000000000
3916  -20.744  -76.561  24.095 0.6999999881
4388  -21.416  -75.923  24.979 0.6999999881
3033  -24.170  -79.818  23.269 0.4000000060
111195  -20.484  -78.443  25.108 0.6999999881
3445  -23.828  -78.372  25.523 0.5000000000
3886  -23.856  -77.184  26.345 0.5000000000
4360  -23.980  -76.200  27.168 0.3000000119
5382  -19.329  -74.278  26.437 0.6000000238
5880  -18.781  -73.948  26.071 0.5000000000
4397  -17.495  -77.305  24.767 0.6000000238
114901  -22.592  -77.101  25.134 0.5000000000
3015  -22.712  -79.093  24.180 0.5000000000
2589  -20.427  -79.601  25.437 0.6999999881
4380  -29.883  -76.333  25.760 0.3000000119
3425  -16.387  -78.888  25.851 0.6000000238
2588  -20.198  -80.518  25.959 0.5000000000
5361  -25.580  -74.587  28.070 0.3000000119
4868  -29.350  -75.691  26.627 0.3000000119
2221  -19.626  -81.209  26.377 0.5000000000
6456  -19.792  -73.049  26.117 0.4000000060
106085  -32.020  -77.516  25.659 0.3000000119
4928  -14.403  -76.333  19.262 0.6000000238
5451  -12.597  -74.516  20.059 0.6000000238
6531  -13.795  -72.668  21.219 0.6000000238
4936  -16.124  -75.760  18.770 0.6000000238
5970  -17.199  -73.562  18.831 0.6000000238
5972  -17.655  -74.299  18.459 0.5000000000
5939  -10.659  -73.335  22.977 0.6000000238
7101  -12.455  -72.035  22.785 0.6999999881
7010  -13.372  -71.377  29.677 0.6000000238
99428  -19.011  -74.694  20.525 0.4000000060
5974  -19.989  -73.895  18.369 0.4000000060
7772  -18.668  -71.231  21.472 0.4000000060
5418  -10.821  -73.585  23.226 0.6000000238
7638  -13.888  -70.686  30.871 0.6000000238
7656  -14.481  -70.219  28.428 0.6000000238
5955  -21.459  -73.743  21.247 0.5000000000
112280  -16.922  -69.920  28.214 0.6000000238
7052  -11.994  -70.900  26.371 0.4000000060
7094  -13.962  -71.288  23.713 0.5000000000
7722  -14.196  -70.935  24.472 0.5000000000
8314  -9.097  -69.060  27.655 0.6000000238
9573  -11.990  -67.588  23.955 0.5000000000
10690  -14.077  -66.012  31.276 0.5000000000
10115  -12.179  -66.716  29.732 0.6000000238
108598  -12.738  -66.345  29.617 0.6000000238
10700  -14.589  -65.587  30.848 0.6000000238
9518  -11.357  -67.140  27.525 0.6000000238
8985  -12.893  -68.818  21.271 0.5000000000
11292  -16.930  -64.942  31.203 0.5000000000
10759  -15.497  -65.088  26.878 0.6000000238
9591  -14.247  -68.069  21.800 0.5000000000
13317  -9.154  -60.911  24.561 0.3000000119
11338  -16.242  -63.613  29.332 0.5000000000
10809  -15.524  -65.888  21.531 0.3000000119
13268  -17.962  -61.551  29.592 0.4000000060
13267  -17.315  -61.525  29.082 0.4000000060
12009  -15.811  -63.915  22.511 0.4000000060
11423  -15.614  -64.270  20.771 0.3000000119
13939  -19.333  -60.771  29.399 0.4000000060
14632  -10.663  -59.574  26.144 0.3000000119
13331  -14.634  -61.235  21.713 0.3000000119
13970  -18.080  -60.693  26.921 0.4000000060
12648  -16.960  -61.890  23.922 0.3000000119
14000  -14.927  -60.515  21.569 0.3000000119
14643  -12.197  -58.748  25.839 0.3000000119
14680  -16.167  -59.813  20.778 0.3000000119
14675  -17.375  -59.422  21.474 0.3000000119
2200  -15.581  -81.441  28.584 0.5000000000
103677  -16.866  -81.543  28.001 0.5000000000
2211  -17.563  -81.613  27.723 0.5000000000
2219  -17.780  -81.927  26.984 0.4000000060
2544  -15.671  -80.345  29.760 0.5000000000
2552  -15.856  -80.906  29.118 0.5000000000
2201  -16.505  -81.179  28.652 0.5000000000
2202  -17.703  -81.183  28.439 0.5000000000
2212  -18.521  -81.358  27.691 0.5000000000
2213  -19.321  -81.168  27.165 0.4000000060
2943  -15.654  -79.461  30.268 0.4000000060
2545  -16.428  -79.757  29.656 0.5000000000
2554  -17.932  -80.460  28.864 0.5000000000
2564  -19.258  -80.709  27.654 0.4000000060
2944  -16.292  -78.952  29.957 0.5000000000
2945  -17.091  -79.309  29.452 0.5000000000
2546  -17.280  -80.125  29.330 0.5000000000
3378  -16.755  -78.476  29.594 0.5000000000
2958  -17.833  -79.729  29.050 0.5000000000
3387  -17.546  -78.990  29.057 0.5000000000
3388  -18.158  -79.466  28.630 0.5000000000
3367  -16.051  -78.145  30.309 0.5000000000
3386  -17.131  -78.206  29.054 0.5000000000
103525  -17.941  -78.949  28.328 0.5000000000
4831  -15.319  -75.518  28.671 0.5000000000
3831  -16.366  -77.499  29.822 0.5000000000
4329  -16.136  -76.603  29.498 0.5000000000
3851  -16.774  -77.286  28.974 0.5000000000
4351  -16.324  -76.341  28.737 0.5000000000
3869  -16.652  -77.345  28.010 0.5000000000
104752  -17.267  -78.187  28.112 0.5000000000
4842  -15.666  -75.223  27.871 0.5000000000
113169  -15.675  -74.899  27.086 0.5000000000
5396  -14.863  -73.824  25.366 0.5000000000
4369  -15.961  -75.772  27.218 0.5000000000
110081  -15.673  -75.377  26.288 0.5000000000
119223  -15.062  -74.248  24.989 0.5000000000
4370  -16.228  -77.301  27.193 0.5000000000
102497  -15.809  -77.014  26.458 0.5000000000
4894  -15.296  -75.626  25.163 0.5000000000
3879  -16.053  -78.353  26.315 0.5000000000
3880  -16.764  -78.472  26.910 0.5000000000
5907  -11.428  -73.134  24.674 0.5000000000
5922  -11.370  -73.559  23.819 0.6000000238
5408  -14.639  -74.063  24.431 0.5000000000
5409  -15.069  -74.810  24.641 0.5000000000
5421  -13.907  -74.355  23.506 0.5000000000
4893  -14.903  -75.921  24.116 0.5000000000
4898  -14.594  -74.965  23.688 0.5000000000
109989  -15.637  -78.081  25.795 0.5000000000
103092  -15.337  -77.792  25.138 0.5000000000
5906  -10.969  -72.630  24.714 0.5000000000
5921  -10.766  -73.068  23.845 0.5000000000
5923  -12.576  -73.989  23.598 0.6000000238
5291  -11.811  -74.209  31.934 0.5000000000
5834  -12.490  -73.241  31.093 0.6000000238
5279  -11.183  -74.387  32.374 0.5000000000
5826  -12.242  -73.357  31.858 0.5000000000
6402  -12.642  -72.614  31.413 0.6000000238
6392  -12.374  -72.588  31.950 0.6000000238
5818  -11.607  -73.609  32.339 0.5000000000
6986  -12.158  -72.004  32.194 0.6000000238
6985  -11.144  -72.095  32.241 0.5000000000
109700  -12.336  -71.131  32.148 0.6000000238
6993  -11.473  -71.213  32.132 0.6000000238
6992  -10.538  -71.202  31.699 0.5000000000
7628  -10.857  -70.449  31.757 0.6000000238
119916  -11.909  -69.755  32.208 0.6000000238
7627  -10.214  -70.547  31.268 0.5000000000
8277  -9.524  -70.176  30.115 0.5000000000
116771  -9.605  -69.266  29.165 0.6000000238
8313  -8.572  -69.748  27.210 0.6000000238
8300  -8.900  -69.722  28.185 0.5000000000
8278  -9.899  -69.667  30.343 0.6000000238
8269  -10.411  -69.771  31.159 0.5000000000
8301  -9.388  -69.140  28.502 0.5000000000
8935  -9.486  -68.274  26.302 0.6000000238
115587  -9.411  -68.531  27.187 0.6000000238
8944  -9.896  -67.906  25.534 0.6000000238
4867  -28.613  -75.618  26.928 0.3000000119
5865  -29.185  -73.555  28.127 0.3000000119
5363  -27.134  -74.775  27.689 0.3000000119
6433  -28.636  -72.207  28.363 0.3000000119
4848  -28.056  -75.076  27.373 0.3000000119
4866  -27.985  -75.896  26.903 0.3000000119
2973  -19.123  -80.154  27.989 0.4000000060
4387  -15.457  -76.769  25.612 0.5000000000
4897  -13.939  -75.127  22.922 0.5000000000
6410  -12.791  -72.549  30.684 0.5000000000
2563  -18.583  -80.687  28.289 0.4000000060
2959  -18.502  -80.010  28.570 0.5000000000
4350  -15.729  -75.895  29.148 0.5000000000
115754  -15.942  -75.681  28.514 0.5000000000
5357  -15.122  -74.576  27.259 0.5000000000
5380  -15.324  -74.438  26.528 0.5000000000
5854  -27.709  -73.219  28.403 0.3000000119
5347  -28.386  -73.664  28.171 0.3000000119
5346  -27.813  -74.201  27.937 0.3000000119
117296  -28.201  -72.669  28.425 0.3000000119
2189  -15.347  -81.104  29.401 0.5000000000
2553  -16.520  -80.525  29.306 0.5000000000
2603  -20.228  -79.681  24.537 0.6000000238
2624  -22.319  -80.336  21.881 0.5000000000
3045  -21.146  -78.611  21.701 0.5000000000
3414  -31.507  -78.556  27.365 0.3000000119
3431  -30.910  -78.994  26.850 0.3000000119
3444  -23.086  -78.173  25.353 0.5000000000
3476  -15.156  -78.633  22.692 0.6000000238
3477  -15.671  -78.856  23.479 0.6999999881
3900  -17.398  -78.774  25.540 0.6000000238
3914  -16.689  -79.136  24.181 0.6999999881
3917  -21.227  -76.623  23.667 0.6999999881
3931  -14.670  -78.139  21.935 0.6000000238
3935  -15.221  -78.186  21.500 0.6000000238
3937  -13.588  -77.198  20.755 0.6000000238
3938  -14.134  -77.677  20.507 0.6000000238
3939  -14.730  -77.781  20.588 0.6000000238
4379  -27.844  -76.476  26.420 0.4000000060
4390  -28.353  -76.872  25.774 0.3000000119
4396  -15.065  -76.951  24.723 0.5000000000
4409  -12.967  -76.299  20.175 0.6000000238
4414  -16.605  -76.231  19.145 0.6000000238
4832  -16.259  -76.106  27.973 0.5000000000
4849  -28.993  -75.051  27.211 0.3000000119
4862  -19.602  -74.835  26.487 0.6000000238
5364  -28.646  -74.337  27.729 0.3000000119
5397  -15.294  -74.507  25.582 0.5000000000
5431  -10.784  -73.910  22.532 0.6999999881
5438  -10.800  -74.154  21.967 0.6999999881
5439  -11.274  -74.555  21.328 0.6999999881
5855  -28.569  -72.990  28.414 0.3000000119
5862  -21.976  -73.147  27.060 0.4000000060
5879  -15.029  -73.899  26.091 0.5000000000
5952  -12.415  -73.788  20.525 0.6999999881
6391  -11.955  -72.828  32.340 0.5000000000
6458  -20.991  -72.752  26.555 0.4000000060
6477  -21.226  -72.306  25.368 0.4000000060
6516  -10.838  -72.958  22.574 0.6000000238
7018  -11.737  -71.661  28.252 0.5000000000
7092  -11.621  -71.863  23.442 0.6000000238
7622  -11.673  -70.414  32.174 0.6000000238
8260  -13.164  -69.186  32.120 0.6999999881
8271  -13.678  -69.632  31.764 0.6999999881
8280  -15.260  -69.288  30.336 0.6000000238
8287  -9.548  -69.737  29.647 0.5000000000
8317  -18.677  -70.087  27.883 0.6000000238
8866  -14.166  -68.336  31.841 0.6000000238
8878  -12.260  -68.149  31.862 0.6000000238
8893  -10.429  -69.051  30.509 0.6000000238
8918  -10.262  -68.049  28.299 0.6000000238
8956  -11.267  -68.071  23.659 0.5000000000
9459  -11.977  -67.714  31.434 0.6000000238
9462  -14.676  -67.795  31.871 0.4000000060
9466  -17.916  -67.057  30.954 0.5000000000
9498  -11.610  -67.256  29.829 0.6000000238
10088  -14.435  -66.514  31.795 0.6000000238
10090  -16.414  -66.612  31.540 0.5000000000
10101  -13.298  -66.158  30.946 0.5000000000
10116  -13.278  -65.989  29.987 0.6000000238
10142  -12.678  -66.526  27.511 0.6000000238
10160  -13.790  -66.345  26.572 0.6000000238
10184  -15.197  -66.301  24.175 0.5000000000
10193  -15.292  -66.375  23.322 0.5000000000
10692  -16.212  -65.207  31.201 0.5000000000
10693  -16.905  -65.673  31.347 0.5000000000
10748  -15.453  -65.086  27.714 0.6000000238
10766  -15.435  -65.290  25.047 0.6000000238
11322  -15.618  -64.584  29.536 0.6999999881
11408  -15.660  -64.881  21.927 0.3000000119
11944  -16.051  -63.962  28.466 0.6000000238
11955  -15.829  -63.384  27.141 0.5000000000
11998  -15.636  -63.864  23.718 0.4000000060
12024  -15.492  -63.208  20.508 0.3000000119
12026  -16.398  -62.753  20.756 0.3000000119
12589  -16.396  -62.515  28.420 0.5000000000
12631  -16.231  -62.296  25.738 0.5000000000
12644  -9.853  -61.998  24.355 0.3000000119
12656  -12.431  -62.961  23.932 0.4000000060
12671  -14.782  -62.703  20.727 0.3000000119
13271  -20.671  -61.279  29.301 0.4000000060
13325  -13.515  -61.627  23.409 0.4000000060
13337  -15.208  -61.130  20.964 0.3000000119
13339  -17.106  -61.086  21.429 0.3000000119
13940  -20.182  -60.698  29.338 0.4000000060
13965  -9.066  -60.234  26.123 0.3000000119
14001  -15.470  -60.078  21.182 0.3000000119
14002  -17.063  -60.825  20.990 0.3000000119
14008  -17.145  -59.969  20.972 0.3000000119
14630  -9.384  -59.758  25.919 0.3000000119
14639  -9.060  -59.827  25.144 0.3000000119
14640  -9.488  -59.390  25.464 0.3000000119
14652  -10.032  -58.724  24.532 0.4000000060
14659  -10.476  -58.722  23.986 0.4000000060
14669  -14.246  -59.307  22.629 0.3000000119
14681  -16.802  -59.639  20.711 0.3000000119
15355  -10.101  -58.212  24.834 0.4000000060
16130  -10.686  -57.202  24.364 0.4000000060
16148  -18.112  -57.384  22.163 0.3000000119
100708  -14.896  -61.899  20.804 0.3000000119
100986  -11.528  -58.676  23.488 0.4000000060
101048  -13.574  -63.017  22.764 0.4000000060
102487  -27.258  -75.568  27.230 0.4000000060
102936  -13.867  -70.540  28.671 0.6000000238
104232  -14.857  -69.802  29.862 0.6000000238
107055  -11.747  -59.912  26.268 0.3000000119
108193  -11.697  -75.106  20.717 0.6999999881
108795  -16.948  -61.639  23.560 0.3000000119
108832  -17.285  -60.040  21.995 0.3000000119
110466  -11.556  -57.896  23.477 0.4000000060
110840  -18.295  -69.901  28.562 0.5000000000
110940  -15.559  -64.162  25.962 0.6000000238
111255  -27.072  -76.576  26.486 0.4000000060
111896  -11.741  -63.333  24.339 0.3000000119
113273  -15.356  -60.620  21.053 0.3000000119
113915  -24.278  -74.311  28.303 0.3000000119
115351  -12.726  -75.895  19.999 0.6000000238
116489  -17.549  -70.915  22.702 0.5000000000
116594  -24.716  -74.843  28.009 0.3000000119
117154  -10.763  -57.634  23.864 0.4000000060
117481  -17.458  -70.328  26.380 0.6000000238
117878  -19.927  -71.094  20.865 0.5000000000
117906  -15.520  -68.233  31.338 0.6000000238
117964  -17.234  -62.026  29.488 0.4000000060
118398  -16.080  -76.204  18.859 0.6000000238
118451  -15.195  -65.208  28.160 0.6999999881
118549  -17.268  -80.742  28.993 0.5000000000
119432  -12.276  -75.816  20.874 0.6999999881
119567  -12.307  -66.842  25.489 0.6000000238
119776  -15.953  -78.859  25.678 0.6999999881
119811  -17.211  -75.712  20.477 0.5000000000
