#!ascii label  , from subject sub-01 vox2ras=TkReg
578
6336  -35.624  -72.879  36.282 0.0000000000
105829  -38.526  -63.774  26.839 0.0000000000
8838  -36.020  -68.215  35.811 0.0000000000
8886  -35.330  -67.842  32.029 0.0000000000
11892  -36.702  -63.451  32.215 0.0000000000
9417  -41.617  -68.477  38.632 0.0000000000
10625  -34.010  -65.331  40.958 0.0000000000
13754  -34.191  -60.862  45.434 0.0000000000
10657  -32.642  -65.245  35.697 0.0000000000
10676  -36.527  -65.754  33.865 0.0000000000
11877  -33.381  -63.324  34.404 0.0000000000
9398  -37.071  -67.616  40.504 0.0000000000
9991  -36.747  -66.087  43.141 0.0000000000
15108  -32.879  -58.605  45.928 0.0000000000
13751  -31.300  -60.446  44.965 0.0000000000
5805  -32.651  -73.884  34.872 0.0000000000
10726  -35.861  -65.624  29.833 0.0000000000
8912  -32.973  -68.659  29.688 0.0000000000
9525  -35.920  -67.440  26.730 0.0000000000
116338  -38.304  -70.384  34.702 0.0000000000
7599  -34.363  -70.568  34.590 0.0000000000
10078  -38.874  -66.769  31.463 0.0000000000
117845  -39.764  -64.191  30.155 0.0000000000
8203  -38.450  -69.871  37.823 0.0000000000
10030  -34.166  -67.097  38.646 0.0000000000
11230  -31.718  -64.385  38.893 0.0000000000
11802  -37.165  -62.629  44.698 0.0000000000
100878  -33.538  -63.658  43.845 0.0000000000
12478  -31.264  -62.826  41.670 0.0000000000
13778  -28.826  -60.006  40.164 0.0000000000
6988  -32.358  -71.303  32.672 0.0000000000
12595  -35.406  -61.879  28.064 0.0000000000
12653  -37.865  -62.613  24.779 0.0000000000
10826  -36.334  -66.400  21.518 0.0000000000
11859  -31.039  -63.756  36.582 0.0000000000
11867  -32.903  -63.913  34.994 0.0000000000
5807  -33.899  -73.183  36.039 0.0000000000
11345  -37.083  -64.470  28.313 0.0000000000
10137  -35.331  -65.750  28.201 0.0000000000
10755  -36.543  -64.809  26.810 0.0000000000
10168  -37.031  -66.472  25.467 0.0000000000
10774  -38.104  -64.661  24.663 0.0000000000
8827  -37.078  -69.228  35.826 0.0000000000
9441  -36.848  -67.990  34.931 0.0000000000
11277  -36.223  -64.543  33.231 0.0000000000
10678  -38.098  -66.219  32.813 0.0000000000
11285  -37.954  -64.741  32.284 0.0000000000
10696  -39.449  -65.395  30.416 0.0000000000
117463  -38.420  -63.721  31.539 0.0000000000
7570  -39.875  -70.609  36.824 0.0000000000
8792  -40.471  -68.986  38.220 0.0000000000
10015  -35.268  -66.588  40.760 0.0000000000
9406  -35.616  -67.843  39.556 0.0000000000
10632  -33.921  -66.091  39.766 0.0000000000
10640  -33.003  -66.090  38.504 0.0000000000
11232  -32.837  -64.620  40.112 0.0000000000
12457  -35.886  -62.055  44.916 0.0000000000
113514  -35.428  -63.953  44.177 0.0000000000
12455  -33.952  -62.152  44.677 0.0000000000
14417  -29.955  -59.560  43.901 0.0000000000
12462  -30.829  -62.092  43.058 0.0000000000
13120  -29.867  -60.982  41.987 0.0000000000
13132  -30.143  -61.788  40.733 0.0000000000
8250  -34.253  -69.553  33.638 0.0000000000
7609  -32.843  -70.364  33.661 0.0000000000
8867  -32.848  -68.971  32.456 0.0000000000
7011  -33.673  -71.244  29.738 0.0000000000
12594  -34.623  -62.183  28.289 0.0000000000
12622  -36.336  -62.422  26.628 0.0000000000
10801  -35.864  -65.274  23.087 0.0000000000
10049  -33.929  -66.798  36.199 0.0000000000
10055  -36.234  -66.855  34.731 0.0000000000
10659  -34.294  -65.822  35.165 0.0000000000
11275  -34.636  -64.220  34.041 0.0000000000
117630  -34.768  -63.654  33.526 0.0000000000
9410  -40.216  -67.885  39.464 0.0000000000
10005  -37.687  -66.879  41.871 0.0000000000
106507  -35.095  -65.867  42.133 0.0000000000
13741  -32.908  -59.995  45.459 0.0000000000
13102  -32.590  -61.461  44.904 0.0000000000
14403  -31.729  -59.024  45.459 0.0000000000
15115  -30.941  -58.681  45.185 0.0000000000
16663  -30.693  -56.495  44.268 0.0000000000
10093  -35.077  -66.679  31.080 0.0000000000
8900  -32.899  -68.026  30.830 0.0000000000
10104  -33.910  -66.742  30.021 0.0000000000
102953  -34.537  -67.846  28.120 0.0000000000
106219  -35.732  -69.113  27.244 0.0000000000
8938  -36.680  -68.750  25.887 0.0000000000
8952  -36.930  -68.417  24.622 0.0000000000
9584  -37.020  -67.677  23.495 0.0000000000
6947  -37.705  -71.684  35.157 0.0000000000
6945  -35.628  -71.748  35.400 0.0000000000
7613  -37.262  -70.383  33.489 0.0000000000
8871  -37.434  -68.788  32.061 0.0000000000
10062  -37.295  -67.106  34.032 0.0000000000
9455  -38.476  -67.858  32.244 0.0000000000
9472  -37.721  -67.883  31.255 0.0000000000
10108  -38.358  -66.670  30.483 0.0000000000
11331  -39.427  -64.863  29.338 0.0000000000
11347  -39.619  -64.063  28.403 0.0000000000
6949  -39.100  -71.017  35.926 0.0000000000
8229  -38.661  -70.467  36.054 0.0000000000
8808  -36.320  -69.258  37.487 0.0000000000
8778  -37.241  -68.625  39.436 0.0000000000
8807  -35.691  -68.826  38.124 0.0000000000
9428  -34.529  -67.754  37.259 0.0000000000
10043  -33.302  -66.689  36.862 0.0000000000
11250  -31.816  -65.239  37.430 0.0000000000
11846  -30.614  -63.226  38.008 0.0000000000
11207  -36.848  -64.423  44.174 0.0000000000
10590  -35.345  -64.997  43.674 0.0000000000
103493  -33.623  -64.663  42.077 0.0000000000
12453  -31.920  -62.122  44.350 0.0000000000
11809  -31.988  -63.233  43.068 0.0000000000
11826  -32.456  -63.822  41.558 0.0000000000
11829  -31.641  -63.484  40.230 0.0000000000
12496  -30.396  -62.531  39.406 0.0000000000
6943  -33.495  -72.043  35.188 0.0000000000
6385  -32.519  -72.901  33.915 0.0000000000
7640  -32.449  -70.173  30.957 0.0000000000
6411  -33.674  -72.405  30.829 0.0000000000
12562  -39.130  -62.583  30.739 0.0000000000
12583  -39.879  -63.061  29.273 0.0000000000
11974  -39.654  -63.033  26.788 0.0000000000
12611  -38.547  -62.433  26.749 0.0000000000
11984  -38.963  -63.207  24.962 0.0000000000
12006  -38.549  -63.859  23.806 0.0000000000
10815  -37.612  -65.685  22.549 0.0000000000
12521  -30.393  -62.477  36.759 0.0000000000
12527  -31.164  -62.763  35.773 0.0000000000
5788  -34.591  -73.592  36.544 0.0000000000
6335  -34.735  -72.943  36.212 0.0000000000
11358  -37.248  -64.274  27.442 0.0000000000
110284  -37.503  -64.263  26.358 0.0000000000
118643  -36.968  -64.795  26.027 0.0000000000
11369  -38.658  -63.675  25.812 0.0000000000
8839  -36.721  -68.485  35.469 0.0000000000
8840  -37.518  -68.806  34.948 0.0000000000
119952  -36.434  -68.015  35.300 0.0000000000
11884  -36.023  -63.865  32.809 0.0000000000
10684  -37.637  -65.347  32.801 0.0000000000
11284  -36.979  -64.441  32.656 0.0000000000
11295  -38.686  -64.526  31.618 0.0000000000
11893  -37.732  -63.823  31.919 0.0000000000
8207  -41.542  -69.198  38.400 0.0000000000
8809  -41.197  -69.207  37.934 0.0000000000
8205  -40.807  -69.458  37.722 0.0000000000
8793  -41.307  -68.925  38.145 0.0000000000
10626  -34.623  -65.996  40.886 0.0000000000
10014  -34.593  -66.391  40.197 0.0000000000
118636  -34.142  -65.809  40.373 0.0000000000
105447  -33.514  -65.357  40.108 0.0000000000
11227  -33.385  -64.865  40.709 0.0000000000
13743  -34.386  -60.486  45.881 0.0000000000
13091  -34.931  -61.181  45.625 0.0000000000
13105  -35.459  -61.676  45.236 0.0000000000
13104  -34.581  -61.492  45.132 0.0000000000
12456  -34.944  -62.059  44.770 0.0000000000
13103  -33.640  -61.464  45.021 0.0000000000
14416  -29.544  -59.028  43.285 0.0000000000
13760  -29.708  -59.913  43.106 0.0000000000
13769  -29.585  -60.192  42.250 0.0000000000
15127  -29.231  -58.439  42.591 0.0000000000
8869  -35.076  -68.448  32.532 0.0000000000
8262  -33.463  -69.197  33.108 0.0000000000
8868  -33.781  -68.560  32.572 0.0000000000
11367  -35.402  -63.731  25.994 0.0000000000
10787  -35.828  -64.669  24.107 0.0000000000
102972  -35.070  -65.098  25.094 0.0000000000
10048  -33.271  -66.314  36.104 0.0000000000
10052  -33.893  -66.298  35.640 0.0000000000
10658  -33.377  -65.663  35.515 0.0000000000
11267  -33.825  -64.209  34.580 0.0000000000
11882  -34.124  -63.504  33.919 0.0000000000
10004  -36.793  -66.627  42.132 0.0000000000
117281  -36.001  -65.983  43.109 0.0000000000
14405  -33.262  -59.413  45.900 0.0000000000
14404  -32.567  -59.219  45.645 0.0000000000
15107  -32.295  -58.453  45.646 0.0000000000
115030  -30.962  -56.981  44.847 0.0000000000
5810  -32.680  -73.918  34.142 0.0000000000
10106  -35.704  -66.174  30.496 0.0000000000
10105  -34.671  -66.370  30.369 0.0000000000
10122  -35.121  -65.927  29.981 0.0000000000
10154  -35.473  -66.571  27.280 0.0000000000
9511  -34.454  -67.108  28.378 0.0000000000
9524  -35.128  -67.473  27.555 0.0000000000
8931  -35.754  -68.285  26.972 0.0000000000
8932  -36.305  -68.972  26.597 0.0000000000
105234  -37.462  -66.712  24.653 0.0000000000
9556  -37.100  -67.517  25.314 0.0000000000
9557  -37.257  -67.603  24.709 0.0000000000
9570  -37.236  -67.682  24.087 0.0000000000
9585  -37.393  -66.980  23.373 0.0000000000
6969  -38.359  -70.864  34.790 0.0000000000
6967  -37.344  -71.298  34.554 0.0000000000
8265  -37.042  -69.348  32.512 0.0000000000
8266  -37.799  -69.172  32.525 0.0000000000
10060  -36.327  -66.294  34.354 0.0000000000
10061  -36.723  -66.783  34.329 0.0000000000
10068  -36.987  -66.415  33.921 0.0000000000
10070  -38.407  -67.190  32.752 0.0000000000
114732  -38.683  -67.197  32.012 0.0000000000
8889  -38.158  -68.110  31.528 0.0000000000
110237  -38.266  -67.633  31.104 0.0000000000
9489  -38.079  -67.348  30.784 0.0000000000
11296  -39.473  -64.525  30.713 0.0000000000
10730  -39.503  -65.142  29.813 0.0000000000
11330  -38.691  -64.603  28.757 0.0000000000
11332  -39.834  -64.261  29.081 0.0000000000
8217  -39.357  -70.457  36.800 0.0000000000
8216  -37.969  -70.137  37.088 0.0000000000
8215  -37.128  -69.624  37.184 0.0000000000
9399  -38.356  -67.664  40.401 0.0000000000
9409  -39.040  -68.069  39.775 0.0000000000
9408  -37.777  -68.113  39.962 0.0000000000
9405  -34.854  -67.420  39.152 0.0000000000
8777  -36.155  -68.603  39.040 0.0000000000
9416  -35.254  -68.165  38.698 0.0000000000
9429  -35.051  -68.323  37.706 0.0000000000
9415  -34.589  -67.736  38.249 0.0000000000
10044  -33.907  -67.217  37.028 0.0000000000
103015  -33.505  -66.782  37.943 0.0000000000
11242  -32.034  -65.066  38.458 0.0000000000
10639  -32.409  -65.685  38.005 0.0000000000
11241  -31.420  -64.556  37.950 0.0000000000
11854  -30.961  -63.891  37.485 0.0000000000
11847  -31.096  -63.865  38.440 0.0000000000
119558  -37.308  -63.389  44.424 0.0000000000
11811  -34.415  -63.795  44.078 0.0000000000
11206  -34.588  -64.587  43.570 0.0000000000
11217  -34.063  -64.870  42.719 0.0000000000
11216  -33.381  -64.330  42.627 0.0000000000
13101  -31.600  -61.288  44.666 0.0000000000
12471  -30.745  -62.240  42.137 0.0000000000
12472  -31.344  -62.738  42.599 0.0000000000
11817  -31.897  -63.320  42.115 0.0000000000
11825  -31.818  -63.344  41.153 0.0000000000
11830  -32.310  -63.931  40.620 0.0000000000
12485  -31.184  -62.883  40.738 0.0000000000
13131  -29.654  -61.232  40.278 0.0000000000
13138  -29.975  -61.902  39.846 0.0000000000
13137  -29.472  -61.236  39.351 0.0000000000
12495  -29.900  -61.992  38.971 0.0000000000
6965  -35.025  -71.113  35.052 0.0000000000
6944  -34.489  -71.804  35.420 0.0000000000
6964  -33.856  -71.252  34.924 0.0000000000
7608  -32.415  -70.701  33.140 0.0000000000
6978  -32.471  -71.985  33.885 0.0000000000
6393  -32.474  -72.279  33.121 0.0000000000
5813  -32.775  -73.404  33.344 0.0000000000
6403  -32.577  -72.002  32.208 0.0000000000
8911  -32.682  -68.580  30.471 0.0000000000
8899  -32.579  -68.648  31.168 0.0000000000
8294  -32.657  -69.179  30.126 0.0000000000
7004  -34.033  -72.132  30.056 0.0000000000
7003  -33.181  -71.550  30.528 0.0000000000
12560  -37.857  -61.860  31.510 0.0000000000
12561  -38.677  -61.844  31.132 0.0000000000
12582  -39.547  -62.731  29.068 0.0000000000
12598  -39.944  -63.100  28.349 0.0000000000
12597  -39.639  -62.782  27.971 0.0000000000
12638  -37.561  -62.492  25.370 0.0000000000
12610  -37.385  -62.286  26.666 0.0000000000
12639  -38.407  -62.576  25.067 0.0000000000
12640  -38.989  -62.849  25.307 0.0000000000
12654  -38.613  -62.901  24.571 0.0000000000
11383  -38.710  -63.482  24.325 0.0000000000
11994  -38.379  -63.330  23.939 0.0000000000
10802  -36.941  -64.972  22.580 0.0000000000
11413  -37.716  -64.927  22.698 0.0000000000
10814  -37.027  -65.669  22.123 0.0000000000
11252  -31.558  -64.274  36.029 0.0000000000
11260  -32.323  -64.561  35.544 0.0000000000
11259  -32.024  -63.697  35.381 0.0000000000
12536  -32.551  -62.986  34.788 0.0000000000
15838  -32.785  -57.807  45.868 0.0000000000
104183  -33.089  -57.120  45.787 0.0000000000
5806  -33.140  -73.647  35.636 0.0000000000
10741  -36.663  -64.777  28.838 0.0000000000
10740  -35.940  -65.184  29.052 0.0000000000
11344  -36.204  -64.791  27.996 0.0000000000
10754  -35.881  -65.615  27.092 0.0000000000
10167  -36.231  -66.527  26.452 0.0000000000
9541  -36.683  -67.444  26.007 0.0000000000
10763  -36.560  -65.553  26.188 0.0000000000
10764  -37.274  -65.223  25.368 0.0000000000
10775  -38.214  -65.012  24.121 0.0000000000
8240  -37.795  -69.535  35.440 0.0000000000
8244  -38.170  -69.642  34.697 0.0000000000
8849  -38.167  -68.975  34.070 0.0000000000
9446  -38.181  -68.396  33.524 0.0000000000
10675  -35.984  -65.025  33.781 0.0000000000
10677  -37.311  -65.920  33.398 0.0000000000
11278  -36.781  -65.170  33.307 0.0000000000
10685  -38.576  -65.598  32.117 0.0000000000
10095  -39.203  -66.241  30.920 0.0000000000
10695  -39.241  -65.491  31.239 0.0000000000
11903  -39.011  -63.617  31.149 0.0000000000
8204  -39.898  -69.751  37.593 0.0000000000
8791  -39.097  -69.351  38.582 0.0000000000
9397  -36.058  -67.164  40.683 0.0000000000
116332  -36.048  -67.607  40.166 0.0000000000
10027  -35.229  -67.121  40.023 0.0000000000
10026  -34.402  -66.753  39.491 0.0000000000
10029  -33.666  -66.454  39.000 0.0000000000
10631  -33.274  -65.744  39.339 0.0000000000
100504  -32.945  -65.169  39.564 0.0000000000
11231  -32.416  -64.786  39.296 0.0000000000
13106  -36.260  -61.844  45.283 0.0000000000
110825  -36.197  -62.762  44.627 0.0000000000
11801  -35.190  -62.866  44.492 0.0000000000
11800  -34.211  -62.919  44.363 0.0000000000
12465  -33.251  -62.941  44.203 0.0000000000
13750  -30.534  -60.051  44.507 0.0000000000
13100  -30.746  -60.947  44.278 0.0000000000
13761  -30.162  -60.451  43.699 0.0000000000
13121  -30.329  -61.534  42.528 0.0000000000
12477  -30.699  -62.308  41.209 0.0000000000
13775  -29.459  -60.425  41.424 0.0000000000
14439  -29.025  -59.980  40.942 0.0000000000
7611  -34.985  -70.030  34.071 0.0000000000
7610  -33.728  -70.114  34.070 0.0000000000
8249  -33.251  -69.765  33.556 0.0000000000
8248  -32.590  -69.781  32.969 0.0000000000
7625  -32.317  -70.343  32.325 0.0000000000
7649  -33.367  -70.342  29.567 0.0000000000
12608  -35.038  -62.457  27.658 0.0000000000
12609  -35.760  -62.288  27.354 0.0000000000
11971  -35.732  -62.943  26.232 0.0000000000
109115  -36.172  -63.141  25.467 0.0000000000
11992  -36.672  -63.253  24.728 0.0000000000
12004  -37.762  -63.513  23.691 0.0000000000
11404  -36.608  -64.507  23.297 0.0000000000
9439  -35.380  -67.514  35.727 0.0000000000
9440  -36.200  -67.518  35.162 0.0000000000
10053  -34.785  -66.659  35.452 0.0000000000
10660  -35.052  -65.873  34.819 0.0000000000
117828  -35.165  -65.433  34.518 0.0000000000
11262  -34.000  -65.062  34.958 0.0000000000
105453  -34.700  -65.303  34.687 0.0000000000
10668  -35.183  -64.924  34.227 0.0000000000
11276  -35.433  -64.235  33.523 0.0000000000
11883  -35.220  -63.425  32.953 0.0000000000
8781  -40.999  -68.217  38.700 0.0000000000
10017  -37.890  -67.239  41.039 0.0000000000
10006  -38.486  -66.946  41.596 0.0000000000
10016  -36.903  -67.098  41.276 0.0000000000
10619  -35.215  -66.175  41.500 0.0000000000
103075  -34.594  -65.656  41.598 0.0000000000
13742  -33.765  -60.182  45.694 0.0000000000
13753  -33.266  -60.767  45.296 0.0000000000
13740  -31.933  -59.870  45.402 0.0000000000
112539  -32.168  -57.770  45.588 0.0000000000
15106  -31.615  -58.170  45.413 0.0000000000
14409  -31.042  -59.579  45.189 0.0000000000
14408  -30.397  -59.144  44.614 0.0000000000
15119  -29.883  -58.651  44.001 0.0000000000
107558  -29.950  -57.749  43.991 0.0000000000
9469  -34.559  -67.303  31.520 0.0000000000
8884  -33.184  -68.310  31.944 0.0000000000
9487  -34.090  -66.908  30.832 0.0000000000
9486  -33.438  -67.396  30.481 0.0000000000
9501  -33.518  -67.401  29.643 0.0000000000
8921  -33.595  -68.831  28.895 0.0000000000
115888  -35.051  -69.912  27.999 0.0000000000
110127  -36.811  -68.089  25.754 0.0000000000
110135  -36.942  -68.296  25.265 0.0000000000
8342  -36.636  -69.229  25.139 0.0000000000
107848  -36.437  -69.114  24.339 0.0000000000
8966  -36.797  -68.329  23.938 0.0000000000
6366  -37.198  -72.284  35.786 0.0000000000
6365  -36.143  -72.329  35.817 0.0000000000
6946  -36.774  -71.784  35.229 0.0000000000
6966  -36.224  -71.204  34.839 0.0000000000
7601  -36.847  -70.822  34.082 0.0000000000
7612  -36.263  -70.237  33.735 0.0000000000
8251  -35.533  -69.601  33.443 0.0000000000
8264  -36.012  -69.129  32.840 0.0000000000
8870  -36.416  -68.583  32.207 0.0000000000
9444  -36.792  -67.349  34.568 0.0000000000
9445  -37.550  -67.997  34.239 0.0000000000
10069  -37.699  -66.715  33.439 0.0000000000
9449  -38.372  -68.088  32.951 0.0000000000
8872  -38.032  -68.614  32.002 0.0000000000
8887  -37.129  -68.299  31.661 0.0000000000
112613  -36.317  -67.955  31.800 0.0000000000
9470  -35.680  -67.316  31.559 0.0000000000
10107  -36.817  -66.423  30.610 0.0000000000
10708  -37.616  -66.014  30.147 0.0000000000
10109  -38.948  -66.376  30.430 0.0000000000
10123  -38.710  -66.123  30.106 0.0000000000
10728  -38.438  -65.375  29.487 0.0000000000
11346  -38.265  -64.165  28.020 0.0000000000
11359  -39.432  -63.561  27.325 0.0000000000
6367  -38.069  -72.025  35.774 0.0000000000
118261  -38.273  -71.475  35.274 0.0000000000
7592  -38.645  -70.815  35.466 0.0000000000
7580  -39.306  -70.847  36.252 0.0000000000
8241  -38.344  -70.118  35.395 0.0000000000
8228  -37.682  -69.814  36.320 0.0000000000
8826  -36.719  -69.341  36.637 0.0000000000
8825  -36.017  -68.792  36.657 0.0000000000
8780  -39.764  -68.451  39.020 0.0000000000
8790  -37.820  -69.327  38.722 0.0000000000
9407  -36.593  -68.065  39.853 0.0000000000
8789  -36.894  -69.190  38.781 0.0000000000
107570  -36.382  -69.184  38.315 0.0000000000
106354  -35.614  -68.711  37.312 0.0000000000
9436  -35.242  -68.168  36.643 0.0000000000
9435  -34.570  -67.416  36.333 0.0000000000
10042  -32.833  -66.221  36.678 0.0000000000
10649  -32.840  -66.260  37.513 0.0000000000
10648  -32.330  -65.822  36.960 0.0000000000
11253  -31.993  -65.168  36.303 0.0000000000
11249  -31.344  -64.556  36.909 0.0000000000
11853  -30.568  -63.198  37.087 0.0000000000
105982  -36.019  -64.588  44.085 0.0000000000
10591  -36.196  -65.386  43.655 0.0000000000
10605  -35.342  -65.708  42.985 0.0000000000
99655  -34.626  -65.429  42.382 0.0000000000
10618  -34.064  -65.127  41.841 0.0000000000
12454  -32.933  -62.199  44.555 0.0000000000
11810  -32.753  -63.495  43.479 0.0000000000
13115  -31.087  -61.786  43.948 0.0000000000
111448  -32.642  -63.816  42.567 0.0000000000
11222  -33.103  -64.263  41.864 0.0000000000
11836  -32.060  -64.151  39.741 0.0000000000
11835  -31.352  -63.713  39.351 0.0000000000
12484  -30.569  -62.403  40.295 0.0000000000
12497  -30.964  -63.048  39.831 0.0000000000
11834  -30.740  -63.199  38.937 0.0000000000
12510  -30.277  -62.598  38.537 0.0000000000
12509  -29.896  -62.084  38.257 0.0000000000
6364  -35.096  -72.360  35.825 0.0000000000
6362  -33.306  -72.821  35.435 0.0000000000
6361  -32.785  -73.190  35.097 0.0000000000
6963  -32.962  -71.596  34.500 0.0000000000
6380  -32.777  -72.516  34.713 0.0000000000
108940  -32.608  -73.281  34.544 0.0000000000
8883  -32.641  -68.783  31.801 0.0000000000
7632  -32.358  -69.790  31.613 0.0000000000
103001  -32.347  -70.455  31.619 0.0000000000
7641  -32.888  -70.707  30.275 0.0000000000
7002  -32.546  -70.972  31.097 0.0000000000
6996  -32.807  -71.797  31.340 0.0000000000
13207  -32.106  -62.163  34.893 0.0000000000
104845  -34.459  -62.897  33.186 0.0000000000
12545  -35.108  -62.729  32.593 0.0000000000
11891  -35.812  -63.044  32.366 0.0000000000
11901  -37.371  -62.944  31.727 0.0000000000
11902  -38.351  -62.901  31.406 0.0000000000
11904  -39.533  -63.612  30.437 0.0000000000
13252  -38.790  -61.559  30.871 0.0000000000
12571  -39.720  -63.075  29.977 0.0000000000
11936  -39.972  -63.489  29.373 0.0000000000
11937  -40.027  -63.472  28.764 0.0000000000
11360  -39.770  -63.408  27.752 0.0000000000
11963  -39.650  -63.148  26.898 0.0000000000
13297  -36.396  -62.138  27.431 0.0000000000
112450  -37.445  -62.148  27.754 0.0000000000
12596  -38.750  -62.412  27.787 0.0000000000
12612  -39.480  -62.798  27.037 0.0000000000
11973  -39.286  -63.067  25.966 0.0000000000
11972  -39.071  -63.255  25.517 0.0000000000
11382  -38.711  -63.781  24.928 0.0000000000
11396  -38.580  -64.224  24.246 0.0000000000
10788  -38.359  -64.840  23.732 0.0000000000
10803  -38.231  -64.999  23.151 0.0000000000
114033  -37.973  -65.923  23.275 0.0000000000
10199  -37.320  -66.507  22.487 0.0000000000
6363  -34.103  -72.492  35.744 0.0000000000
6948  -38.554  -71.129  35.264 0.0000000000
6968  -38.120  -71.172  34.627 0.0000000000
6995  -32.364  -71.127  31.898 0.0000000000
7551  -41.362  -69.763  38.539 0.0000000000
7597  -32.613  -71.113  33.807 0.0000000000
7598  -33.268  -70.809  34.315 0.0000000000
7600  -35.637  -70.598  34.474 0.0000000000
7648  -32.682  -69.854  30.187 0.0000000000
8202  -37.201  -69.584  37.975 0.0000000000
8206  -41.192  -69.071  37.960 0.0000000000
8220  -41.154  -69.594  37.829 0.0000000000
8252  -36.702  -69.827  33.104 0.0000000000
8263  -34.714  -69.004  33.095 0.0000000000
8274  -32.449  -69.178  31.550 0.0000000000
8283  -32.433  -69.321  30.885 0.0000000000
8295  -33.134  -69.459  29.509 0.0000000000
8320  -35.024  -69.233  27.786 0.0000000000
8779  -38.465  -68.615  39.365 0.0000000000
8794  -41.425  -68.898  38.205 0.0000000000
8873  -38.288  -68.215  31.903 0.0000000000
8885  -34.126  -67.893  32.055 0.0000000000
8888  -37.794  -68.408  31.663 0.0000000000
9467  -32.900  -68.264  31.412 0.0000000000
9468  -33.499  -67.644  31.321 0.0000000000
9471  -36.759  -67.609  31.400 0.0000000000
9473  -38.526  -67.465  31.466 0.0000000000
9474  -38.927  -66.828  31.030 0.0000000000
9488  -37.263  -67.196  30.938 0.0000000000
9502  -34.534  -66.312  29.566 0.0000000000
9510  -33.861  -67.765  28.767 0.0000000000
10003  -35.864  -66.217  42.323 0.0000000000
10054  -35.683  -66.955  35.172 0.0000000000
10079  -39.006  -66.169  31.562 0.0000000000
10094  -36.185  -66.821  31.098 0.0000000000
10153  -34.926  -66.609  28.001 0.0000000000
10178  -37.651  -65.685  24.590 0.0000000000
10198  -35.543  -65.945  22.434 0.0000000000
10213  -36.864  -66.346  21.834 0.0000000000
10589  -34.733  -65.200  43.100 0.0000000000
10630  -32.685  -65.406  38.911 0.0000000000
10652  -32.674  -65.796  36.142 0.0000000000
10707  -36.493  -65.793  30.175 0.0000000000
10709  -39.198  -65.943  30.372 0.0000000000
10725  -35.159  -65.762  29.269 0.0000000000
10727  -36.850  -65.229  29.546 0.0000000000
10729  -39.187  -65.742  29.951 0.0000000000
10789  -38.432  -64.382  23.673 0.0000000000
10813  -36.332  -65.791  22.110 0.0000000000
11196  -36.480  -63.653  44.357 0.0000000000
11205  -33.794  -64.298  43.374 0.0000000000
11223  -33.534  -64.745  41.393 0.0000000000
11226  -32.939  -64.357  41.038 0.0000000000
11261  -33.181  -64.779  35.209 0.0000000000
11268  -34.480  -64.737  34.497 0.0000000000
11315  -39.789  -64.539  29.795 0.0000000000
11316  -40.024  -63.963  29.178 0.0000000000
11329  -37.540  -64.683  28.840 0.0000000000
11333  -39.964  -63.763  28.663 0.0000000000
11348  -39.867  -63.721  28.411 0.0000000000
11349  -39.895  -63.344  28.070 0.0000000000
11368  -37.820  -64.397  25.493 0.0000000000
11397  -38.663  -64.014  24.065 0.0000000000
11818  -33.155  -64.005  43.205 0.0000000000
11858  -30.813  -63.020  36.329 0.0000000000
11866  -31.332  -63.425  35.853 0.0000000000
11922  -39.897  -63.838  29.799 0.0000000000
11950  -34.438  -62.882  28.072 0.0000000000
11962  -35.398  -62.792  27.013 0.0000000000
11964  -39.797  -63.113  27.366 0.0000000000
11983  -37.053  -62.742  25.016 0.0000000000
11993  -37.626  -63.012  24.274 0.0000000000
12463  -31.528  -62.522  43.508 0.0000000000
12464  -32.341  -62.825  43.902 0.0000000000
12518  -30.186  -62.488  37.638 0.0000000000
12537  -33.107  -62.635  34.260 0.0000000000
12543  -33.678  -62.725  33.780 0.0000000000
12613  -39.896  -62.995  27.507 0.0000000000
12623  -37.215  -62.375  26.012 0.0000000000
12624  -38.316  -62.470  25.799 0.0000000000
12625  -39.223  -62.835  26.165 0.0000000000
12637  -36.623  -62.626  25.777 0.0000000000
13114  -30.452  -61.302  43.421 0.0000000000
13127  -29.780  -61.125  41.119 0.0000000000
13128  -30.254  -61.681  41.631 0.0000000000
13752  -32.241  -60.688  45.209 0.0000000000
13770  -29.953  -60.768  42.863 0.0000000000
13779  -29.328  -60.583  40.649 0.0000000000
15114  -30.398  -58.233  44.578 0.0000000000
15852  -30.472  -57.343  44.455 0.0000000000
15853  -30.955  -57.776  45.040 0.0000000000
16621  -33.535  -56.777  45.903 0.0000000000
99160  -36.018  -66.652  41.413 0.0000000000
104429  -33.008  -67.950  30.102 0.0000000000
104438  -35.734  -65.664  34.358 0.0000000000
104883  -32.456  -69.450  32.145 0.0000000000
104995  -32.415  -71.446  33.319 0.0000000000
107587  -33.341  -68.110  29.385 0.0000000000
107915  -37.595  -66.788  24.030 0.0000000000
108028  -37.697  -66.806  30.573 0.0000000000
111304  -29.243  -60.709  39.962 0.0000000000
112009  -39.292  -63.283  26.321 0.0000000000
114648  -35.658  -66.382  34.804 0.0000000000
116886  -34.101  -67.357  37.815 0.0000000000
119110  -36.468  -68.843  36.069 0.0000000000
119419  -38.712  -63.620  24.473 0.0000000000
