#!ascii label  , from subject sub-01 vox2ras=TkReg
1994
118040  -33.719  -74.982  25.661 0.1000000015
4888  -33.280  -75.272  25.476 0.1000000015
4382  -32.561  -76.386  25.399 0.1000000015
4887  -32.614  -75.755  25.361 0.1000000015
4886  -32.168  -75.949  25.089 0.1000000015
5387  -32.729  -74.515  25.571 0.1000000015
4870  -31.699  -75.626  25.442 0.1000000015
5386  -31.652  -74.732  26.253 0.1000000015
5367  -31.282  -73.937  27.161 0.1000000015
4869  -30.774  -75.285  26.357 0.1000000015
5366  -30.532  -74.408  27.170 0.1000000015
5866  -30.678  -73.478  27.712 0.1000000015
101231  -29.968  -73.764  27.805 0.1000000015
4850  -29.863  -75.102  26.915 0.1000000015
5856  -29.988  -72.894  28.212 0.1000000015
7024  -29.011  -71.648  27.992 0.1000000015
5365  -29.514  -74.391  27.526 0.1000000015
5347  -28.386  -73.664  28.171 0.1000000015
5865  -29.185  -73.555  28.127 0.1000000015
5902  -34.843  -72.898  25.170 0.1000000015
104522  -33.681  -74.554  25.461 0.1000000015
5887  -34.518  -73.625  25.430 0.1000000015
5400  -33.146  -74.943  25.363 0.1000000015
5900  -34.070  -73.463  25.124 0.1000000015
5886  -33.588  -74.075  25.309 0.1000000015
6465  -33.576  -73.096  25.492 0.1000000015
5884  -32.039  -73.871  26.670 0.1000000015
113711  -32.216  -73.149  26.955 0.1000000015
5867  -31.477  -73.126  27.506 0.1000000015
6445  -30.767  -72.752  27.988 0.1000000015
5916  -28.758  -73.465  24.015 0.1000000015
6500  -28.603  -72.788  24.692 0.1000000015
6485  -28.930  -72.137  25.169 0.1000000015
7072  -28.435  -71.553  25.907 0.1000000015
7056  -28.840  -71.118  26.607 0.1000000015
7040  -29.329  -71.168  27.365 0.1000000015
6434  -29.547  -72.066  28.295 0.1000000015
6433  -28.636  -72.207  28.363 0.1000000015
103333  -29.199  -72.723  28.365 0.1000000015
7042  -35.719  -71.582  27.068 0.1000000015
7718  -35.895  -70.743  25.068 0.2000000030
7061  -35.897  -71.215  25.616 0.2000000030
115553  -35.299  -72.588  25.611 0.1000000015
7717  -35.321  -71.064  24.779 0.1000000015
7076  -35.017  -71.934  24.685 0.1000000015
7716  -34.919  -71.124  24.798 0.1000000015
6487  -34.769  -72.545  24.927 0.1000000015
7762  -28.375  -70.921  22.592 0.1000000015
7110  -29.243  -71.715  21.876 0.1000000015
7715  -34.141  -70.501  25.717 0.1000000015
109667  -33.901  -72.300  25.480 0.1000000015
6523  -28.937  -72.647  21.531 0.1000000015
7125  -30.194  -72.660  21.154 0.1000000015
6537  -31.879  -73.572  20.862 0.1000000015
6538  -32.191  -72.960  21.006 0.1000000015
119482  -31.896  -73.727  21.315 0.1000000015
7059  -33.696  -71.168  26.227 0.1000000015
7041  -32.351  -71.531  27.236 0.1000000015
6446  -31.219  -72.270  27.867 0.1000000015
6536  -31.103  -73.713  20.787 0.1000000015
5960  -31.413  -74.292  20.965 0.1000000015
5947  -31.549  -74.154  21.287 0.1000000015
6512  -31.287  -73.377  22.265 0.1000000015
7096  -31.322  -72.162  22.923 0.1000000015
7086  -30.752  -71.469  24.164 0.1000000015
7074  -30.194  -71.403  25.002 0.1000000015
105311  -31.602  -71.737  27.612 0.1000000015
5935  -30.983  -74.219  22.060 0.1000000015
6511  -30.247  -73.427  23.126 0.1000000015
6502  -30.347  -72.341  23.847 0.1000000015
7693  -30.450  -70.643  26.719 0.1000000015
7674  -30.028  -70.950  27.249 0.1000000015
6501  -29.417  -72.845  24.257 0.1000000015
99301  -29.620  -71.974  24.846 0.1000000015
7073  -29.377  -71.306  25.731 0.1000000015
7057  -29.669  -70.863  26.602 0.1000000015
7025  -29.983  -71.447  27.787 0.1000000015
6435  -30.410  -72.093  28.152 0.1000000015
106399  -36.371  -70.063  25.340 0.1000000015
7698  -36.235  -70.483  26.119 0.2000000030
7677  -35.879  -70.657  27.228 0.1000000015
8308  -35.631  -69.881  27.551 0.2000000030
7659  -35.356  -70.553  27.977 0.2000000030
7732  -36.171  -69.979  24.615 0.1000000015
116078  -35.715  -70.452  24.680 0.1000000015
8360  -27.213  -69.578  23.632 0.1000000015
7745  -27.708  -70.244  23.185 0.1000000015
116871  -34.355  -69.824  25.299 0.1000000015
104975  -33.513  -69.566  25.612 0.1000000015
7763  -29.621  -70.866  22.191 0.1000000015
7126  -31.283  -72.900  20.794 0.1000000015
99602  -31.993  -72.607  20.785 0.1000000015
7058  -32.988  -71.014  26.825 0.1000000015
7127  -32.707  -72.003  21.020 0.1000000015
6525  -32.131  -73.066  21.397 0.1000000015
7747  -32.128  -70.541  23.108 0.1000000015
7714  -31.494  -70.091  25.835 0.1000000015
7694  -31.332  -70.497  26.683 0.1000000015
7695  -32.193  -70.562  26.847 0.1000000015
6436  -30.886  -71.521  27.771 0.1000000015
9557  -37.257  -67.603  24.709 0.1000000015
9556  -37.100  -67.517  25.314 0.1000000015
9570  -37.236  -67.682  24.087 0.1000000015
8952  -36.930  -68.417  24.622 0.1000000015
110135  -36.942  -68.296  25.265 0.1000000015
8938  -36.680  -68.750  25.887 0.2000000030
8932  -36.305  -68.972  26.597 0.2000000030
8331  -36.491  -69.568  26.047 0.2000000030
106219  -35.732  -69.113  27.244 0.2000000030
115888  -35.051  -69.912  27.999 0.2000000030
116856  -35.797  -69.934  24.410 0.1000000015
8966  -36.797  -68.329  23.938 0.1000000015
8353  -36.081  -69.441  24.067 0.1000000015
8352  -35.172  -68.960  24.199 0.1000000015
8374  -29.889  -70.013  22.580 0.1000000015
8375  -30.885  -69.801  21.997 0.1000000015
115941  -35.189  -70.141  24.683 0.1000000015
8341  -34.019  -69.050  24.937 0.1000000015
8359  -26.591  -69.396  23.393 0.1000000015
8347  -26.872  -68.904  24.036 0.1000000015
7780  -31.984  -71.531  20.826 0.1000000015
7781  -32.957  -71.090  20.741 0.1000000015
7112  -33.095  -71.494  20.982 0.1000000015
7748  -32.862  -70.047  22.479 0.1000000015
7731  -32.450  -69.593  24.156 0.1000000015
8350  -33.203  -69.232  24.952 0.1000000015
8340  -32.776  -69.641  25.804 0.1000000015
8358  -26.157  -69.151  22.996 0.1000000015
7111  -32.662  -72.167  21.142 0.1000000015
7730  -31.641  -70.112  24.631 0.1000000015
8339  -32.271  -69.677  25.438 0.1000000015
8330  -32.160  -69.962  26.260 0.1000000015
8972  -26.175  -68.465  23.122 0.1000000015
8990  -26.129  -68.228  22.524 0.1000000015
9006  -26.027  -68.799  21.909 0.1000000015
10223  -26.497  -67.297  22.340 0.1000000015
10815  -37.612  -65.685  22.549 0.1000000015
9585  -37.393  -66.980  23.373 0.1000000015
10814  -37.027  -65.669  22.123 0.1000000015
9601  -36.729  -66.967  21.724 0.1000000015
105234  -37.462  -66.712  24.653 0.1000000015
110127  -36.811  -68.089  25.754 0.1000000015
8937  -36.454  -68.199  26.329 0.2000000030
9618  -36.216  -66.865  21.233 0.1000000015
102228  -36.929  -67.270  22.687 0.1000000015
9584  -37.020  -67.677  23.495 0.1000000015
8931  -35.754  -68.285  26.972 0.2000000030
10227  -35.596  -66.885  20.975 0.1000000015
8997  -36.431  -67.498  22.088 0.1000000015
9565  -26.554  -67.379  24.857 0.1000000015
8958  -26.620  -68.133  24.398 0.1000000015
8959  -27.251  -68.469  24.711 0.1000000015
8960  -28.182  -68.668  24.771 0.1000000015
8361  -28.181  -69.636  23.654 0.1000000015
8362  -29.211  -69.534  23.425 0.1000000015
8363  -30.155  -69.258  22.999 0.1000000015
10226  -35.051  -67.138  20.800 0.1000000015
9010  -35.090  -67.623  20.914 0.1000000015
8978  -36.057  -68.014  22.765 0.1000000015
8964  -35.756  -68.573  23.449 0.1000000015
8348  -27.675  -69.047  24.187 0.1000000015
8376  -31.813  -69.594  21.247 0.1000000015
8992  -31.902  -68.811  21.550 0.1000000015
8389  -32.588  -70.208  20.697 0.1000000015
8365  -34.054  -68.472  22.671 0.1000000015
8976  -34.669  -68.172  22.144 0.1000000015
8351  -33.940  -68.680  24.101 0.1000000015
104599  -26.396  -67.495  24.262 0.1000000015
8388  -31.856  -70.483  20.982 0.1000000015
8390  -33.260  -70.351  20.693 0.1000000015
8391  -33.420  -70.169  20.824 0.1000000015
8378  -33.874  -69.456  21.018 0.1000000015
8364  -33.306  -68.962  23.569 0.1000000015
8973  -26.443  -68.661  23.611 0.1000000015
9580  -26.308  -67.954  23.754 0.1000000015
9596  -26.221  -67.703  23.188 0.1000000015
9613  -27.039  -67.337  21.383 0.1000000015
10179  -37.894  -65.814  23.973 0.1000000015
10826  -36.334  -66.400  21.518 0.1000000015
10802  -36.941  -64.972  22.580 0.1000000015
10803  -38.231  -64.999  23.151 0.1000000015
10168  -37.031  -66.472  25.467 0.1000000015
10212  -35.668  -66.403  21.561 0.1000000015
10800  -34.925  -65.981  23.276 0.1000000015
10775  -38.214  -65.012  24.121 0.1000000015
9541  -36.683  -67.444  26.007 0.1000000015
114865  -33.509  -66.758  22.849 0.1000000015
10196  -34.104  -66.824  21.846 0.1000000015
9525  -35.920  -67.440  26.730 0.2000000030
8947  -26.950  -67.845  25.174 0.1000000015
8349  -28.674  -69.094  24.099 0.1000000015
8974  -29.550  -68.977  23.739 0.1000000015
9598  -33.203  -68.010  21.142 0.1000000015
9615  -34.718  -67.642  20.854 0.1000000015
10167  -36.231  -66.527  26.452 0.1000000015
10154  -35.473  -66.571  27.280 0.2000000030
8948  -27.736  -68.149  25.362 0.1000000015
8975  -31.340  -68.376  22.871 0.1000000015
8993  -32.748  -68.641  20.984 0.1000000015
9008  -33.557  -68.950  20.675 0.1000000015
107622  -33.747  -69.451  20.783 0.1000000015
112486  -26.352  -66.637  23.873 0.1000000015
10195  -26.379  -66.916  23.253 0.1000000015
10209  -26.868  -66.415  22.599 0.1000000015
10224  -27.297  -66.653  21.742 0.1000000015
10225  -28.076  -66.207  21.274 0.1000000015
10786  -35.033  -65.526  24.181 0.1000000015
10801  -35.864  -65.274  23.087 0.1000000015
11404  -36.608  -64.507  23.297 0.1000000015
10189  -34.246  -66.193  24.176 0.1000000015
11405  -37.532  -64.214  23.246 0.1000000015
10788  -38.359  -64.840  23.732 0.1000000015
99106  -34.136  -66.421  23.121 0.1000000015
12005  -38.182  -63.769  23.526 0.1000000015
10764  -37.274  -65.223  25.368 0.1000000015
9582  -32.513  -67.489  22.589 0.1000000015
10188  -33.517  -66.630  23.871 0.1000000015
11396  -38.580  -64.224  24.246 0.1000000015
9550  -26.807  -67.199  25.537 0.1000000015
9551  -27.458  -67.584  25.826 0.1000000015
9552  -28.226  -67.842  25.989 0.1000000015
8951  -30.188  -68.189  24.686 0.1000000015
107381  -30.373  -68.598  23.620 0.1000000015
9581  -31.771  -67.759  23.345 0.1000000015
9583  -33.268  -67.178  22.053 0.1000000015
10774  -38.104  -64.661  24.663 0.1000000015
10763  -36.560  -65.553  26.188 0.1000000015
116706  -26.527  -66.775  25.157 0.1000000015
8991  -31.054  -69.037  22.407 0.1000000015
10754  -35.881  -65.615  27.092 0.1000000015
10186  -26.379  -66.792  24.477 0.1000000015
10784  -26.472  -66.027  24.200 0.1000000015
10798  -26.636  -66.165  23.435 0.1000000015
10811  -27.282  -65.657  22.880 0.1000000015
11411  -28.447  -64.627  22.767 0.1000000015
10812  -28.039  -65.230  22.402 0.1000000015
11420  -29.466  -64.453  21.663 0.1000000015
10177  -34.354  -65.875  25.068 0.1000000015
102972  -35.070  -65.098  25.094 0.1000000015
10787  -35.828  -64.669  24.107 0.1000000015
10771  -33.813  -66.131  25.731 0.1000000015
11395  -36.793  -63.753  23.942 0.1000000015
10176  -33.534  -66.501  24.984 0.1000000015
99058  -33.164  -66.569  25.968 0.1000000015
12004  -37.762  -63.513  23.691 0.1000000015
12006  -38.549  -63.859  23.806 0.1000000015
9568  -32.309  -67.318  23.853 0.1000000015
10187  -32.884  -66.967  24.378 0.1000000015
11994  -38.379  -63.330  23.939 0.1000000015
10174  -26.769  -66.503  25.754 0.1000000015
8961  -29.305  -68.600  24.520 0.1000000015
8962  -31.024  -68.048  24.041 0.1000000015
9567  -31.589  -67.547  24.572 0.1000000015
112605  -32.293  -67.249  24.763 0.1000000015
11383  -38.710  -63.482  24.325 0.1000000015
118643  -36.968  -64.795  26.027 0.1000000015
10769  -26.533  -66.025  25.083 0.1000000015
9534  -27.198  -67.026  26.220 0.1000000015
9535  -27.840  -67.359  26.523 0.1000000015
8949  -28.656  -68.294  25.361 0.1000000015
8950  -29.482  -68.198  25.257 0.1000000015
11369  -38.658  -63.675  25.812 0.1000000015
10770  -26.971  -65.207  25.349 0.1000000015
11394  -28.356  -64.211  24.141 0.1000000015
11393  -27.489  -64.657  24.770 0.1000000015
12002  -29.371  -63.574  23.928 0.1000000015
118443  -28.150  -64.500  23.421 0.1000000015
104367  -28.880  -64.138  23.283 0.1000000015
11412  -29.227  -64.273  22.483 0.1000000015
11403  -29.673  -63.709  22.999 0.1000000015
10165  -32.760  -66.486  26.758 0.1000000015
10166  -33.582  -65.917  26.541 0.1000000015
10773  -35.814  -64.035  25.050 0.1000000015
10164  -31.967  -66.879  26.980 0.1000000015
9537  -29.608  -67.604  26.587 0.1000000015
9538  -30.588  -67.455  26.444 0.1000000015
9539  -31.531  -67.250  26.333 0.1000000015
10175  -32.710  -66.957  25.332 0.1000000015
11992  -36.672  -63.253  24.728 0.1000000015
10761  -26.873  -65.745  25.935 0.1000000015
109373  -27.113  -66.319  26.509 0.1000000015
9536  -28.639  -67.547  26.671 0.1000000015
9554  -30.127  -67.827  25.649 0.1000000015
117537  -30.806  -67.802  24.912 0.1000000015
12654  -38.613  -62.901  24.571 0.1000000015
106780  -27.170  -65.099  26.036 0.1000000015
11382  -38.711  -63.781  24.928 0.1000000015
110284  -37.503  -64.263  26.358 0.1000000015
11379  -27.519  -64.591  25.621 0.1000000015
11380  -28.189  -64.116  25.081 0.1000000015
11990  -28.850  -63.731  24.654 0.1000000015
12661  -30.053  -62.848  24.215 0.1000000015
12662  -30.649  -62.455  23.676 0.1000000015
12013  -30.305  -63.321  22.728 0.1000000015
10772  -34.343  -65.468  25.868 0.1000000015
11381  -34.923  -64.571  25.874 0.1000000015
112845  -34.799  -64.191  26.480 0.1000000015
11367  -35.402  -63.731  25.994 0.1000000015
107746  -27.526  -66.276  27.365 0.1000000015
9521  -29.112  -67.333  27.397 0.1000000015
9523  -31.074  -67.177  27.179 0.1000000015
104554  -28.131  -64.017  25.960 0.1000000015
11365  -27.582  -64.612  26.464 0.1000000015
10762  -27.269  -65.450  26.772 0.1000000015
10163  -27.527  -66.847  26.819 0.1000000015
9520  -28.161  -67.061  27.311 0.1000000015
9553  -29.117  -67.937  25.959 0.1000000015
12653  -37.865  -62.613  24.779 0.1000000015
11981  -28.795  -63.557  25.380 0.1000000015
12635  -29.743  -62.210  25.768 0.1000000015
12651  -29.920  -62.521  24.996 0.1000000015
12636  -30.242  -61.833  25.166 0.1000000015
12652  -30.462  -62.154  24.430 0.1000000015
13315  -30.353  -61.117  25.203 0.1000000015
13323  -31.075  -61.044  24.037 0.1000000015
10151  -32.375  -66.371  27.508 0.1000000015
10752  -33.519  -65.400  27.288 0.1000000015
10753  -34.277  -64.972  26.690 0.1000000015
11357  -34.441  -64.206  27.136 0.1000000015
10150  -31.524  -66.708  27.757 0.1000000015
9522  -30.076  -67.312  27.324 0.1000000015
11969  -28.734  -63.360  26.221 0.1000000015
11366  -28.208  -63.973  26.967 0.1000000015
12621  -29.207  -62.654  26.392 0.1000000015
13314  -29.910  -61.405  25.890 0.1000000015
13985  -30.660  -60.734  24.632 0.1000000015
13986  -30.898  -60.419  24.113 0.1000000015
10152  -33.038  -66.026  27.231 0.1000000015
113146  -33.408  -64.910  27.888 0.1000000015
10149  -30.560  -66.964  27.976 0.1000000015
11354  -27.681  -64.798  27.370 0.1000000015
10750  -27.568  -65.512  27.625 0.1000000015
114021  -28.103  -66.563  27.928 0.1000000015
10147  -28.766  -66.907  28.038 0.1000000015
10148  -29.619  -67.038  28.076 0.1000000015
13308  -29.474  -61.922  26.501 0.1000000015
114445  -30.079  -60.748  25.677 0.1000000015
13980  -30.347  -60.398  25.215 0.1000000015
14657  -30.572  -59.892  24.640 0.1000000015
107016  -30.525  -59.123  24.249 0.1000000015
10135  -31.978  -66.185  28.275 0.1000000015
10120  -29.653  -66.238  29.301 0.1000000015
10133  -30.103  -66.668  28.695 0.1000000015
10134  -31.061  -66.499  28.528 0.1000000015
114449  -28.397  -63.604  27.698 0.1000000015
11355  -28.081  -64.271  27.944 0.1000000015
10146  -27.823  -65.964  28.199 0.1000000015
10131  -28.487  -66.353  28.529 0.1000000015
10132  -29.245  -66.616  28.685 0.1000000015
11960  -28.708  -63.146  27.069 0.1000000015
14650  -30.233  -59.737  25.279 0.1000000015
15354  -30.251  -59.045  24.997 0.1000000015
16128  -29.730  -57.617  25.050 0.1000000015
114133  -30.331  -58.693  24.519 0.1000000015
10721  -29.227  -65.661  29.747 0.1000000015
115676  -28.139  -64.401  28.724 0.1000000015
11341  -28.304  -64.845  29.309 0.1000000015
10720  -28.652  -65.481  29.479 0.1000000015
13296  -29.103  -61.594  27.162 0.1000000015
13973  -29.631  -60.622  26.282 0.1000000015
13979  -29.918  -60.097  25.739 0.1000000015
15353  -29.732  -58.387  25.543 0.1000000015
16117  -29.449  -57.616  25.702 0.1000000015
12607  -28.719  -62.008  27.874 0.1000000015
102957  -29.478  -61.269  26.582 0.1000000015
119253  -29.266  -60.259  26.682 0.1000000015
14638  -29.440  -59.737  26.358 0.1000000015
105133  -29.447  -58.833  26.275 0.1000000015
15339  -29.306  -58.016  26.273 0.1000000015
16102  -29.057  -57.117  26.218 0.1000000015
15338  -28.853  -57.701  26.893 0.1000000015
13962  -29.127  -60.771  27.068 0.1000000015
116191  -29.090  -59.184  26.804 0.1000000015
15329  -28.997  -58.483  26.864 0.1000000015
4393  -33.021  -75.907  25.534 0.1000000015
4392  -32.018  -76.483  25.006 0.1000000015
5399  -32.439  -75.339  25.364 0.1000000015
5901  -34.420  -73.169  25.147 0.1000000015
5401  -34.099  -73.853  25.271 0.1000000015
6486  -34.297  -72.878  25.024 0.1000000015
5885  -32.847  -73.638  25.985 0.1000000015
101896  -33.191  -71.937  26.616 0.1000000015
5868  -32.046  -72.394  27.399 0.1000000015
7055  -27.943  -71.291  26.692 0.1000000015
7697  -35.948  -71.160  26.416 0.1000000015
6466  -35.120  -72.294  24.932 0.1000000015
7075  -34.567  -72.002  25.013 0.1000000015
7746  -28.808  -70.231  23.044 0.1000000015
7779  -30.754  -71.839  21.194 0.1000000015
7087  -31.409  -71.048  23.715 0.1000000015
7729  -30.873  -70.665  25.104 0.1000000015
7713  -30.188  -70.767  25.892 0.1000000015
7676  -31.473  -70.960  27.320 0.1000000015
118657  -30.856  -70.454  26.117 0.1000000015
7675  -30.679  -70.928  27.321 0.1000000015
8342  -36.636  -69.229  25.139 0.1000000015
8321  -36.203  -69.783  26.901 0.2000000030
107848  -36.437  -69.114  24.339 0.1000000015
7097  -32.288  -71.900  22.095 0.1000000015
8965  -36.294  -68.670  23.699 0.1000000015
7764  -30.811  -70.710  21.595 0.1000000015
7782  -33.262  -70.910  20.885 0.1000000015
7766  -33.331  -70.876  21.106 0.1000000015
8989  -26.024  -68.990  22.504 0.1000000015
11413  -37.716  -64.927  22.698 0.1000000015
114033  -37.973  -65.923  23.275 0.1000000015
10199  -37.320  -66.507  22.487 0.1000000015
9011  -35.608  -67.308  21.003 0.1000000015
9524  -35.128  -67.473  27.555 0.2000000030
8977  -35.225  -68.007  22.467 0.1000000015
9599  -33.982  -67.545  21.147 0.1000000015
8994  -34.236  -68.781  21.084 0.1000000015
8995  -34.902  -68.048  21.225 0.1000000015
8963  -34.584  -68.346  23.250 0.1000000015
9597  -32.164  -68.127  22.009 0.1000000015
118768  -33.459  -69.755  20.684 0.1000000015
9614  -34.024  -68.193  20.758 0.1000000015
10755  -36.543  -64.809  26.810 0.1000000015
10824  -28.409  -65.515  21.613 0.1000000015
9569  -32.946  -67.017  23.296 0.1000000015
11402  -27.512  -64.772  23.910 0.1000000015
11419  -28.789  -64.857  21.999 0.1000000015
9555  -31.955  -67.301  25.496 0.1000000015
12003  -30.201  -63.142  23.424 0.1000000015
13329  -31.412  -61.317  23.357 0.1000000015
10016  -36.903  -67.098  41.276 0.5000000000
5759  -38.416  -73.068  38.251 0.5000000000
6301  -39.450  -71.853  38.549 0.5000000000
10619  -35.215  -66.175  41.500 0.5000000000
9397  -36.058  -67.164  40.683 0.5000000000
9398  -37.071  -67.616  40.504 0.5000000000
6323  -39.744  -71.590  37.585 0.5000000000
10618  -34.064  -65.127  41.841 0.5000000000
103075  -34.594  -65.656  41.598 0.5000000000
10015  -35.268  -66.588  40.760 0.5000000000
6918  -40.303  -70.854  37.177 0.5000000000
10626  -34.623  -65.996  40.886 0.5000000000
10625  -34.010  -65.331  40.958 0.5000000000
10014  -34.593  -66.391  40.197 0.5000000000
118636  -34.142  -65.809  40.373 0.4000000060
10027  -35.229  -67.121  40.023 0.4000000060
6367  -38.069  -72.025  35.774 0.5000000000
6366  -37.198  -72.284  35.786 0.5000000000
6947  -37.705  -71.684  35.157 0.5000000000
6967  -37.344  -71.298  34.554 0.5000000000
7614  -37.869  -70.223  33.616 0.5000000000
7602  -37.672  -70.785  34.025 0.5000000000
119929  -38.309  -68.580  33.101 0.4000000060
9449  -38.372  -68.088  32.951 0.4000000060
7525  -38.398  -70.794  41.588 0.1000000015
118269  -39.361  -71.825  39.160 0.5000000000
106507  -35.095  -65.867  42.133 0.5000000000
10004  -36.793  -66.627  42.132 0.5000000000
10017  -37.890  -67.239  41.039 0.5000000000
9399  -38.356  -67.664  40.401 0.4000000060
6908  -40.465  -71.126  38.009 0.5000000000
103493  -33.623  -64.663  42.077 0.5000000000
99655  -34.626  -65.429  42.382 0.5000000000
111448  -32.642  -63.816  42.567 0.5000000000
11809  -31.988  -63.233  43.068 0.5000000000
11222  -33.103  -64.263  41.864 0.5000000000
12472  -31.344  -62.738  42.599 0.4000000060
11817  -31.897  -63.320  42.115 0.3000000119
11227  -33.385  -64.865  40.709 0.5000000000
10632  -33.921  -66.091  39.766 0.4000000060
11826  -32.456  -63.822  41.558 0.3000000119
8777  -36.155  -68.603  39.040 0.6999999881
8789  -36.894  -69.190  38.781 0.5000000000
11825  -31.818  -63.344  41.153 0.3000000119
11830  -32.310  -63.931  40.620 0.3000000119
105447  -33.514  -65.357  40.108 0.4000000060
9405  -34.854  -67.420  39.152 0.5000000000
8807  -35.691  -68.826  38.124 0.6000000238
8203  -38.450  -69.871  37.823 0.6000000238
8204  -39.898  -69.751  37.593 0.6000000238
6340  -39.744  -71.308  36.872 0.5000000000
6338  -37.617  -72.770  36.594 0.3000000119
11232  -32.837  -64.620  40.112 0.3000000119
10029  -33.666  -66.454  39.000 0.4000000060
9429  -35.051  -68.323  37.706 0.5000000000
8215  -37.128  -69.624  37.184 0.6000000238
8229  -38.661  -70.467  36.054 0.6000000238
6949  -39.100  -71.017  35.926 0.5000000000
118261  -38.273  -71.475  35.274 0.5000000000
11231  -32.416  -64.786  39.296 0.4000000060
10640  -33.003  -66.090  38.504 0.4000000060
9415  -34.589  -67.736  38.249 0.5000000000
106354  -35.614  -68.711  37.312 0.5000000000
8228  -37.682  -69.814  36.320 0.5000000000
8241  -38.344  -70.118  35.395 0.5000000000
6969  -38.359  -70.864  34.790 0.5000000000
11230  -31.718  -64.385  38.893 0.4000000060
10639  -32.409  -65.685  38.005 0.4000000060
10043  -33.302  -66.689  36.862 0.5000000000
9436  -35.242  -68.168  36.643 0.5000000000
8839  -36.721  -68.485  35.469 0.4000000060
8240  -37.795  -69.535  35.440 0.5000000000
116338  -38.304  -70.384  34.702 0.5000000000
10648  -32.330  -65.822  36.960 0.4000000060
10049  -33.929  -66.798  36.199 0.5000000000
8838  -36.020  -68.215  35.811 0.5000000000
119952  -36.434  -68.015  35.300 0.4000000060
8849  -38.167  -68.975  34.070 0.4000000060
8245  -38.219  -69.835  33.928 0.5000000000
10052  -33.893  -66.298  35.640 0.5000000000
10055  -36.234  -66.855  34.731 0.4000000060
9445  -37.550  -67.997  34.239 0.4000000060
9446  -38.181  -68.396  33.524 0.4000000060
10660  -35.052  -65.873  34.819 0.3000000119
10060  -36.327  -66.294  34.354 0.4000000060
10068  -36.987  -66.415  33.921 0.3000000119
10677  -37.311  -65.920  33.398 0.3000000119
10678  -38.098  -66.219  32.813 0.3000000119
7513  -38.257  -70.370  42.577 0.1000000015
8163  -39.355  -69.134  42.543 0.1000000015
8175  -38.713  -69.749  42.009 0.1000000015
8185  -40.290  -69.786  40.669 0.4000000060
7538  -39.867  -70.574  40.308 0.4000000060
6887  -39.452  -71.239  40.154 0.4000000060
7549  -40.137  -70.966  39.495 0.5000000000
7539  -40.700  -70.152  39.798 0.4000000060
7550  -40.906  -70.342  38.980 0.5000000000
6900  -40.538  -70.914  38.712 0.5000000000
117281  -36.001  -65.983  43.109 0.5000000000
9992  -37.635  -66.381  42.742 0.5000000000
10005  -37.687  -66.879  41.871 0.5000000000
8207  -41.542  -69.198  38.400 0.5000000000
7561  -41.209  -70.001  38.085 0.5000000000
11216  -33.381  -64.330  42.627 0.5000000000
11217  -34.063  -64.870  42.719 0.5000000000
10605  -35.342  -65.708  42.985 0.5000000000
11810  -32.753  -63.495  43.479 0.5000000000
8793  -41.307  -68.925  38.145 0.6000000238
13115  -31.087  -61.786  43.948 0.4000000060
12462  -30.829  -62.092  43.058 0.2000000030
13761  -30.162  -60.451  43.699 0.2000000030
12471  -30.745  -62.240  42.137 0.3000000119
12485  -31.184  -62.883  40.738 0.3000000119
11829  -31.641  -63.484  40.230 0.4000000060
13121  -30.329  -61.534  42.528 0.3000000119
12477  -30.699  -62.308  41.209 0.3000000119
13120  -29.867  -60.982  41.987 0.3000000119
13132  -30.143  -61.788  40.733 0.4000000060
12497  -30.964  -63.048  39.831 0.4000000060
13138  -29.975  -61.902  39.846 0.3000000119
11834  -30.740  -63.199  38.937 0.4000000060
11250  -31.816  -65.239  37.430 0.4000000060
11253  -31.993  -65.168  36.303 0.4000000060
12496  -30.396  -62.531  39.406 0.3000000119
11846  -30.614  -63.226  38.008 0.3000000119
11252  -31.558  -64.274  36.029 0.3000000119
10048  -33.271  -66.314  36.104 0.4000000060
11259  -32.024  -63.697  35.381 0.3000000119
11262  -34.000  -65.062  34.958 0.3000000119
117828  -35.165  -65.433  34.518 0.4000000060
10676  -36.527  -65.754  33.865 0.3000000119
11867  -32.903  -63.913  34.994 0.2000000030
11275  -34.636  -64.220  34.041 0.3000000119
10675  -35.984  -65.025  33.781 0.3000000119
104093  -32.681  -62.244  34.425 0.1000000015
11882  -34.124  -63.504  33.919 0.2000000030
11276  -35.433  -64.235  33.523 0.4000000060
15223  -31.939  -58.114  34.397 0.1000000015
8747  -41.048  -68.440  42.222 0.1000000015
8176  -39.723  -69.379  41.557 0.1000000015
8760  -41.938  -68.426  41.303 0.2000000030
8178  -41.783  -68.850  40.570 0.5000000000
8186  -41.307  -69.444  40.210 0.4000000060
8193  -41.442  -69.625  39.314 0.4000000060
9991  -36.747  -66.087  43.141 0.5000000000
9993  -38.528  -66.510  42.378 0.4000000060
9994  -39.523  -66.646  41.782 0.4000000060
10019  -40.109  -67.114  40.805 0.4000000060
9411  -41.699  -67.927  39.147 0.5000000000
9412  -42.051  -68.086  39.159 0.5000000000
11206  -34.588  -64.587  43.570 0.5000000000
10590  -35.345  -64.997  43.674 0.5000000000
10591  -36.196  -65.386  43.655 0.4000000060
9417  -41.617  -68.477  38.632 0.4000000060
12453  -31.920  -62.122  44.350 0.4000000060
12454  -32.933  -62.199  44.555 0.4000000060
100878  -33.538  -63.658  43.845 0.5000000000
13101  -31.600  -61.288  44.666 0.4000000060
13751  -31.300  -60.446  44.965 0.3000000119
13750  -30.534  -60.051  44.507 0.3000000119
14408  -30.397  -59.144  44.614 0.2000000030
13760  -29.708  -59.913  43.106 0.2000000030
115030  -30.962  -56.981  44.847 0.1000000015
14416  -29.544  -59.028  43.285 0.3000000119
107558  -29.950  -57.749  43.991 0.1000000015
14428  -29.330  -59.361  42.463 0.3000000119
13775  -29.459  -60.425  41.424 0.3000000119
15118  -29.589  -58.103  43.342 0.2000000030
15127  -29.231  -58.439  42.591 0.2000000030
14439  -29.025  -59.980  40.942 0.2000000030
12495  -29.900  -61.992  38.971 0.2000000030
12518  -30.186  -62.488  37.638 0.2000000030
13783  -28.633  -59.707  39.362 0.2000000030
13170  -29.773  -61.724  37.712 0.2000000030
12521  -30.393  -62.477  36.759 0.2000000030
13792  -28.813  -60.056  38.705 0.2000000030
13830  -29.487  -60.604  37.009 0.1000000015
13206  -31.393  -62.117  35.447 0.2000000030
12536  -32.551  -62.986  34.788 0.2000000030
14481  -29.046  -59.185  36.875 0.1000000015
13831  -30.047  -60.784  36.344 0.1000000015
100046  -31.720  -61.283  34.914 0.1000000015
13216  -32.469  -61.530  34.361 0.1000000015
14500  -29.589  -59.160  36.129 0.1000000015
14501  -30.430  -59.023  35.336 0.1000000015
118432  -31.758  -60.505  34.653 0.1000000015
115644  -30.421  -58.142  35.208 0.1000000015
111017  -31.861  -59.456  34.460 0.1000000015
15988  -31.574  -57.447  34.586 0.1000000015
17689  -31.243  -55.082  35.693 0.1000000015
8748  -42.080  -67.801  42.324 0.3000000119
8761  -42.648  -67.825  41.078 0.3000000119
11212  -42.404  -64.633  43.728 0.3000000119
10611  -43.011  -65.766  42.573 0.3000000119
10009  -42.871  -66.882  41.298 0.3000000119
9392  -42.651  -67.480  40.609 0.3000000119
8187  -42.059  -68.814  39.712 0.4000000060
111352  -40.426  -65.020  43.238 0.3000000119
10610  -42.319  -65.524  42.569 0.3000000119
10021  -42.156  -67.093  40.299 0.5000000000
9403  -42.185  -67.607  39.685 0.5000000000
10593  -38.315  -64.934  43.910 0.4000000060
10607  -38.495  -65.809  43.256 0.5000000000
9995  -40.547  -65.936  42.419 0.4000000060
10007  -40.820  -66.547  41.465 0.4000000060
9402  -41.606  -67.405  39.733 0.5000000000
13103  -33.640  -61.464  45.021 0.4000000060
11800  -34.211  -62.919  44.363 0.4000000060
113514  -35.428  -63.953  44.177 0.5000000000
105982  -36.019  -64.588  44.085 0.5000000000
13741  -32.908  -59.995  45.459 0.4000000060
12455  -33.952  -62.152  44.677 0.5000000000
14404  -32.567  -59.219  45.645 0.4000000060
13740  -31.933  -59.870  45.402 0.4000000060
15108  -32.879  -58.605  45.928 0.4000000060
14403  -31.729  -59.024  45.459 0.3000000119
112539  -32.168  -57.770  45.588 0.3000000119
15106  -31.615  -58.170  45.413 0.3000000119
15837  -32.495  -57.107  45.596 0.3000000119
114198  -32.042  -55.680  44.773 0.1000000015
16664  -31.419  -56.245  44.723 0.1000000015
15860  -30.118  -56.868  43.818 0.1000000015
114421  -29.722  -57.315  43.395 0.1000000015
106379  -28.885  -57.883  41.847 0.2000000030
17540  -30.485  -55.925  43.417 0.1000000015
16687  -30.144  -55.783  42.513 0.1000000015
115318  -28.627  -58.328  41.240 0.2000000030
16686  -29.520  -56.371  42.186 0.2000000030
15148  -28.438  -58.260  40.666 0.2000000030
14453  -28.356  -58.934  39.252 0.1000000015
108753  -28.314  -58.207  39.501 0.1000000015
15181  -28.494  -58.244  37.872 0.1000000015
15920  -28.534  -57.515  38.404 0.1000000015
15196  -29.183  -58.397  36.462 0.1000000015
15213  -29.788  -58.306  35.701 0.1000000015
109739  -29.348  -56.896  36.519 0.1000000015
115925  -29.631  -56.452  36.332 0.1000000015
17688  -30.514  -55.459  35.982 0.1000000015
17653  -30.618  -55.204  37.162 0.1000000015
17669  -30.942  -54.848  36.494 0.1000000015
18526  -32.214  -54.116  37.751 0.1000000015
19335  -32.952  -53.577  38.112 0.1000000015
19338  -35.661  -53.647  38.150 0.1000000015
10581  -43.227  -65.372  44.364 0.3000000119
9971  -43.387  -65.898  44.211 0.2000000030
11199  -41.110  -64.023  44.259 0.3000000119
112190  -39.962  -63.708  44.211 0.4000000060
109039  -39.387  -63.342  44.737 0.3000000119
13104  -34.581  -61.492  45.132 0.3000000119
12456  -34.944  -62.059  44.770 0.3000000119
11801  -35.190  -62.866  44.492 0.4000000060
119558  -37.308  -63.389  44.424 0.4000000060
11198  -38.647  -62.928  44.779 0.3000000119
13742  -33.765  -60.182  45.694 0.3000000119
13754  -34.191  -60.862  45.434 0.3000000119
11802  -37.165  -62.629  44.698 0.4000000060
11197  -37.965  -62.666  44.733 0.4000000060
104056  -38.307  -62.314  45.129 0.3000000119
15066  -33.621  -57.984  47.016 0.3000000119
14405  -33.262  -59.413  45.900 0.3000000119
15088  -33.202  -58.126  46.290 0.3000000119
15816  -34.146  -57.261  46.803 0.3000000119
15838  -32.785  -57.807  45.868 0.3000000119
104183  -33.089  -57.120  45.787 0.3000000119
16644  -33.044  -56.344  45.582 0.2000000030
17498  -33.466  -55.421  45.345 0.1000000015
18411  -33.890  -54.643  44.951 0.1000000015
18412  -34.837  -54.488  45.002 0.1000000015
17521  -32.327  -54.998  44.446 0.1000000015
19277  -34.256  -53.692  43.745 0.1000000015
18459  -32.081  -54.737  43.644 0.1000000015
113149  -32.573  -54.346  43.232 0.1000000015
113293  -30.771  -55.357  42.693 0.1000000015
16702  -29.413  -56.257  41.366 0.2000000030
17583  -30.511  -55.582  41.220 0.2000000030
17582  -29.867  -55.850  40.929 0.2000000030
16743  -28.590  -56.943  39.737 0.1000000015
17605  -30.272  -55.880  40.617 0.1000000015
16744  -29.160  -56.484  39.442 0.1000000015
16773  -28.848  -56.850  38.049 0.1000000015
16745  -30.071  -56.242  39.169 0.1000000015
16756  -29.325  -56.447  38.551 0.1000000015
16775  -29.986  -55.732  37.386 0.1000000015
16757  -29.954  -55.995  38.238 0.1000000015
17635  -30.525  -55.706  37.937 0.1000000015
17654  -31.065  -55.295  37.675 0.1000000015
18525  -31.379  -54.575  37.251 0.1000000015
18516  -32.696  -54.631  38.384 0.1000000015
17639  -33.918  -55.569  38.712 0.1000000015
18517  -33.560  -53.966  38.501 0.1000000015
18518  -34.267  -54.585  38.672 0.1000000015
19337  -34.618  -53.514  38.360 0.1000000015
18519  -35.254  -54.433  38.480 0.1000000015
108764  -36.365  -53.822  37.838 0.1000000015
18520  -36.137  -54.465  38.163 0.1000000015
19346  -36.978  -53.566  37.349 0.1000000015
9938  -43.145  -65.921  46.624 0.2000000030
9337  -42.988  -66.400  46.001 0.2000000030
10553  -42.733  -65.871  46.847 0.2000000030
11187  -41.621  -64.424  44.708 0.3000000119
108326  -39.722  -65.586  46.387 0.2000000030
10568  -41.075  -64.734  45.338 0.3000000119
11186  -40.607  -63.918  44.751 0.3000000119
12457  -35.886  -62.055  44.916 0.3000000119
11804  -38.777  -62.876  45.135 0.3000000119
14406  -33.774  -59.781  46.155 0.3000000119
13091  -34.931  -61.181  45.625 0.3000000119
13106  -36.260  -61.844  45.283 0.3000000119
12458  -36.882  -61.968  45.040 0.3000000119
11803  -37.738  -62.090  45.073 0.3000000119
108125  -33.583  -58.594  47.488 0.3000000119
14395  -33.387  -58.801  46.649 0.3000000119
13093  -36.758  -61.817  45.544 0.3000000119
12444  -37.447  -61.858  45.496 0.3000000119
11792  -37.973  -62.042  45.539 0.2000000030
11790  -38.331  -62.481  45.531 0.2000000030
15067  -33.868  -58.208  47.854 0.2000000030
15797  -34.277  -57.606  47.504 0.3000000119
15817  -34.836  -57.035  47.184 0.3000000119
105843  -34.677  -56.687  46.617 0.3000000119
16622  -34.090  -56.736  46.236 0.3000000119
16646  -34.800  -56.086  46.074 0.2000000030
17499  -34.374  -55.346  45.475 0.1000000015
117735  -35.636  -55.878  46.118 0.2000000030
114122  -35.300  -55.314  45.589 0.1000000015
18413  -35.834  -54.557  45.196 0.1000000015
19280  -36.927  -53.587  44.115 0.1000000015
19281  -37.867  -53.621  44.162 0.1000000015
19283  -39.994  -53.680  43.945 0.1000000015
19279  -36.040  -53.550  44.028 0.1000000015
19292  -36.605  -53.410  43.322 0.1000000015
19293  -37.531  -53.433  43.380 0.1000000015
19310  -39.893  -54.003  42.656 0.1000000015
19311  -40.802  -54.378  42.649 0.1000000015
17561  -42.598  -56.149  42.303 0.1000000015
19289  -34.148  -53.670  42.855 0.1000000015
19290  -34.891  -53.485  43.136 0.1000000015
18476  -37.650  -53.991  41.919 0.1000000015
18477  -38.530  -54.256  42.042 0.1000000015
113531  -41.069  -55.546  42.395 0.1000000015
120085  -41.125  -56.730  42.336 0.1000000015
18473  -32.746  -54.283  42.536 0.1000000015
18474  -33.520  -54.008  42.371 0.1000000015
18492  -32.107  -54.681  42.036 0.1000000015
17584  -31.357  -55.253  41.480 0.2000000030
17607  -31.852  -56.004  40.639 0.1000000015
16725  -30.506  -56.314  39.990 0.1000000015
16746  -31.184  -56.638  39.422 0.1000000015
15910  -31.856  -57.131  39.157 0.1000000015
16758  -30.970  -56.407  38.733 0.1000000015
17636  -31.306  -55.915  38.287 0.1000000015
17637  -32.110  -55.892  38.417 0.1000000015
104621  -33.400  -56.762  38.638 0.1000000015
17638  -32.981  -55.762  38.608 0.1000000015
17640  -34.849  -55.400  38.668 0.1000000015
17641  -35.780  -55.342  38.427 0.1000000015
10529  -36.211  -65.744  47.315 0.2000000030
10550  -38.831  -65.440  46.429 0.2000000030
10567  -40.254  -64.083  45.213 0.3000000119
11185  -39.650  -63.419  45.035 0.3000000119
10547  -35.881  -64.970  46.922 0.2000000030
10549  -37.857  -65.219  46.594 0.2000000030
11176  -38.539  -64.111  46.108 0.2000000030
11177  -39.472  -64.353  45.720 0.3000000119
13733  -34.169  -60.330  46.283 0.3000000119
13734  -34.946  -60.988  45.965 0.3000000119
13086  -35.548  -61.474  45.991 0.3000000119
13087  -36.325  -61.784  45.916 0.3000000119
13732  -33.623  -59.598  46.995 0.3000000119
13085  -34.718  -60.945  46.239 0.3000000119
12438  -35.452  -61.633  46.216 0.3000000119
12439  -37.094  -61.893  45.902 0.3000000119
15051  -34.209  -58.529  48.516 0.2000000030
15050  -33.562  -58.879  48.151 0.3000000119
12440  -37.619  -61.952  45.919 0.2000000030
107977  -38.350  -62.975  45.965 0.2000000030
15052  -35.146  -58.287  48.718 0.2000000030
15788  -34.593  -57.869  48.147 0.2000000030
15789  -35.672  -57.668  48.074 0.2000000030
112007  -34.961  -57.395  47.721 0.3000000119
16623  -35.472  -56.498  46.693 0.3000000119
15798  -35.621  -57.057  47.398 0.3000000119
16610  -36.338  -56.661  46.993 0.2000000030
16624  -36.890  -56.400  46.655 0.2000000030
17485  -36.992  -55.861  46.232 0.2000000030
17502  -37.798  -55.118  45.580 0.1000000015
18496  -35.570  -54.635  41.595 0.1000000015
112047  -37.218  -54.497  41.685 0.1000000015
18498  -37.995  -55.066  41.696 0.1000000015
17591  -39.535  -56.734  42.230 0.1000000015
18494  -33.844  -54.465  41.703 0.1000000015
119737  -35.030  -54.972  41.452 0.1000000015
17589  -36.274  -55.505  41.461 0.1000000015
119111  -37.751  -56.190  41.708 0.1000000015
17586  -33.274  -55.195  41.321 0.1000000015
17587  -34.398  -55.433  41.269 0.1000000015
16705  -35.071  -56.305  41.154 0.1000000015
16706  -36.013  -56.576  41.331 0.1000000015
16707  -36.952  -57.517  41.517 0.1000000015
17585  -32.335  -55.141  41.383 0.1000000015
16703  -33.462  -56.291  40.876 0.1000000015
116353  -34.232  -57.625  40.679 0.1000000015
16728  -33.487  -57.418  40.548 0.1000000015
16727  -32.611  -57.070  40.420 0.1000000015
113948  -32.024  -57.104  40.132 0.1000000015
15891  -32.381  -57.671  39.941 0.1000000015
15149  -33.448  -58.585  39.744 0.1000000015
16747  -31.942  -57.251  39.724 0.1000000015
15921  -32.365  -57.469  39.043 0.1000000015
16760  -32.492  -56.932  38.691 0.1000000015
106156  -34.402  -56.395  38.636 0.1000000015
10514  -33.509  -65.671  47.981 0.3000000119
11160  -34.818  -64.799  47.053 0.3000000119
118414  -35.691  -64.182  46.695 0.3000000119
11174  -36.583  -64.053  46.595 0.2000000030
11175  -37.660  -63.795  46.395 0.2000000030
11173  -35.006  -63.722  46.680 0.3000000119
109433  -37.197  -63.022  46.452 0.3000000119
11184  -38.834  -63.147  45.506 0.2000000030
13728  -33.237  -60.012  47.842 0.3000000119
12437  -34.195  -61.501  46.719 0.3000000119
101270  -34.600  -62.243  46.645 0.3000000119
108749  -36.263  -63.069  46.535 0.3000000119
15031  -34.702  -58.923  49.177 0.2000000030
13713  -33.120  -60.392  48.589 0.3000000119
15032  -35.712  -58.854  49.227 0.2000000030
15053  -36.224  -58.299  48.637 0.2000000030
15790  -36.686  -57.805  48.086 0.2000000030
15800  -37.529  -57.593  47.591 0.3000000119
16611  -37.171  -56.891  47.052 0.2000000030
103430  -33.655  -58.279  40.282 0.1000000015
15912  -32.838  -57.973  39.502 0.1000000015
15922  -33.069  -57.819  38.898 0.1000000015
10513  -32.897  -65.673  48.567 0.1000000015
108428  -32.472  -64.973  48.729 0.2000000030
11144  -32.925  -65.011  47.985 0.3000000119
11158  -33.211  -64.269  47.594 0.3000000119
11157  -32.901  -63.634  47.779 0.3000000119
12430  -33.159  -61.785  47.580 0.3000000119
11774  -32.998  -62.894  47.674 0.3000000119
14331  -33.549  -59.976  49.114 0.3000000119
13068  -32.870  -61.267  48.713 0.3000000119
13077  -32.798  -61.697  48.197 0.3000000119
13691  -34.970  -60.318  49.954 0.2000000030
14333  -36.280  -59.566  49.529 0.2000000030
14356  -36.740  -58.977  49.052 0.1000000015
15054  -37.362  -58.395  48.405 0.2000000030
13692  -37.797  -60.042  49.462 0.1000000015
15068  -38.279  -58.189  47.884 0.2000000030
101237  -38.254  -58.821  48.448 0.2000000030
11143  -32.621  -64.175  48.236 0.3000000119
11773  -32.660  -63.312  48.176 0.3000000119
12429  -32.734  -62.459  48.143 0.3000000119
13670  -34.726  -61.188  50.228 0.3000000119
105976  -35.918  -60.251  49.937 0.2000000030
108163  -37.150  -60.930  50.292 0.1000000015
13693  -38.644  -60.435  49.702 0.1000000015
14335  -38.484  -59.718  49.096 0.1000000015
14358  -38.956  -59.241  48.584 0.1000000015
12402  -32.707  -63.006  49.693 0.3000000119
12387  -32.858  -62.954  50.523 0.2000000030
12416  -32.623  -62.967  48.811 0.3000000119
13067  -32.737  -62.121  48.740 0.3000000119
13049  -32.821  -62.493  49.370 0.3000000119
13051  -33.850  -61.423  49.976 0.3000000119
13050  -33.206  -61.848  49.524 0.3000000119
117796  -36.125  -61.416  50.594 0.2000000030
13028  -35.422  -61.795  50.695 0.2000000030
13011  -38.009  -61.754  51.387 0.1000000015
13010  -37.077  -61.821  51.247 0.1000000015
12372  -38.418  -62.277  51.988 0.1000000015
13031  -38.599  -61.387  50.749 0.1000000015
13674  -38.372  -60.984  50.291 0.1000000015
13675  -39.131  -61.000  50.235 0.1000000015
13694  -39.618  -60.574  49.670 0.1000000015
117614  -33.496  -62.599  50.637 0.2000000030
12388  -34.151  -62.496  50.849 0.2000000030
13026  -33.720  -62.196  50.300 0.2000000030
13027  -34.488  -61.999  50.515 0.2000000030
12370  -36.406  -62.349  51.650 0.1000000015
13009  -36.244  -61.849  51.034 0.2000000030
12371  -37.378  -62.392  51.980 0.1000000015
13012  -38.981  -61.791  51.408 0.1000000015
13032  -39.521  -61.473  50.751 0.1000000015
115872  -40.438  -61.646  50.728 0.1000000015
13052  -40.084  -61.136  50.182 0.1000000015
12353  -39.892  -62.857  52.628 0.1000000015
12373  -39.440  -62.357  52.003 0.1000000015
106837  -40.621  -62.694  52.124 0.1000000015
12374  -41.084  -62.306  51.278 0.1000000015
11720  -40.512  -63.425  53.170 0.1000000015
11721  -41.442  -63.524  52.869 0.1000000015
8778  -37.241  -68.625  39.436 0.4000000060
116332  -36.048  -67.607  40.166 0.5000000000
9408  -37.777  -68.113  39.962 0.4000000060
9406  -35.616  -67.843  39.556 0.5000000000
9407  -36.593  -68.065  39.853 0.6000000238
8780  -39.764  -68.451  39.020 0.5000000000
9400  -39.534  -67.582  40.213 0.4000000060
118733  -38.689  -72.618  37.705 0.5000000000
9410  -40.216  -67.885  39.464 0.4000000060
8790  -37.820  -69.327  38.722 0.5000000000
8219  -40.914  -69.622  37.661 0.5000000000
8791  -39.097  -69.351  38.582 0.6000000238
7581  -39.749  -70.827  36.621 0.5000000000
6339  -38.552  -72.160  36.482 0.3000000119
6337  -36.566  -72.876  36.379 0.5000000000
8205  -40.807  -69.458  37.722 0.5000000000
5758  -37.719  -73.738  38.932 0.5000000000
7571  -40.343  -70.323  37.212 0.5000000000
10026  -34.402  -66.753  39.491 0.4000000060
6926  -38.683  -71.487  35.811 0.4000000060
7603  -38.145  -70.603  34.216 0.5000000000
8850  -38.229  -69.041  33.353 0.4000000060
8253  -37.526  -69.766  33.059 0.4000000060
10069  -37.699  -66.715  33.439 0.3000000119
10062  -37.295  -67.106  34.032 0.4000000060
7526  -39.263  -70.129  41.068 0.2000000030
10006  -38.486  -66.946  41.596 0.5000000000
9409  -39.040  -68.069  39.775 0.4000000060
10631  -33.274  -65.744  39.339 0.3000000119
9416  -35.254  -68.165  38.698 0.4000000060
107570  -36.382  -69.184  38.315 0.6000000238
12478  -31.264  -62.826  41.670 0.3000000119
11836  -32.060  -64.151  39.741 0.4000000060
100504  -32.945  -65.169  39.564 0.4000000060
10030  -34.166  -67.097  38.646 0.5000000000
8808  -36.320  -69.258  37.487 0.6000000238
8216  -37.969  -70.137  37.088 0.6000000238
8792  -40.471  -68.986  38.220 0.6000000238
7570  -39.875  -70.609  36.824 0.5000000000
6927  -39.222  -71.436  36.415 0.5000000000
10649  -32.840  -66.260  37.513 0.4000000060
103015  -33.505  -66.782  37.943 0.4000000060
9428  -34.529  -67.754  37.259 0.5000000000
8217  -39.357  -70.457  36.800 0.5000000000
7592  -38.645  -70.815  35.466 0.5000000000
7580  -39.306  -70.847  36.252 0.5000000000
11242  -32.034  -65.066  38.458 0.4000000060
11835  -31.352  -63.713  39.351 0.4000000060
10044  -33.907  -67.217  37.028 0.5000000000
8825  -36.017  -68.792  36.657 0.5000000000
8827  -37.078  -69.228  35.826 0.4000000060
8826  -36.719  -69.341  36.637 0.5000000000
11241  -31.420  -64.556  37.950 0.4000000060
11847  -31.096  -63.865  38.440 0.3000000119
10042  -32.833  -66.221  36.678 0.5000000000
9435  -34.570  -67.416  36.333 0.5000000000
9439  -35.380  -67.514  35.727 0.5000000000
8840  -37.518  -68.806  34.948 0.4000000060
8244  -38.170  -69.642  34.697 0.5000000000
9440  -36.200  -67.518  35.162 0.4000000060
9441  -36.848  -67.990  34.931 0.4000000060
9444  -36.792  -67.349  34.568 0.4000000060
10659  -34.294  -65.822  35.165 0.4000000060
10658  -33.377  -65.663  35.515 0.4000000060
10053  -34.785  -66.659  35.452 0.4000000060
10061  -36.723  -66.783  34.329 0.4000000060
10018  -38.953  -67.234  40.948 0.4000000060
8809  -41.197  -69.207  37.934 0.5000000000
12465  -33.251  -62.941  44.203 0.5000000000
8781  -40.999  -68.217  38.700 0.5000000000
13100  -30.746  -60.947  44.278 0.3000000119
14417  -29.955  -59.560  43.901 0.2000000030
12484  -30.569  -62.403  40.295 0.4000000060
13769  -29.585  -60.192  42.250 0.3000000119
13131  -29.654  -61.232  40.278 0.3000000119
13137  -29.472  -61.236  39.351 0.3000000119
12510  -30.277  -62.598  38.537 0.3000000119
11249  -31.344  -64.556  36.909 0.3000000119
11854  -30.961  -63.891  37.485 0.3000000119
10657  -32.642  -65.245  35.697 0.3000000119
11853  -30.568  -63.198  37.087 0.3000000119
12509  -29.896  -62.084  38.257 0.2000000030
11859  -31.039  -63.756  36.582 0.3000000119
11260  -32.323  -64.561  35.544 0.3000000119
12527  -31.164  -62.763  35.773 0.2000000030
11267  -33.825  -64.209  34.580 0.3000000119
105453  -34.700  -65.303  34.687 0.4000000060
10668  -35.183  -64.924  34.227 0.4000000060
11877  -33.381  -63.324  34.404 0.2000000030
117630  -34.768  -63.654  33.526 0.2000000030
13207  -32.106  -62.163  34.893 0.2000000030
12537  -33.107  -62.635  34.260 0.2000000030
14541  -32.545  -59.240  34.046 0.1000000015
15987  -30.745  -57.491  34.988 0.1000000015
10606  -37.668  -65.772  43.451 0.4000000060
10592  -37.270  -65.195  43.871 0.4000000060
10608  -39.483  -65.877  42.852 0.5000000000
10020  -41.295  -66.978  40.500 0.4000000060
9401  -40.638  -67.413  39.956 0.5000000000
11811  -34.415  -63.795  44.078 0.5000000000
13102  -32.590  -61.461  44.904 0.4000000060
14409  -31.042  -59.579  45.189 0.3000000119
15115  -30.941  -58.681  45.185 0.2000000030
15119  -29.883  -58.651  44.001 0.2000000030
16663  -30.693  -56.495  44.268 0.1000000015
15836  -31.642  -57.188  45.294 0.1000000015
14434  -29.138  -59.661  41.612 0.2000000030
15859  -29.328  -57.350  42.632 0.2000000030
13778  -28.826  -60.006  40.164 0.2000000030
14447  -28.488  -59.290  39.943 0.2000000030
13793  -29.168  -60.748  38.604 0.2000000030
13784  -28.997  -60.429  39.357 0.2000000030
13188  -29.773  -61.311  37.056 0.2000000030
15159  -28.351  -58.599  40.063 0.2000000030
13811  -28.960  -60.286  38.099 0.1000000015
12526  -30.734  -62.283  35.999 0.2000000030
102247  -28.425  -58.950  38.378 0.1000000015
14466  -29.058  -59.963  37.421 0.1000000015
101825  -29.496  -59.955  36.600 0.1000000015
100846  -30.826  -61.354  35.670 0.2000000030
116861  -28.651  -57.947  37.354 0.1000000015
14482  -30.118  -59.919  35.879 0.1000000015
13855  -30.619  -60.527  35.633 0.1000000015
14502  -30.858  -59.895  35.226 0.1000000015
13223  -32.894  -60.922  33.813 0.1000000015
15974  -29.438  -57.579  36.109 0.1000000015
14521  -31.271  -59.261  34.797 0.1000000015
13873  -32.119  -59.988  34.322 0.1000000015
15975  -30.070  -57.522  35.479 0.1000000015
107850  -30.397  -56.896  35.338 0.1000000015
16811  -30.946  -55.754  35.404 0.1000000015
9382  -42.873  -67.061  42.948 0.3000000119
8749  -42.883  -67.309  41.917 0.3000000119
11200  -42.061  -64.387  44.220 0.3000000119
9972  -43.302  -65.557  43.719 0.3000000119
11211  -41.580  -64.233  43.864 0.3000000119
10596  -41.984  -64.713  43.326 0.3000000119
9369  -43.312  -66.031  42.649 0.3000000119
9996  -43.063  -66.316  42.106 0.3000000119
10008  -41.968  -66.527  41.270 0.3000000119
10609  -41.369  -65.197  42.884 0.3000000119
10595  -40.437  -64.107  43.804 0.3000000119
10594  -39.484  -64.685  43.681 0.3000000119
10620  -41.600  -65.978  42.119 0.3000000119
11207  -36.848  -64.423  44.174 0.4000000060
11208  -37.996  -63.729  44.295 0.4000000060
11209  -39.075  -63.661  44.283 0.4000000060
13753  -33.266  -60.767  45.296 0.4000000060
15107  -32.295  -58.453  45.646 0.3000000119
15815  -33.482  -57.431  46.243 0.3000000119
16643  -32.200  -56.332  45.241 0.2000000030
17522  -33.053  -54.761  44.744 0.1000000015
16679  -31.052  -55.784  44.015 0.1000000015
17541  -31.310  -55.164  43.284 0.1000000015
15875  -28.998  -56.963  41.699 0.2000000030
18472  -32.010  -54.605  42.783 0.1000000015
100014  -30.647  -55.320  41.965 0.2000000030
16722  -28.907  -56.720  40.934 0.1000000015
115829  -28.597  -57.026  40.426 0.1000000015
106637  -28.356  -58.241  38.771 0.1000000015
16755  -28.710  -56.882  38.899 0.1000000015
15937  -29.042  -56.858  37.244 0.1000000015
16774  -29.431  -56.313  37.695 0.1000000015
16788  -29.620  -56.171  36.826 0.1000000015
16789  -29.945  -55.998  36.156 0.1000000015
17668  -30.261  -55.523  36.660 0.1000000015
18515  -31.774  -55.007  38.015 0.1000000015
9952  -43.272  -65.784  45.350 0.2000000030
11188  -42.605  -64.909  44.899 0.2000000030
9367  -42.556  -67.037  44.201 0.2000000030
106830  -40.190  -63.735  44.499 0.3000000119
13105  -35.459  -61.676  45.236 0.3000000119
110825  -36.197  -62.762  44.627 0.4000000060
16645  -33.905  -56.142  45.779 0.1000000015
104196  -34.240  -54.114  44.484 0.1000000015
18439  -35.497  -53.921  44.581 0.1000000015
18438  -34.782  -53.865  44.376 0.1000000015
18437  -33.537  -54.152  44.221 0.1000000015
18460  -33.313  -53.946  43.265 0.1000000015
19278  -35.178  -53.552  43.882 0.1000000015
112227  -28.969  -56.562  40.248 0.1000000015
16724  -29.714  -56.184  40.134 0.1000000015
16726  -31.330  -56.618  40.038 0.1000000015
10570  -43.014  -65.704  45.977 0.2000000030
10533  -40.858  -66.108  47.123 0.2000000030
10552  -41.667  -65.607  46.405 0.2000000030
10569  -42.176  -65.264  45.632 0.3000000119
10551  -40.395  -65.242  45.876 0.2000000030
13743  -34.386  -60.486  45.881 0.3000000119
13092  -35.824  -61.662  45.677 0.3000000119
14377  -33.441  -59.180  47.681 0.3000000119
17484  -36.275  -56.117  46.423 0.2000000030
17500  -36.281  -55.403  45.760 0.1000000015
18414  -36.738  -54.564  45.254 0.1000000015
18440  -36.374  -53.944  44.708 0.1000000015
18441  -37.259  -53.971  44.738 0.1000000015
19282  -38.897  -53.690  44.234 0.1000000015
19294  -38.481  -53.497  43.384 0.1000000015
19296  -40.438  -53.779  43.122 0.1000000015
19295  -39.463  -53.598  43.284 0.1000000015
19291  -35.731  -53.431  43.254 0.1000000015
19307  -37.164  -53.547  42.535 0.1000000015
19309  -38.978  -53.769  42.628 0.1000000015
19308  -38.074  -53.613  42.554 0.1000000015
18478  -39.373  -54.512  42.238 0.1000000015
18480  -41.840  -54.964  42.624 0.1000000015
19304  -34.777  -53.666  42.505 0.1000000015
19306  -36.283  -53.546  42.538 0.1000000015
19318  -35.961  -53.902  41.937 0.1000000015
18499  -38.965  -55.332  41.936 0.1000000015
18500  -39.705  -55.472  42.158 0.1000000015
112893  -41.796  -56.822  42.224 0.1000000015
18493  -32.928  -54.454  41.865 0.1000000015
19317  -35.138  -53.936  41.976 0.1000000015
17608  -32.703  -55.907  40.892 0.1000000015
16759  -31.799  -56.774  38.762 0.1000000015
108124  -35.272  -65.642  47.405 0.2000000030
10548  -36.857  -65.028  46.779 0.2000000030
100578  -36.414  -62.075  46.193 0.3000000119
13084  -33.654  -60.580  47.076 0.3000000119
11787  -35.366  -62.593  46.518 0.3000000119
11788  -37.196  -62.271  46.212 0.3000000119
14355  -33.840  -59.234  48.824 0.3000000119
14354  -33.394  -59.609  48.373 0.3000000119
15799  -36.532  -57.263  47.521 0.3000000119
17501  -37.174  -55.228  45.665 0.1000000015
17486  -37.717  -55.687  46.006 0.2000000030
18415  -37.544  -54.556  45.244 0.1000000015
18497  -36.486  -54.562  41.636 0.1000000015
109291  -37.131  -55.335  41.558 0.1000000015
16688  -40.154  -57.945  42.327 0.1000000015
17588  -35.400  -55.542  41.356 0.1000000015
105659  -37.028  -56.454  41.563 0.1000000015
16704  -34.312  -56.730  40.917 0.1000000015
15892  -32.929  -58.005  40.119 0.1000000015
10527  -33.738  -64.954  47.492 0.3000000119
10528  -34.340  -65.610  47.605 0.3000000119
11159  -34.013  -64.131  47.003 0.3000000119
11172  -34.274  -63.190  46.775 0.3000000119
13078  -32.933  -60.922  47.980 0.3000000119
11786  -33.665  -62.540  47.060 0.3000000119
105595  -34.314  -59.697  49.445 0.3000000119
14332  -35.305  -59.543  49.616 0.2000000030
16612  -37.993  -57.072  46.986 0.2000000030
16626  -38.357  -56.690  46.595 0.2000000030
9897  -32.912  -66.178  49.142 0.1000000015
11132  -32.301  -64.231  49.073 0.2000000030
11775  -33.448  -63.481  47.274 0.3000000119
13690  -34.058  -60.536  49.718 0.3000000119
13689  -33.371  -60.838  49.316 0.3000000119
14357  -37.749  -59.297  48.921 0.1000000015
14334  -37.097  -59.648  49.338 0.1000000015
118927  -38.365  -59.295  48.748 0.2000000030
11752  -32.424  -63.596  49.358 0.3000000119
11760  -32.496  -63.665  48.704 0.3000000119
13671  -35.611  -60.995  50.275 0.2000000030
13672  -36.430  -60.883  50.266 0.2000000030
103996  -36.921  -60.308  49.804 0.1000000015
13673  -37.778  -60.684  50.028 0.1000000015
13030  -37.685  -61.314  50.639 0.1000000015
13029  -36.799  -61.403  50.665 0.1000000015
12403  -33.203  -62.564  50.008 0.3000000119
12389  -34.898  -62.358  51.014 0.2000000030
13013  -39.999  -61.974  51.393 0.1000000015
119326  -40.589  -63.134  52.659 0.1000000015
102064  -36.052  -73.519  36.734 0.3000000119
5220  -34.731  -74.814  37.405 0.3000000119
5251  -35.439  -74.151  37.078 0.3000000119
3761  -31.511  -78.619  35.667 0.2000000030
2893  -30.867  -79.256  34.718 0.2000000030
4696  -34.513  -75.570  37.858 0.4000000060
4694  -32.806  -76.174  37.175 0.3000000119
120168  -35.287  -73.404  36.568 0.4000000060
4721  -33.112  -75.362  36.974 0.3000000119
117981  -32.154  -77.522  36.822 0.3000000119
6336  -35.624  -72.879  36.282 0.4000000060
5250  -33.620  -74.580  36.811 0.4000000060
4244  -32.312  -76.717  36.558 0.3000000119
111424  -32.008  -78.288  34.621 0.2000000030
6335  -34.735  -72.943  36.212 0.4000000060
5788  -34.591  -73.592  36.544 0.4000000060
4720  -32.518  -75.813  36.331 0.4000000060
6365  -36.143  -72.329  35.817 0.4000000060
6946  -36.774  -71.784  35.229 0.4000000060
5249  -32.765  -74.931  36.194 0.4000000060
4255  -32.251  -76.531  35.653 0.3000000119
6364  -35.096  -72.360  35.825 0.4000000060
5265  -33.152  -74.255  36.092 0.4000000060
4731  -32.545  -75.516  35.373 0.3000000119
4270  -32.382  -77.340  34.798 0.4000000060
6966  -36.224  -71.204  34.839 0.4000000060
5806  -33.140  -73.647  35.636 0.4000000060
4737  -32.826  -75.791  34.634 0.3000000119
6944  -34.489  -71.804  35.420 0.4000000060
6362  -33.306  -72.821  35.435 0.4000000060
5805  -32.651  -73.884  34.872 0.4000000060
7601  -36.847  -70.822  34.082 0.4000000060
6361  -32.785  -73.190  35.097 0.4000000060
5810  -32.680  -73.918  34.142 0.3000000119
7613  -37.262  -70.383  33.489 0.4000000060
6964  -33.856  -71.252  34.924 0.4000000060
6943  -33.495  -72.043  35.188 0.4000000060
108940  -32.608  -73.281  34.544 0.4000000060
7599  -34.363  -70.568  34.590 0.4000000060
7610  -33.728  -70.114  34.070 0.4000000060
6963  -32.962  -71.596  34.500 0.4000000060
6380  -32.777  -72.516  34.713 0.4000000060
5813  -32.775  -73.404  33.344 0.3000000119
7612  -36.263  -70.237  33.735 0.4000000060
7609  -32.843  -70.364  33.661 0.4000000060
6978  -32.471  -71.985  33.885 0.4000000060
6385  -32.519  -72.901  33.915 0.3000000119
5814  -33.297  -74.524  33.493 0.2000000030
7611  -34.985  -70.030  34.071 0.4000000060
8251  -35.533  -69.601  33.443 0.4000000060
8250  -34.253  -69.553  33.638 0.4000000060
8248  -32.590  -69.781  32.969 0.4000000060
7608  -32.415  -70.701  33.140 0.4000000060
6403  -32.577  -72.002  32.208 0.2000000030
5827  -34.107  -73.632  31.930 0.3000000119
8266  -37.799  -69.172  32.525 0.3000000119
8265  -37.042  -69.348  32.512 0.3000000119
8264  -36.012  -69.129  32.840 0.3000000119
7625  -32.317  -70.343  32.325 0.3000000119
6996  -32.807  -71.797  31.340 0.2000000030
6988  -32.358  -71.303  32.672 0.2000000030
6404  -33.384  -72.693  31.637 0.2000000030
5828  -34.983  -74.009  31.478 0.2000000030
8267  -38.196  -68.677  32.621 0.3000000119
8871  -37.434  -68.788  32.061 0.3000000119
8262  -33.463  -69.197  33.108 0.4000000060
103001  -32.347  -70.455  31.619 0.1000000015
9455  -38.476  -67.858  32.244 0.3000000119
8887  -37.129  -68.299  31.661 0.3000000119
8886  -35.330  -67.842  32.029 0.2000000030
8883  -32.641  -68.783  31.801 0.2000000030
6411  -33.674  -72.405  30.829 0.1000000015
5835  -35.006  -73.631  30.755 0.2000000030
9470  -35.680  -67.316  31.559 0.2000000030
9469  -34.559  -67.303  31.520 0.2000000030
8900  -32.899  -68.026  30.830 0.1000000015
7640  -32.449  -70.173  30.957 0.1000000015
7003  -33.181  -71.550  30.528 0.1000000015
6412  -34.515  -72.931  30.451 0.1000000015
10070  -38.407  -67.190  32.752 0.2000000030
8889  -38.158  -68.110  31.528 0.3000000119
9472  -37.721  -67.883  31.255 0.3000000119
11278  -36.781  -65.170  33.307 0.2000000030
107184  -38.686  -66.540  32.142 0.1000000015
114732  -38.683  -67.197  32.012 0.3000000119
9489  -38.079  -67.348  30.784 0.2000000030
9487  -34.090  -66.908  30.832 0.1000000015
8294  -32.657  -69.179  30.126 0.1000000015
7011  -33.673  -71.244  29.738 0.1000000015
7004  -34.033  -72.132  30.056 0.1000000015
10684  -37.637  -65.347  32.801 0.2000000030
10078  -38.874  -66.769  31.463 0.2000000030
9490  -38.674  -67.048  30.831 0.2000000030
10107  -36.817  -66.423  30.610 0.1000000015
10093  -35.077  -66.679  31.080 0.1000000015
9486  -33.438  -67.396  30.481 0.1000000015
9501  -33.518  -67.401  29.643 0.1000000015
7649  -33.367  -70.342  29.567 0.1000000015
7012  -34.621  -71.816  29.278 0.1000000015
100711  -35.109  -72.892  28.763 0.1000000015
10095  -39.203  -66.241  30.920 0.1000000015
10108  -38.358  -66.670  30.483 0.2000000030
10708  -37.616  -66.014  30.147 0.1000000015
10122  -35.121  -65.927  29.981 0.1000000015
112989  -34.036  -66.853  29.168 0.1000000015
8307  -33.851  -69.881  28.921 0.1000000015
7658  -34.676  -70.316  28.456 0.1000000015
7013  -35.218  -71.996  28.620 0.1000000015
5857  -34.978  -73.588  28.661 0.1000000015
10726  -35.861  -65.624  29.833 0.1000000015
9511  -34.454  -67.108  28.378 0.1000000015
102953  -34.537  -67.846  28.120 0.1000000015
7027  -35.516  -71.336  27.949 0.1000000015
6437  -35.454  -72.165  27.882 0.1000000015
8930  -35.071  -68.421  27.621 0.1000000015
15069  -39.154  -58.137  47.576 0.2000000030
11277  -36.223  -64.543  33.231 0.2000000030
10685  -38.576  -65.598  32.117 0.1000000015
10695  -39.241  -65.491  31.239 0.1000000015
10123  -38.710  -66.123  30.106 0.1000000015
10696  -39.449  -65.395  30.416 0.1000000015
10728  -38.438  -65.375  29.487 0.1000000015
10740  -35.940  -65.184  29.052 0.1000000015
7026  -34.995  -71.155  28.547 0.1000000015
8922  -34.372  -68.572  28.246 0.1000000015
10137  -35.331  -65.750  28.201 0.1000000015
115819  -33.875  -75.184  37.402 0.3000000119
99984  -34.456  -74.192  36.869 0.4000000060
112922  -31.826  -77.557  35.873 0.3000000119
5807  -33.899  -73.183  36.039 0.4000000060
106946  -32.551  -76.461  34.907 0.3000000119
6945  -35.628  -71.748  35.400 0.4000000060
5264  -32.716  -74.486  35.430 0.4000000060
5268  -32.694  -74.740  34.718 0.3000000119
6965  -35.025  -71.113  35.052 0.4000000060
8249  -33.251  -69.765  33.556 0.4000000060
6393  -32.474  -72.279  33.121 0.2000000030
6394  -32.977  -73.035  32.476 0.2000000030
8869  -35.076  -68.448  32.532 0.3000000119
8867  -32.848  -68.971  32.456 0.2000000030
6405  -34.368  -73.244  31.173 0.2000000030
8872  -38.032  -68.614  32.002 0.3000000119
8870  -36.416  -68.583  32.207 0.3000000119
7632  -32.358  -69.790  31.613 0.2000000030
7002  -32.546  -70.972  31.097 0.1000000015
8868  -33.781  -68.560  32.572 0.4000000060
112613  -36.317  -67.955  31.800 0.2000000030
8884  -33.184  -68.310  31.944 0.2000000030
8899  -32.579  -68.648  31.168 0.1000000015
6413  -34.936  -73.326  30.157 0.1000000015
8911  -32.682  -68.580  30.471 0.1000000015
7641  -32.888  -70.707  30.275 0.1000000015
110237  -38.266  -67.633  31.104 0.3000000119
10105  -34.671  -66.370  30.369 0.1000000015
8912  -32.973  -68.659  29.688 0.1000000015
7650  -34.217  -70.801  29.071 0.1000000015
102029  -34.956  -72.574  29.185 0.1000000015
11285  -37.954  -64.741  32.284 0.1000000015
10109  -38.948  -66.376  30.430 0.1000000015
10106  -35.704  -66.174  30.496 0.1000000015
10104  -33.910  -66.742  30.021 0.1000000015
8921  -33.595  -68.831  28.895 0.1000000015
10136  -34.671  -66.358  28.757 0.1000000015
103317  -35.191  -72.948  27.708 0.1000000015
10741  -36.663  -64.777  28.838 0.1000000015
10730  -39.503  -65.142  29.813 0.1000000015
4663  -36.925  -75.253  40.372 0.3000000119
4662  -36.493  -75.855  40.034 0.2000000030
4195  -35.623  -77.256  40.628 0.3000000119
4661  -36.031  -76.316  39.757 0.2000000030
6898  -39.267  -71.722  39.721 0.4000000060
5748  -37.795  -73.738  39.842 0.2000000030
6300  -38.818  -72.315  39.380 0.4000000060
5195  -36.783  -75.110  39.453 0.3000000119
4194  -35.027  -77.665  40.123 0.2000000030
111250  -38.771  -72.500  38.697 0.4000000060
4674  -36.422  -75.435  39.017 0.2000000030
4207  -34.722  -76.946  39.051 0.2000000030
3705  -33.486  -78.758  40.321 0.1000000015
3721  -34.236  -77.964  39.568 0.2000000030
3266  -32.578  -79.164  39.753 0.1000000015
5222  -36.495  -74.781  38.344 0.3000000119
3256  -32.624  -79.111  41.078 0.1000000015
4206  -33.890  -77.338  38.561 0.2000000030
113054  -31.416  -79.365  39.954 0.1000000015
2822  -31.657  -79.478  39.609 0.1000000015
3277  -32.092  -79.365  38.803 0.1000000015
2833  -29.564  -79.697  38.717 0.1000000015
112199  -30.317  -79.701  39.070 0.1000000015
2848  -31.349  -79.581  38.515 0.1000000015
2846  -29.235  -79.783  38.280 0.1000000015
2847  -30.009  -79.808  38.399 0.1000000015
5770  -37.665  -73.678  38.025 0.3000000119
4672  -35.212  -75.982  38.539 0.2000000030
3737  -33.099  -77.696  38.059 0.2000000030
3720  -33.445  -78.374  39.016 0.2000000030
3719  -32.644  -78.677  38.439 0.2000000030
2859  -29.742  -79.744  37.631 0.1000000015
2857  -28.208  -79.544  37.684 0.1000000015
5223  -36.924  -74.146  37.762 0.2000000030
4229  -34.225  -76.371  38.211 0.2000000030
106020  -32.410  -78.089  37.503 0.2000000030
2860  -30.791  -79.439  36.740 0.1000000015
2876  -28.525  -79.323  36.690 0.1000000015
105084  -29.613  -79.528  36.636 0.1000000015
5221  -35.584  -74.839  37.719 0.3000000119
4228  -33.347  -76.697  37.805 0.3000000119
6321  -38.265  -72.902  37.349 0.2000000030
3748  -31.801  -78.339  36.717 0.2000000030
3289  -31.432  -78.941  36.632 0.1000000015
2877  -29.458  -79.289  35.625 0.1000000015
2878  -30.335  -79.440  35.595 0.1000000015
2894  -31.159  -79.123  34.922 0.1000000015
3323  -28.778  -78.601  34.434 0.1000000015
114595  -36.319  -74.018  37.272 0.2000000030
3309  -31.519  -78.833  34.738 0.1000000015
3336  -29.132  -78.359  33.719 0.1000000015
115595  -30.491  -79.147  34.258 0.1000000015
5789  -36.872  -73.519  36.980 0.2000000030
3327  -32.117  -78.570  33.991 0.1000000015
3325  -31.073  -79.034  33.937 0.1000000015
3786  -32.519  -78.124  33.453 0.1000000015
3794  -27.992  -77.089  33.032 0.1000000015
3783  -29.426  -77.993  33.183 0.1000000015
3337  -30.172  -78.663  33.627 0.1000000015
3339  -31.830  -78.523  33.594 0.1000000015
4738  -33.341  -76.967  34.112 0.3000000119
3797  -30.837  -77.667  32.805 0.1000000015
5206  -37.046  -74.520  38.691 0.2000000030
101321  -35.285  -75.284  37.984 0.3000000119
2879  -30.802  -79.329  35.642 0.1000000015
2892  -30.133  -79.327  34.821 0.1000000015
4673  -35.882  -75.921  38.972 0.2000000030
4697  -35.931  -75.264  38.342 0.3000000119
103127  -31.208  -79.301  37.223 0.1000000015
3335  -28.226  -78.108  33.917 0.1000000015
3782  -28.537  -77.739  33.329 0.1000000015
3338  -30.995  -78.484  33.305 0.1000000015
3781  -27.651  -77.566  33.542 0.1000000015
3784  -30.218  -78.143  33.077 0.1000000015
3774  -32.825  -77.834  33.807 0.2000000030
4306  -32.615  -76.123  31.716 0.1000000015
4307  -33.647  -76.388  31.822 0.2000000030
4796  -31.985  -75.378  30.404 0.1000000015
4283  -34.224  -76.903  33.047 0.2000000030
4298  -33.968  -76.901  32.556 0.2000000030
104818  -32.918  -75.609  31.025 0.2000000030
4308  -34.486  -76.342  32.053 0.1000000015
4781  -34.022  -75.839  31.219 0.2000000030
4782  -34.864  -75.761  31.677 0.1000000015
4271  -33.666  -77.238  33.436 0.2000000030
113921  -34.601  -76.519  32.658 0.1000000015
4797  -33.401  -75.571  30.399 0.1000000015
4798  -34.477  -75.491  30.633 0.1000000015
4746  -33.626  -76.173  33.961 0.2000000030
4747  -34.199  -76.631  33.459 0.2000000030
4299  -35.053  -76.084  32.428 0.1000000015
4799  -35.119  -75.199  31.327 0.1000000015
4284  -34.918  -76.219  33.011 0.1000000015
4783  -35.230  -75.462  32.165 0.1000000015
5271  -32.991  -75.074  34.143 0.2000000030
5272  -34.379  -75.653  33.444 0.2000000030
5285  -34.776  -74.922  33.061 0.2000000030
5302  -35.197  -74.710  31.739 0.1000000015
5286  -35.248  -75.121  32.651 0.1000000015
5820  -34.841  -74.477  32.298 0.1000000015
5319  -35.209  -74.639  30.899 0.1000000015
3787  -33.348  -77.604  33.070 0.1000000015
4297  -33.168  -77.182  32.423 0.1000000015
5741  -38.255  -73.126  40.051 0.2000000030
4196  -36.115  -76.790  40.989 0.1000000015
9368  -43.199  -66.404  43.704 0.2000000030
8732  -41.007  -68.232  43.302 0.1000000015
9921  -36.563  -66.349  47.829 0.1000000015
9926  -42.064  -66.428  47.720 0.1000000015
9322  -42.266  -66.563  47.630 0.1000000015
10532  -39.540  -66.201  47.177 0.1000000015
115832  -42.844  -66.019  47.465 0.1000000015
9901  -36.090  -66.726  48.388 0.2000000030
9905  -40.983  -66.846  49.082 0.1000000015
9920  -35.663  -66.274  47.793 0.2000000030
10530  -37.196  -65.945  47.238 0.1000000015
9922  -37.566  -66.521  48.052 0.1000000015
9923  -39.460  -66.485  48.181 0.1000000015
9924  -40.551  -66.497  48.334 0.1000000015
9906  -41.500  -66.809  48.483 0.1000000015
6292  -38.493  -72.474  40.264 0.2000000030
10534  -42.188  -66.134  47.476 0.1000000015
10531  -38.388  -66.249  47.337 0.1000000015
10515  -34.088  -66.125  48.035 0.2000000030
8733  -41.784  -67.638  43.654 0.1000000015
8688  -41.735  -67.307  47.809 0.1000000015
9313  -41.692  -66.823  48.325 0.1000000015
9902  -37.764  -66.902  48.994 0.1000000015
6291  -37.879  -73.313  41.046 0.1000000015
108325  -37.441  -74.502  40.692 0.1000000015
12367  -33.466  -62.657  51.189 0.1000000015
11742  -32.202  -63.546  50.677 0.1000000015
11120  -32.036  -64.082  49.962 0.1000000015
10491  -31.987  -65.651  50.068 0.1000000015
108760  -32.457  -63.438  50.022 0.1000000015
12348  -32.716  -62.344  51.805 0.1000000015
12366  -32.494  -62.995  51.200 0.1000000015
11731  -31.807  -63.488  51.439 0.1000000015
11111  -31.560  -64.820  51.231 0.1000000015
11741  -31.756  -64.161  50.898 0.1000000015
110434  -31.763  -64.843  50.392 0.1000000015
9869  -32.114  -66.419  50.768 0.1000000015
11718  -31.485  -63.242  52.200 0.1000000015
12347  -31.922  -62.668  51.901 0.1000000015
12349  -33.758  -62.318  51.927 0.1000000015
106433  -31.374  -64.900  51.933 0.1000000015
12368  -34.384  -62.492  51.434 0.1000000015
111414  -35.048  -62.475  51.602 0.1000000015
12976  -32.312  -61.337  53.324 0.1000000015
12992  -32.023  -61.936  52.598 0.1000000015
99483  -31.618  -62.573  52.546 0.1000000015
12993  -32.953  -61.665  52.523 0.1000000015
12994  -34.024  -61.817  52.689 0.1000000015
12350  -34.656  -62.460  52.125 0.1000000015
12369  -35.615  -62.295  51.333 0.1000000015
15801  -38.477  -57.614  47.322 0.1000000015
15818  -38.741  -57.152  46.835 0.1000000015
16628  -39.980  -56.748  46.331 0.1000000015
12332  -35.010  -62.196  52.890 0.1000000015
115953  -35.593  -62.580  52.151 0.1000000015
15055  -38.858  -58.592  48.143 0.1000000015
16625  -37.637  -56.414  46.542 0.1000000015
17487  -38.365  -56.083  46.201 0.1000000015
15070  -40.027  -58.429  47.478 0.1000000015
17505  -40.394  -55.305  45.655 0.1000000015
17504  -39.056  -55.736  45.836 0.1000000015
17488  -39.812  -56.036  45.895 0.1000000015
12975  -31.737  -61.624  53.427 0.1000000015
12331  -31.447  -62.234  53.196 0.1000000015
17503  -38.364  -55.383  45.696 0.1000000015
10503  -32.458  -65.629  49.306 0.1000000015
10502  -32.062  -64.895  49.552 0.1000000015
16627  -39.105  -56.542  46.347 0.1000000015
9877  -32.532  -66.329  49.821 0.1000000015
10490  -31.706  -65.573  50.893 0.1000000015
15819  -39.467  -57.235  46.732 0.1000000015
114537  -39.658  -55.330  45.606 0.1000000015
11883  -35.220  -63.425  32.953 0.1000000015
4629  -36.262  -76.169  43.579 0.1000000015
4162  -36.076  -76.598  43.078 0.1000000015
4174  -35.354  -77.288  42.595 0.1000000015
117859  -36.377  -75.802  43.812 0.1000000015
4643  -35.811  -76.564  43.073 0.1000000015
4652  -34.928  -76.885  42.516 0.1000000015
5161  -36.137  -75.045  43.562 0.1000000015
5163  -37.264  -75.122  44.193 0.1000000015
5178  -37.409  -75.179  43.231 0.1000000015
106707  -35.714  -74.995  42.695 0.1000000015
5162  -36.700  -75.386  44.182 0.1000000015
101111  -36.116  -73.592  43.009 0.1000000015
5136  -37.013  -74.811  44.627 0.1000000015
119688  -32.559  -71.958  47.580 0.1000000015
104940  -32.559  -71.388  47.683 0.1000000015
6825  -31.958  -71.050  44.180 0.1000000015
7493  -32.415  -70.438  43.425 0.1000000015
105724  -32.833  -70.259  42.624 0.1000000015
4644  -36.553  -76.348  42.606 0.1000000015
7509  -32.571  -70.446  42.046 0.1000000015
7510  -33.448  -70.324  42.023 0.1000000015
5726  -35.754  -73.884  42.239 0.1000000015
6290  -35.313  -73.096  41.291 0.1000000015
4184  -35.537  -77.592  41.940 0.1000000015
7535  -32.931  -70.437  40.612 0.1000000015
7536  -33.444  -70.643  40.522 0.1000000015
6885  -34.457  -71.605  40.493 0.1000000015
6275  -35.605  -72.781  41.920 0.1000000015
102293  -35.794  -72.518  42.579 0.1000000015
5717  -36.635  -74.533  44.252 0.1000000015
3693  -35.040  -78.147  41.608 0.1000000015
99877  -32.333  -70.410  40.060 0.1000000015
113569  -33.442  -71.155  39.624 0.1000000015
6872  -35.316  -71.838  41.879 0.1000000015
7434  -32.529  -70.892  47.078 0.1000000015
7454  -32.244  -70.992  45.631 0.1000000015
7475  -32.300  -70.600  44.862 0.1000000015
108880  -37.543  -74.650  43.601 0.1000000015
6276  -37.718  -73.143  42.235 0.1000000015
4645  -37.086  -75.784  42.908 0.1000000015
116808  -32.492  -70.342  44.204 0.1000000015
8126  -33.135  -69.880  43.850 0.1000000015
111422  -32.863  -69.896  44.678 0.1000000015
4185  -36.068  -77.042  42.304 0.1000000015
7524  -34.155  -70.615  41.603 0.1000000015
6871  -34.652  -71.250  41.298 0.1000000015
6266  -36.302  -72.975  43.819 0.1000000015
6856  -34.918  -71.014  42.094 0.1000000015
6857  -35.589  -71.705  42.753 0.1000000015
117335  -32.530  -71.095  48.348 0.1000000015
7429  -32.572  -70.378  47.853 0.1000000015
105239  -32.606  -70.311  48.859 0.1000000015
7420  -32.713  -70.361  49.838 0.1000000015
119484  -37.769  -72.528  42.859 0.1000000015
112309  -32.650  -69.962  47.014 0.1000000015
106275  -37.525  -74.324  44.342 0.1000000015
6873  -37.933  -71.964  41.786 0.1000000015
8104  -32.593  -70.078  45.514 0.1000000015
98942  -37.433  -74.007  44.874 0.1000000015
5727  -37.636  -74.184  42.339 0.1000000015
8145  -33.851  -69.747  43.686 0.1000000015
7511  -34.353  -70.379  42.472 0.1000000015
7495  -34.563  -70.074  43.405 0.1000000015
7496  -35.527  -70.598  43.850 0.1000000015
6840  -35.993  -71.582  43.744 0.1000000015
7512  -35.245  -70.787  42.950 0.1000000015
107521  -33.297  -69.934  50.225 0.1000000015
6267  -37.717  -73.456  43.663 0.1000000015
8064  -33.163  -69.577  49.379 0.1000000015
7407  -34.043  -70.113  50.924 0.1000000015
7385  -33.624  -70.728  51.595 0.1000000015
6247  -37.720  -73.361  45.108 0.1000000015
6258  -37.776  -73.572  44.773 0.1000000015
6859  -37.893  -71.454  42.879 0.1000000015
8084  -32.819  -69.561  47.609 0.1000000015
8078  -32.868  -69.547  48.372 0.1000000015
5703  -37.211  -74.280  44.826 0.1000000015
5189  -37.651  -74.084  41.267 0.1000000015
8091  -32.886  -69.583  46.225 0.1000000015
6826  -36.320  -71.352  44.631 0.1000000015
6257  -36.963  -74.028  44.863 0.1000000015
8146  -34.269  -69.686  44.035 0.1000000015
7476  -34.964  -69.892  44.220 0.1000000015
6246  -37.274  -73.583  45.147 0.1000000015
6277  -38.105  -72.551  41.113 0.1000000015
6827  -36.967  -72.243  45.393 0.1000000015
8128  -34.371  -69.428  44.684 0.1000000015
8105  -33.419  -69.377  45.301 0.1000000015
8127  -33.651  -69.585  44.342 0.1000000015
6813  -37.780  -72.440  45.436 0.1000000015
7478  -38.492  -71.032  45.051 0.1000000015
6812  -37.447  -72.249  45.472 0.1000000015
8079  -33.533  -68.959  48.614 0.1000000015
7455  -36.227  -70.183  45.295 0.1000000015
116731  -36.588  -71.015  45.157 0.1000000015
7456  -37.057  -71.229  45.489 0.1000000015
8085  -33.295  -68.981  47.793 0.1000000015
8129  -35.277  -69.645  44.967 0.1000000015
7477  -35.802  -70.377  44.659 0.1000000015
101232  -33.142  -69.194  46.995 0.1000000015
8106  -34.583  -69.036  45.569 0.1000000015
116821  -33.650  -68.933  46.241 0.1000000015
6814  -38.086  -72.006  45.335 0.1000000015
7479  -39.239  -69.930  45.024 0.1000000015
111595  -37.389  -70.588  45.604 0.1000000015
8109  -38.027  -70.366  45.608 0.1000000015
8650  -34.131  -69.063  49.374 0.1000000015
8093  -36.314  -69.011  46.135 0.1000000015
8108  -36.688  -69.905  45.648 0.1000000015
8107  -35.721  -69.373  45.646 0.1000000015
112376  -39.392  -69.555  45.310 0.1000000015
8094  -37.406  -69.371  46.000 0.1000000015
8095  -38.409  -69.274  45.979 0.1000000015
106148  -34.021  -69.569  50.081 0.1000000015
8092  -35.325  -68.761  46.171 0.1000000015
8693  -33.941  -68.619  47.145 0.1000000015
8097  -40.074  -68.873  45.894 0.1000000015
8680  -33.887  -68.596  47.996 0.1000000015
7406  -33.066  -70.496  50.775 0.1000000015
6721  -34.461  -71.513  54.101 0.1000000015
6737  -34.566  -71.334  53.321 0.1000000015
7386  -34.693  -70.588  51.799 0.1000000015
6755  -34.181  -71.083  52.462 0.1000000015
7494  -33.555  -70.020  43.016 0.1000000015
7523  -32.857  -70.372  41.327 0.1000000015
105632  -33.482  -70.504  41.133 0.1000000015
7537  -34.027  -70.813  40.819 0.1000000015
6289  -34.869  -72.507  40.681 0.1000000015
5747  -34.404  -73.702  40.107 0.1000000015
7440  -32.503  -70.450  46.322 0.1000000015
6841  -36.731  -72.799  45.060 0.1000000015
6828  -37.926  -72.722  45.269 0.1000000015
114483  -37.123  -72.990  45.373 0.1000000015
7458  -38.273  -71.019  45.298 0.1000000015
114947  -38.847  -70.303  45.115 0.1000000015
2555  -24.169  -80.718  27.979 0.1000000015
102278  -24.012  -79.929  28.753 0.1000000015
2236  -26.461  -81.625  24.268 0.1000000015
2229  -25.915  -81.700  24.922 0.1000000015
2590  -25.809  -80.824  25.049 0.1000000015
2228  -25.174  -81.075  25.688 0.1000000015
2214  -24.586  -81.392  27.324 0.1000000015
2237  -26.949  -81.333  23.547 0.1000000015
2256  -26.794  -81.056  22.107 0.1000000015
111571  -24.136  -79.869  28.054 0.1000000015
2960  -24.162  -79.143  28.713 0.1000000015
2946  -24.123  -79.043  29.501 0.1000000015
2576  -24.707  -80.805  26.531 0.1000000015
115492  -24.428  -80.924  27.117 0.1000000015
2565  -24.435  -80.447  27.328 0.1000000015
2547  -24.394  -79.751  29.860 0.1000000015
2604  -26.789  -80.849  24.369 0.1000000015
2222  -24.796  -81.248  26.450 0.1000000015
2247  -27.294  -80.878  22.536 0.1000000015
2257  -27.348  -80.393  21.911 0.1000000015
114363  -27.364  -80.058  21.551 0.1000000015
4757  -23.376  -74.923  32.617 0.1000000015
4788  -22.647  -75.475  30.847 0.1000000015
5281  -23.783  -74.535  32.043 0.1000000015
3389  -24.524  -78.181  28.682 0.1000000015
3379  -24.135  -78.343  29.402 0.1000000015
3820  -23.883  -77.733  30.093 0.1000000015
3832  -24.032  -77.044  29.907 0.1000000015
3819  -23.395  -77.077  30.446 0.1000000015
110144  -23.525  -75.868  30.249 0.1000000015
3407  -24.541  -78.992  28.084 0.1000000015
3368  -23.975  -78.368  30.269 0.1000000015
2989  -25.404  -79.930  26.498 0.1000000015
2988  -24.822  -80.300  26.731 0.1000000015
2238  -27.486  -80.889  23.070 0.1000000015
4758  -24.322  -74.934  32.628 0.1000000015
5311  -23.160  -74.938  30.852 0.1000000015
4744  -23.922  -75.539  33.177 0.1000000015
4331  -24.367  -76.376  29.760 0.1000000015
4330  -23.700  -76.380  30.117 0.1000000015
3833  -24.319  -77.590  29.387 0.1000000015
2578  -25.943  -80.146  25.667 0.1000000015
2591  -26.479  -80.380  25.042 0.1000000015
2605  -27.601  -80.649  23.726 0.1000000015
2975  -24.803  -79.659  27.335 0.1000000015
5280  -22.911  -74.642  31.960 0.1000000015
109587  -23.472  -75.361  30.487 0.1000000015
3390  -25.142  -78.341  28.197 0.1000000015
3408  -25.458  -78.836  27.709 0.1000000015
4775  -22.125  -75.171  31.624 0.1000000015
3409  -26.672  -78.790  27.659 0.1000000015
3392  -27.397  -78.392  28.226 0.1000000015
3393  -28.438  -78.640  28.278 0.1000000015
107556  -24.264  -75.061  30.298 0.1000000015
105374  -24.593  -76.965  29.483 0.1000000015
101629  -24.905  -77.300  29.008 0.1000000015
3391  -26.179  -78.168  28.211 0.1000000015
3835  -26.625  -76.980  29.095 0.1000000015
3834  -25.723  -77.047  29.067 0.1000000015
4811  -24.788  -75.639  29.842 0.1000000015
4332  -25.185  -76.456  29.460 0.1000000015
3852  -25.373  -77.722  28.585 0.1000000015
3410  -27.814  -78.942  27.736 0.1000000015
108899  -27.014  -77.729  28.677 0.1000000015
2266  -26.950  -80.417  21.479 0.1000000015
2577  -25.185  -80.562  25.989 0.1000000015
2834  -30.994  -79.650  39.363 0.1000000015
2845  -28.506  -79.640  38.119 0.1000000015
2858  -28.949  -79.703  37.650 0.1000000015
3255  -31.976  -79.228  40.607 0.1000000015
3307  -29.325  -79.040  34.870 0.1000000015
3308  -31.123  -79.127  35.845 0.1000000015
3324  -29.696  -78.897  34.252 0.1000000015
3326  -31.471  -78.946  34.267 0.1000000015
3345  -31.658  -78.183  33.027 0.1000000015
3706  -34.342  -78.424  40.874 0.1000000015
3909  -32.221  -76.888  25.182 0.1000000015
4208  -35.498  -76.682  39.433 0.2000000030
4227  -32.631  -77.066  37.349 0.3000000119
4316  -23.076  -76.110  30.427 0.1000000015
4614  -36.650  -75.795  43.904 0.1000000015
4630  -36.570  -76.109  43.488 0.1000000015
4631  -37.026  -75.740  43.897 0.1000000015
4654  -37.066  -75.550  41.615 0.1000000015
4695  -33.607  -75.855  37.599 0.4000000060
4766  -35.219  -75.694  32.742 0.1000000015
4810  -23.989  -75.712  30.061 0.1000000015
5147  -36.965  -75.322  44.324 0.1000000015
5177  -35.953  -75.890  43.442 0.1000000015
5196  -37.274  -74.476  39.611 0.3000000119
5273  -35.127  -75.516  33.033 0.1000000015
5292  -22.787  -74.892  31.261 0.1000000015
5293  -23.393  -74.611  31.334 0.1000000015
5312  -23.794  -74.733  30.755 0.1000000015
5364  -28.646  -74.337  27.729 0.1000000015
5711  -37.161  -74.662  44.626 0.1000000015
5718  -37.685  -74.023  43.274 0.1000000015
5739  -35.384  -74.209  41.612 0.1000000015
5740  -37.786  -73.709  40.550 0.1000000015
5749  -38.319  -73.099  39.206 0.4000000060
5769  -36.158  -74.571  37.749 0.3000000119
5787  -33.772  -73.855  36.376 0.4000000060
5790  -37.504  -73.441  37.351 0.2000000030
5855  -28.569  -72.990  28.414 0.1000000015
5917  -29.513  -73.628  23.464 0.1000000015
6235  -37.494  -72.915  45.386 0.1000000015
6274  -35.070  -72.129  41.191 0.1000000015
6310  -39.040  -72.317  37.999 0.5000000000
6322  -39.066  -72.063  37.180 0.5000000000
6363  -34.103  -72.492  35.744 0.4000000060
6420  -34.709  -72.701  29.782 0.1000000015
6464  -32.732  -72.718  26.666 0.1000000015
6524  -31.972  -73.805  20.971 0.1000000015
6829  -38.208  -72.080  45.138 0.1000000015
6858  -37.797  -72.627  43.965 0.1000000015
6884  -33.769  -71.004  40.152 0.1000000015
6899  -39.937  -71.453  38.947 0.5000000000
6948  -38.554  -71.129  35.264 0.5000000000
6968  -38.120  -71.172  34.627 0.5000000000
6995  -32.364  -71.127  31.898 0.1000000015
7060  -35.671  -71.885  25.791 0.1000000015
7077  -35.408  -71.578  24.980 0.2000000030
7457  -37.756  -71.637  45.514 0.1000000015
7551  -41.362  -69.763  38.539 0.5000000000
7560  -40.965  -70.400  38.228 0.5000000000
7572  -40.856  -70.221  37.614 0.5000000000
7597  -32.613  -71.113  33.807 0.4000000060
7598  -33.268  -70.809  34.315 0.4000000060
7600  -35.637  -70.598  34.474 0.4000000060
7648  -32.682  -69.854  30.187 0.1000000015
7696  -33.081  -70.132  26.405 0.1000000015
7765  -32.927  -71.385  21.496 0.1000000015
8110  -38.725  -69.914  45.426 0.1000000015
8164  -40.209  -68.798  42.103 0.1000000015
8177  -40.918  -69.001  41.217 0.2000000030
8188  -42.178  -68.272  39.364 0.4000000060
8194  -41.792  -69.073  38.857 0.4000000060
8195  -41.807  -68.609  38.723 0.5000000000
8202  -37.201  -69.584  37.975 0.6000000238
8206  -41.192  -69.071  37.960 0.5000000000
8218  -40.401  -70.107  37.279 0.5000000000
8220  -41.154  -69.594  37.829 0.5000000000
8252  -36.702  -69.827  33.104 0.3000000119
8254  -38.010  -69.468  33.188 0.4000000060
8263  -34.714  -69.004  33.095 0.3000000119
8274  -32.449  -69.178  31.550 0.2000000030
8283  -32.433  -69.321  30.885 0.1000000015
8295  -33.134  -69.459  29.509 0.1000000015
8320  -35.024  -69.233  27.786 0.2000000030
8377  -33.486  -69.663  21.642 0.1000000015
8770  -42.297  -68.403  40.499 0.5000000000
8771  -42.509  -68.078  40.113 0.3000000119
8779  -38.465  -68.615  39.365 0.6000000238
8794  -41.425  -68.898  38.205 0.5000000000
8873  -38.288  -68.215  31.903 0.3000000119
8885  -34.126  -67.893  32.055 0.2000000030
8888  -37.794  -68.408  31.663 0.3000000119
8979  -36.568  -67.909  23.167 0.1000000015
8996  -35.705  -67.578  21.544 0.1000000015
9007  -32.820  -69.469  20.687 0.1000000015
9009  -34.229  -68.423  20.907 0.1000000015
9329  -42.788  -66.446  46.950 0.1000000015
9350  -43.085  -66.390  44.821 0.2000000030
9383  -43.163  -66.729  42.135 0.3000000119
9404  -42.421  -67.757  39.798 0.5000000000
9448  -37.965  -67.566  33.516 0.4000000060
9467  -32.900  -68.264  31.412 0.1000000015
9468  -33.499  -67.644  31.321 0.1000000015
9471  -36.759  -67.609  31.400 0.2000000030
9473  -38.526  -67.465  31.466 0.3000000119
9474  -38.927  -66.828  31.030 0.2000000030
9488  -37.263  -67.196  30.938 0.2000000030
9502  -34.534  -66.312  29.566 0.1000000015
9510  -33.861  -67.765  28.767 0.1000000015
9540  -32.375  -66.969  26.183 0.1000000015
9566  -31.083  -67.509  25.566 0.1000000015
9600  -36.129  -67.219  21.248 0.1000000015
9616  -35.266  -67.228  20.852 0.1000000015
9617  -35.747  -67.123  20.964 0.1000000015
9919  -34.801  -66.212  47.854 0.2000000030
9925  -41.544  -66.585  48.201 0.1000000015
9927  -42.909  -66.027  47.387 0.1000000015
9983  -43.432  -65.939  43.343 0.3000000119
10003  -35.864  -66.217  42.323 0.5000000000
10022  -42.511  -67.307  40.372 0.5000000000
10054  -35.683  -66.955  35.172 0.4000000060
10079  -39.006  -66.169  31.562 0.1000000015
10094  -36.185  -66.821  31.098 0.1000000015
10119  -28.872  -66.105  29.204 0.1000000015
10153  -34.926  -66.609  28.001 0.1000000015
10178  -37.651  -65.685  24.590 0.1000000015
10197  -34.885  -66.432  22.236 0.1000000015
10198  -35.543  -65.945  22.434 0.1000000015
10210  -34.611  -67.191  21.015 0.1000000015
10211  -34.981  -66.783  21.128 0.1000000015
10213  -36.864  -66.346  21.834 0.1000000015
10535  -43.005  -66.024  46.979 0.1000000015
10589  -34.733  -65.200  43.100 0.5000000000
10597  -43.020  -65.104  43.691 0.3000000119
10598  -43.196  -65.551  43.147 0.3000000119
10621  -42.684  -66.326  41.862 0.3000000119
10630  -32.685  -65.406  38.911 0.4000000060
10652  -32.674  -65.796  36.142 0.3000000119
10707  -36.493  -65.793  30.175 0.1000000015
10709  -39.198  -65.943  30.372 0.1000000015
10725  -35.159  -65.762  29.269 0.1000000015
10727  -36.850  -65.229  29.546 0.1000000015
10729  -39.187  -65.742  29.951 0.1000000015
10737  -28.264  -65.637  28.877 0.1000000015
10785  -26.856  -65.294  24.504 0.1000000015
10789  -38.432  -64.382  23.673 0.1000000015
10799  -26.951  -65.416  23.669 0.1000000015
10813  -36.332  -65.791  22.110 0.1000000015
10823  -27.650  -65.925  22.049 0.1000000015
11196  -36.480  -63.653  44.357 0.4000000060
11201  -42.832  -64.851  44.280 0.3000000119
11205  -33.794  -64.298  43.374 0.5000000000
11210  -40.758  -63.904  44.056 0.3000000119
11223  -33.534  -64.745  41.393 0.5000000000
11226  -32.939  -64.357  41.038 0.5000000000
11261  -33.181  -64.779  35.209 0.3000000119
11268  -34.480  -64.737  34.497 0.4000000060
11340  -27.850  -65.064  28.343 0.1000000015
11368  -37.820  -64.397  25.493 0.1000000015
11397  -38.663  -64.014  24.065 0.1000000015
11406  -38.233  -64.336  23.306 0.1000000015
11789  -37.864  -62.444  46.075 0.2000000030
11818  -33.155  -64.005  43.205 0.5000000000
11858  -30.813  -63.020  36.329 0.2000000030
11866  -31.332  -63.425  35.853 0.2000000030
11948  -28.301  -63.718  28.489 0.1000000015
11982  -29.344  -62.914  25.590 0.1000000015
11983  -37.053  -62.742  25.016 0.1000000015
11991  -29.428  -63.187  24.791 0.1000000015
11993  -37.626  -63.012  24.274 0.1000000015
12463  -31.528  -62.522  43.508 0.4000000060
12464  -32.341  -62.825  43.902 0.5000000000
12528  -31.758  -62.858  35.352 0.2000000030
12543  -33.678  -62.725  33.780 0.2000000030
13114  -30.452  -61.302  43.421 0.2000000030
13127  -29.780  -61.125  41.119 0.4000000060
13128  -30.254  -61.681  41.631 0.3000000119
13151  -29.555  -61.475  38.435 0.2000000030
13171  -30.060  -61.959  37.142 0.2000000030
13189  -30.284  -61.711  36.489 0.2000000030
13322  -30.629  -61.446  24.551 0.1000000015
13328  -30.938  -61.743  23.871 0.1000000015
13752  -32.241  -60.688  45.209 0.4000000060
13770  -29.953  -60.768  42.863 0.3000000119
13779  -29.328  -60.583  40.649 0.3000000119
13812  -29.365  -60.891  37.748 0.2000000030
13856  -31.215  -60.595  35.125 0.1000000015
13872  -31.499  -59.960  34.731 0.1000000015
14438  -28.626  -59.145  40.822 0.2000000030
14465  -28.678  -59.649  38.135 0.1000000015
14480  -28.647  -59.085  37.608 0.1000000015
14522  -31.887  -58.808  34.425 0.1000000015
14629  -28.896  -59.894  27.119 0.1000000015
14649  -29.855  -59.296  25.705 0.1000000015
14658  -30.872  -59.768  23.831 0.1000000015
15114  -30.398  -58.233  44.578 0.1000000015
15137  -28.928  -58.820  41.775 0.2000000030
15195  -28.749  -58.424  37.152 0.1000000015
15222  -31.139  -58.340  34.736 0.1000000015
15359  -30.103  -58.277  24.757 0.1000000015
15852  -30.472  -57.343  44.455 0.1000000015
15853  -30.955  -57.776  45.040 0.2000000030
15874  -28.594  -57.518  41.014 0.2000000030
15890  -28.371  -57.700  40.115 0.1000000015
15909  -28.425  -57.550  39.246 0.1000000015
15911  -32.316  -57.574  39.490 0.1000000015
15936  -28.685  -57.489  37.617 0.1000000015
15955  -28.900  -57.639  36.887 0.1000000015
16621  -33.535  -56.777  45.903 0.3000000119
16678  -29.810  -56.551  43.041 0.1000000015
16723  -29.353  -56.296  40.731 0.1000000015
16809  -29.805  -56.738  35.842 0.1000000015
16810  -30.391  -56.190  35.585 0.1000000015
16830  -31.101  -56.555  34.971 0.1000000015
16954  -29.399  -56.917  25.382 0.1000000015
17497  -32.650  -55.535  45.102 0.1000000015
17520  -31.654  -55.382  44.172 0.1000000015
17558  -29.994  -55.716  41.663 0.2000000030
17559  -31.338  -54.935  42.328 0.1000000015
17606  -30.929  -55.821  40.673 0.1000000015
18436  -32.750  -54.365  43.957 0.1000000015
18475  -34.339  -53.939  42.126 0.1000000015
18479  -40.220  -54.894  42.315 0.1000000015
18495  -34.722  -54.497  41.660 0.1000000015
19305  -35.455  -53.592  42.520 0.1000000015
19319  -36.788  -53.893  41.955 0.1000000015
99160  -36.018  -66.652  41.413 0.5000000000
99246  -31.863  -78.968  37.712 0.1000000015
101899  -26.287  -67.248  23.820 0.1000000015
101927  -43.088  -65.305  44.964 0.3000000119
102266  -42.702  -65.151  43.170 0.3000000119
104429  -33.008  -67.950  30.102 0.1000000015
104438  -35.734  -65.664  34.358 0.4000000060
104883  -32.456  -69.450  32.145 0.2000000030
104886  -32.280  -60.705  34.302 0.1000000015
104995  -32.415  -71.446  33.319 0.4000000060
105590  -37.449  -74.875  41.950 0.1000000015
106021  -34.931  -75.059  30.612 0.1000000015
106095  -33.480  -54.829  38.650 0.1000000015
106560  -42.886  -67.221  41.384 0.3000000119
107149  -30.635  -79.753  38.744 0.1000000015
107587  -33.341  -68.110  29.385 0.1000000015
107915  -37.595  -66.788  24.030 0.1000000015
108028  -37.697  -66.806  30.573 0.2000000030
109114  -34.396  -69.457  28.355 0.1000000015
109455  -41.088  -67.709  39.315 0.5000000000
109935  -26.181  -77.509  28.716 0.1000000015
109994  -42.559  -66.878  40.956 0.3000000119
111304  -29.243  -60.709  39.962 0.2000000030
111567  -30.741  -79.634  37.879 0.1000000015
112537  -41.158  -64.358  43.587 0.3000000119
112938  -33.927  -64.757  27.379 0.1000000015
113454  -41.998  -68.640  39.106 0.5000000000
113603  -30.355  -79.534  36.599 0.1000000015
113906  -39.011  -66.505  30.713 0.2000000030
114648  -35.658  -66.382  34.804 0.3000000119
114918  -27.687  -64.972  23.148 0.1000000015
115077  -28.973  -62.366  27.152 0.1000000015
116886  -34.101  -67.357  37.815 0.4000000060
117746  -43.301  -66.381  42.913 0.3000000119
117790  -28.544  -59.461  38.753 0.1000000015
118459  -40.689  -61.419  50.313 0.1000000015
118706  -32.401  -79.101  41.147 0.1000000015
119110  -36.468  -68.843  36.069 0.4000000060
119343  -42.225  -66.096  41.995 0.3000000119
119419  -38.712  -63.620  24.473 0.1000000015
119695  -32.607  -72.134  27.102 0.1000000015
120131  -30.349  -79.651  37.468 0.1000000015
