#!ascii label  , from subject sub-01 vox2ras=TkReg
433
46321  -25.228  -23.117  8.450 0.0000000000
50113  -24.485  -17.142  7.371 0.0000000000
62252  -21.628  -3.155  3.456 0.0000000000
58715  -25.183  -7.454  4.321 0.0000000000
53673  -27.207  -14.081  3.192 0.0000000000
112730  -30.754  -18.230  5.427 0.0000000000
63823  -19.416  -1.711  2.033 0.0000000000
56264  -26.370  -10.752  3.854 0.0000000000
55416  -25.343  -12.188  6.267 0.0000000000
48310  -24.739  -20.387  7.014 0.0000000000
49220  -27.019  -18.153  5.690 0.0000000000
47362  -27.685  -21.007  7.062 0.0000000000
41873  -20.709  -26.627  11.538 0.0000000000
46325  -23.448  -22.945  8.122 0.0000000000
68835  -17.452  4.550  0.283 0.0000000000
67205  -19.744  2.821  1.168 0.0000000000
66336  -21.542  1.660  2.113 0.0000000000
63824  -23.780  -0.886  1.734 0.0000000000
62266  -24.483  -3.572  1.679 0.0000000000
60595  -23.078  -5.463  4.086 0.0000000000
117557  -25.285  -6.163  1.167 0.0000000000
57114  -25.832  -9.533  0.814 0.0000000000
55479  -27.819  -12.104  0.372 0.0000000000
54569  -30.672  -12.976  2.040 0.0000000000
51955  -26.027  -15.776  5.101 0.0000000000
51969  -29.011  -15.706  4.010 0.0000000000
55427  -24.532  -11.070  5.945 0.0000000000
54517  -22.642  -12.755  6.337 0.0000000000
46334  -25.627  -22.963  7.683 0.0000000000
47376  -26.755  -21.134  6.854 0.0000000000
46328  -26.217  -22.139  7.692 0.0000000000
39172  -19.954  -29.567  14.343 0.0000000000
117665  -20.374  -28.942  13.527 0.0000000000
41841  -20.568  -27.700  13.050 0.0000000000
47359  -22.837  -21.426  8.245 0.0000000000
46319  -21.543  -21.805  9.280 0.0000000000
118687  -20.930  2.104  2.005 0.0000000000
62997  -20.560  -2.397  2.780 0.0000000000
104311  -20.861  -1.034  2.639 0.0000000000
63814  -22.738  -1.712  2.950 0.0000000000
114353  -23.955  -2.130  2.063 0.0000000000
111350  -22.692  -3.164  3.535 0.0000000000
59612  -24.089  -6.649  4.427 0.0000000000
60611  -25.233  -5.672  2.776 0.0000000000
59645  -25.531  -6.635  2.638 0.0000000000
100001  -25.590  -7.762  0.833 0.0000000000
57920  -26.094  -8.284  2.302 0.0000000000
55450  -26.618  -12.047  2.917 0.0000000000
112656  -26.474  -11.565  1.474 0.0000000000
53701  -27.742  -13.136  1.672 0.0000000000
54581  -29.388  -12.759  0.840 0.0000000000
53690  -29.044  -13.755  2.028 0.0000000000
51053  -23.305  -16.097  8.086 0.0000000000
51937  -25.282  -15.202  6.888 0.0000000000
51073  -25.410  -16.534  6.500 0.0000000000
107724  -28.871  -18.074  5.384 0.0000000000
51091  -28.006  -16.299  4.645 0.0000000000
50149  -29.905  -16.998  4.629 0.0000000000
51108  -30.881  -15.927  3.761 0.0000000000
50151  -31.286  -16.969  4.760 0.0000000000
42790  -21.281  -26.024  11.927 0.0000000000
43784  -21.439  -25.936  10.476 0.0000000000
43777  -22.047  -26.026  10.323 0.0000000000
44577  -23.051  -25.184  9.680 0.0000000000
57068  -24.479  -8.894  5.236 0.0000000000
57092  -25.744  -9.137  4.215 0.0000000000
56255  -25.272  -10.249  5.342 0.0000000000
55437  -26.262  -11.380  4.556 0.0000000000
53648  -26.309  -12.863  5.029 0.0000000000
116414  -24.444  -19.317  7.009 0.0000000000
50127  -25.790  -17.924  6.118 0.0000000000
48321  -26.085  -19.899  6.557 0.0000000000
48323  -27.894  -20.352  6.482 0.0000000000
47379  -29.023  -20.487  6.732 0.0000000000
41852  -20.955  -26.647  13.202 0.0000000000
49188  -23.474  -18.596  8.076 0.0000000000
48293  -23.262  -19.685  8.126 0.0000000000
106653  -23.789  -22.224  7.735 0.0000000000
45396  -25.013  -24.238  8.009 0.0000000000
69565  -18.661  5.921  0.493 0.0000000000
99950  -17.781  2.974  0.254 0.0000000000
68046  -19.304  3.620  0.809 0.0000000000
68047  -22.278  3.499  0.739 0.0000000000
67222  -22.810  2.626  0.556 0.0000000000
66338  -23.142  1.371  1.248 0.0000000000
111430  -19.856  -0.135  2.211 0.0000000000
65452  -22.189  0.390  2.360 0.0000000000
113086  -23.853  0.256  0.754 0.0000000000
64610  -24.299  -0.914  0.680 0.0000000000
117584  -24.325  -2.866  0.167 0.0000000000
107799  -24.451  -4.284  0.017 0.0000000000
61471  -22.014  -3.956  3.657 0.0000000000
109568  -23.936  -4.054  3.478 0.0000000000
118105  -24.871  -4.805  1.207 0.0000000000
59671  -24.570  -6.032  -0.351 0.0000000000
58761  -24.988  -7.896  -0.725 0.0000000000
56306  -26.369  -10.368  -1.107 0.0000000000
57104  -26.313  -9.819  2.354 0.0000000000
56297  -26.419  -11.077  0.192 0.0000000000
53633  -24.198  -13.390  6.836 0.0000000000
53647  -25.833  -13.574  5.998 0.0000000000
118276  -26.567  -14.726  4.201 0.0000000000
51089  -26.539  -16.297  4.997 0.0000000000
51967  -27.297  -15.292  4.041 0.0000000000
52808  -27.684  -14.536  3.308 0.0000000000
52810  -29.774  -14.737  3.111 0.0000000000
53675  -31.054  -14.411  3.595 0.0000000000
45387  -22.180  -23.958  9.021 0.0000000000
44593  -24.064  -24.469  8.524 0.0000000000
45378  -24.305  -24.059  8.947 0.0000000000
46327  -25.338  -23.672  7.920 0.0000000000
46335  -26.066  -22.348  7.572 0.0000000000
46322  -25.783  -22.731  8.075 0.0000000000
47350  -25.894  -21.268  8.791 0.0000000000
40084  -20.642  -28.935  15.526 0.0000000000
40095  -20.143  -29.184  13.442 0.0000000000
62251  -20.675  -3.145  2.963 0.0000000000
62998  -21.329  -2.513  3.139 0.0000000000
63000  -23.186  -2.458  3.151 0.0000000000
58714  -24.404  -7.328  4.596 0.0000000000
58713  -23.493  -7.292  4.671 0.0000000000
59613  -24.955  -6.680  4.236 0.0000000000
59631  -25.429  -6.971  3.680 0.0000000000
58736  -25.774  -7.528  2.932 0.0000000000
57910  -25.930  -8.209  3.273 0.0000000000
53687  -26.942  -13.362  2.702 0.0000000000
54568  -27.094  -12.933  1.947 0.0000000000
53688  -27.422  -13.533  2.458 0.0000000000
53689  -28.112  -13.671  2.204 0.0000000000
52822  -27.705  -14.031  2.806 0.0000000000
116351  -23.851  -16.770  8.019 0.0000000000
51072  -24.921  -16.470  7.139 0.0000000000
49223  -29.441  -18.998  5.684 0.0000000000
50141  -29.935  -17.999  5.180 0.0000000000
50150  -30.768  -17.413  4.894 0.0000000000
50142  -31.378  -17.923  5.416 0.0000000000
50143  -31.649  -17.335  5.309 0.0000000000
116582  -31.626  -18.626  6.007 0.0000000000
43763  -21.815  -25.552  11.410 0.0000000000
57067  -23.691  -9.537  5.347 0.0000000000
57069  -24.801  -9.573  5.297 0.0000000000
56254  -24.290  -10.397  5.549 0.0000000000
55415  -24.360  -11.801  6.354 0.0000000000
110560  -25.184  -11.374  6.044 0.0000000000
55428  -25.891  -11.912  5.516 0.0000000000
55429  -26.359  -12.246  4.612 0.0000000000
54533  -25.900  -12.785  5.853 0.0000000000
49203  -25.135  -19.613  6.719 0.0000000000
47369  -26.977  -21.536  7.204 0.0000000000
47377  -27.548  -21.090  6.941 0.0000000000
100780  -28.519  -20.345  6.457 0.0000000000
47378  -28.294  -20.793  6.910 0.0000000000
47371  -29.277  -20.459  6.790 0.0000000000
48312  -28.295  -20.633  7.239 0.0000000000
39179  -19.304  -29.808  14.495 0.0000000000
39170  -18.531  -30.377  15.166 0.0000000000
119249  -22.625  -22.035  8.362 0.0000000000
105701  -24.949  -23.703  7.762 0.0000000000
108622  -18.114  5.272  0.486 0.0000000000
69566  -19.790  5.812  0.662 0.0000000000
108497  -19.261  5.126  0.798 0.0000000000
98975  -18.721  2.864  0.611 0.0000000000
102587  -19.818  4.347  0.873 0.0000000000
68029  -20.513  3.618  1.169 0.0000000000
68030  -21.463  4.055  1.010 0.0000000000
67207  -21.649  2.448  1.838 0.0000000000
66337  -22.397  1.792  1.713 0.0000000000
66355  -22.811  2.051  1.070 0.0000000000
63812  -19.978  -0.963  2.408 0.0000000000
107962  -22.416  -1.042  2.730 0.0000000000
64591  -21.724  -0.517  2.684 0.0000000000
64592  -22.670  -0.364  2.426 0.0000000000
65467  -23.424  0.456  1.373 0.0000000000
64603  -23.978  -0.383  1.185 0.0000000000
64614  -24.124  -0.350  0.303 0.0000000000
63825  -24.157  -1.183  1.270 0.0000000000
105747  -24.195  -2.707  1.875 0.0000000000
63011  -24.152  -2.029  1.346 0.0000000000
63018  -24.334  -2.823  1.048 0.0000000000
62276  -24.435  -3.561  0.546 0.0000000000
59628  -22.602  -6.357  4.231 0.0000000000
104682  -22.145  -5.773  3.803 0.0000000000
61457  -22.425  -4.859  3.755 0.0000000000
61472  -23.111  -3.940  3.765 0.0000000000
61458  -23.550  -4.673  3.822 0.0000000000
60622  -25.399  -5.943  1.962 0.0000000000
61487  -25.277  -5.206  2.196 0.0000000000
60621  -25.144  -5.345  1.397 0.0000000000
60628  -24.987  -5.893  0.609 0.0000000000
59684  -24.591  -7.134  -0.903 0.0000000000
59672  -25.165  -6.935  0.249 0.0000000000
57937  -25.526  -8.852  0.204 0.0000000000
57121  -25.599  -9.852  -0.101 0.0000000000
57130  -25.591  -9.868  -0.962 0.0000000000
56296  -26.036  -10.462  -0.355 0.0000000000
57081  -26.139  -9.908  4.074 0.0000000000
107233  -26.395  -10.303  3.095 0.0000000000
104915  -26.841  -11.759  0.800 0.0000000000
55478  -27.304  -11.448  -0.048 0.0000000000
55485  -27.891  -10.993  -0.731 0.0000000000
55486  -28.400  -11.548  -0.293 0.0000000000
53704  -30.297  -13.063  1.508 0.0000000000
54560  -30.736  -13.214  2.894 0.0000000000
53632  -23.096  -13.306  6.777 0.0000000000
51938  -25.699  -15.358  5.892 0.0000000000
52768  -25.658  -14.509  6.219 0.0000000000
112776  -25.934  -15.170  5.258 0.0000000000
110084  -26.188  -14.406  5.115 0.0000000000
52783  -26.376  -15.170  4.548 0.0000000000
50128  -26.425  -17.821  5.786 0.0000000000
50137  -26.207  -17.134  5.710 0.0000000000
50138  -26.812  -17.167  5.389 0.0000000000
51101  -28.499  -15.983  4.367 0.0000000000
51100  -27.644  -15.757  4.355 0.0000000000
51968  -28.116  -15.437  4.009 0.0000000000
51980  -27.896  -15.003  3.664 0.0000000000
52809  -28.652  -14.683  3.155 0.0000000000
115745  -29.080  -15.271  3.570 0.0000000000
51983  -31.280  -15.454  3.799 0.0000000000
52812  -31.168  -15.072  3.575 0.0000000000
52798  -31.366  -14.892  4.111 0.0000000000
44586  -23.374  -24.720  9.137 0.0000000000
44578  -23.543  -24.587  9.255 0.0000000000
44587  -23.966  -24.504  8.637 0.0000000000
45362  -23.496  -23.270  10.433 0.0000000000
56253  -23.014  -10.441  5.503 0.0000000000
54532  -23.053  -11.928  6.191 0.0000000000
54518  -23.652  -12.638  6.548 0.0000000000
47367  -25.572  -21.788  7.255 0.0000000000
48311  -25.819  -20.866  6.869 0.0000000000
47368  -26.435  -21.819  7.215 0.0000000000
46329  -26.391  -21.852  7.313 0.0000000000
47361  -26.938  -21.422  7.445 0.0000000000
48295  -27.621  -20.405  7.798 0.0000000000
103241  -26.528  -21.164  8.251 0.0000000000
39171  -19.337  -30.072  15.202 0.0000000000
41003  -20.190  -27.914  12.455 0.0000000000
40994  -20.744  -28.094  14.106 0.0000000000
47358  -22.076  -20.384  8.871 0.0000000000
47348  -21.551  -20.832  9.295 0.0000000000
47349  -22.135  -21.439  8.793 0.0000000000
46320  -22.435  -22.525  8.629 0.0000000000
66354  -19.119  1.940  0.929 0.0000000000
67206  -20.768  2.752  1.599 0.0000000000
116315  -20.076  2.071  1.691 0.0000000000
101179  -19.537  1.257  1.735 0.0000000000
66324  -20.549  1.343  2.188 0.0000000000
63813  -20.308  -1.693  2.589 0.0000000000
105715  -21.547  -1.638  2.918 0.0000000000
63815  -23.227  -1.075  2.395 0.0000000000
63816  -23.853  -1.518  1.919 0.0000000000
108493  -23.485  -1.897  2.558 0.0000000000
63001  -23.827  -2.596  2.587 0.0000000000
62254  -24.201  -3.199  2.455 0.0000000000
59629  -23.631  -6.040  4.289 0.0000000000
60596  -24.089  -5.284  3.977 0.0000000000
60598  -25.175  -6.161  3.582 0.0000000000
59659  -25.541  -6.801  1.458 0.0000000000
58744  -25.864  -7.543  1.894 0.0000000000
57929  -25.845  -8.528  1.286 0.0000000000
120088  -26.502  -11.486  3.603 0.0000000000
55459  -26.484  -11.800  2.118 0.0000000000
54579  -26.744  -12.244  1.590 0.0000000000
54580  -28.296  -12.725  0.879 0.0000000000
54591  -29.036  -12.149  0.167 0.0000000000
53702  -28.679  -13.263  1.471 0.0000000000
53703  -29.696  -13.253  1.401 0.0000000000
53691  -30.048  -13.653  2.012 0.0000000000
52756  -24.292  -14.846  7.431 0.0000000000
51922  -24.705  -15.714  7.369 0.0000000000
116476  -25.285  -15.976  6.918 0.0000000000
104888  -25.603  -15.922  6.169 0.0000000000
49221  -27.933  -18.380  5.613 0.0000000000
110786  -27.429  -17.388  5.341 0.0000000000
50139  -28.165  -17.116  5.102 0.0000000000
50148  -29.094  -16.566  4.555 0.0000000000
51102  -29.541  -16.255  4.234 0.0000000000
51107  -30.007  -15.880  3.782 0.0000000000
51103  -30.655  -16.501  4.264 0.0000000000
112014  -31.208  -16.245  4.213 0.0000000000
102043  -31.504  -16.548  4.814 0.0000000000
51957  -31.616  -15.944  5.215 0.0000000000
51092  -31.831  -16.865  5.632 0.0000000000
41874  -20.947  -26.533  11.440 0.0000000000
42801  -21.225  -26.354  11.002 0.0000000000
42802  -21.447  -26.186  10.846 0.0000000000
43785  -22.238  -25.901  10.178 0.0000000000
43786  -22.776  -25.379  9.718 0.0000000000
43778  -22.468  -25.761  10.028 0.0000000000
44562  -22.560  -24.666  10.769 0.0000000000
57892  -23.706  -8.560  5.187 0.0000000000
57900  -24.662  -8.138  4.885 0.0000000000
57901  -25.505  -8.281  4.233 0.0000000000
110349  -25.180  -8.885  4.941 0.0000000000
57080  -25.539  -9.668  4.822 0.0000000000
56263  -25.952  -10.438  4.744 0.0000000000
116734  -25.029  -10.747  5.770 0.0000000000
105238  -25.624  -10.962  5.421 0.0000000000
55438  -26.556  -12.182  3.774 0.0000000000
54545  -26.545  -13.018  4.004 0.0000000000
53672  -26.756  -13.725  3.433 0.0000000000
105180  -24.422  -17.974  7.234 0.0000000000
50126  -25.012  -17.824  6.633 0.0000000000
49202  -24.690  -18.658  6.839 0.0000000000
49213  -25.447  -18.767  6.437 0.0000000000
49214  -26.422  -18.847  6.166 0.0000000000
48322  -27.047  -20.196  6.499 0.0000000000
49215  -27.393  -19.271  6.072 0.0000000000
49216  -28.230  -19.649  6.035 0.0000000000
48324  -29.074  -19.973  6.062 0.0000000000
48330  -29.809  -19.726  5.969 0.0000000000
48331  -30.464  -19.718  6.200 0.0000000000
48325  -29.760  -20.211  6.498 0.0000000000
38296  -18.707  -30.629  15.708 0.0000000000
41014  -20.190  -27.399  12.141 0.0000000000
41851  -20.472  -27.348  12.303 0.0000000000
41860  -20.535  -26.900  11.888 0.0000000000
41861  -20.866  -26.652  12.214 0.0000000000
42779  -21.314  -25.817  13.054 0.0000000000
50112  -23.823  -17.651  7.956 0.0000000000
48309  -23.931  -19.502  7.426 0.0000000000
47366  -23.973  -20.587  7.324 0.0000000000
102918  -22.797  -20.337  8.382 0.0000000000
47360  -23.400  -20.984  7.726 0.0000000000
119026  -24.685  -21.162  7.178 0.0000000000
46326  -24.581  -21.951  7.461 0.0000000000
69564  -17.381  6.149  0.522 0.0000000000
68044  -16.963  3.617  0.240 0.0000000000
68045  -18.127  3.678  0.420 0.0000000000
68836  -18.715  4.442  0.670 0.0000000000
105223  -20.274  5.007  0.834 0.0000000000
101843  -21.577  3.271  1.432 0.0000000000
67230  -22.837  3.265  -0.049 0.0000000000
67231  -23.271  2.501  -0.244 0.0000000000
66356  -23.315  1.796  0.439 0.0000000000
113423  -23.606  1.148  -0.090 0.0000000000
65449  -19.877  0.658  2.139 0.0000000000
66325  -21.433  0.880  2.319 0.0000000000
64590  -20.731  -0.343  2.489 0.0000000000
65451  -21.377  0.183  2.488 0.0000000000
66326  -22.110  1.155  2.120 0.0000000000
65466  -22.743  0.916  1.807 0.0000000000
65479  -23.588  0.947  0.683 0.0000000000
110657  -23.803  0.378  -0.129 0.0000000000
64613  -24.015  -0.440  -0.637 0.0000000000
63835  -24.310  -1.235  -0.185 0.0000000000
105263  -24.304  -2.170  -0.065 0.0000000000
61456  -21.352  -4.783  3.353 0.0000000000
62253  -23.698  -3.296  3.206 0.0000000000
61473  -24.482  -3.974  2.739 0.0000000000
60610  -24.973  -4.862  2.736 0.0000000000
61486  -24.971  -4.528  1.899 0.0000000000
102246  -24.639  -4.305  0.981 0.0000000000
61496  -24.712  -5.090  0.480 0.0000000000
58750  -25.326  -8.016  -0.029 0.0000000000
98962  -25.190  -8.713  -0.673 0.0000000000
57135  -25.415  -9.427  -1.645 0.0000000000
116024  -26.901  -10.053  -1.627 0.0000000000
57921  -26.238  -8.926  2.755 0.0000000000
57930  -26.149  -9.207  1.773 0.0000000000
57115  -26.199  -10.147  1.365 0.0000000000
56282  -26.383  -10.842  2.009 0.0000000000
56289  -26.248  -11.053  1.011 0.0000000000
57122  -26.008  -10.396  0.467 0.0000000000
56307  -26.808  -10.902  -0.599 0.0000000000
54592  -30.063  -12.159  0.532 0.0000000000
54519  -24.775  -12.711  6.599 0.0000000000
52767  -24.840  -14.200  7.081 0.0000000000
53634  -25.234  -13.527  6.646 0.0000000000
54520  -25.483  -12.923  6.345 0.0000000000
119502  -26.190  -13.480  5.333 0.0000000000
52784  -26.476  -13.884  4.344 0.0000000000
103352  -26.860  -14.450  3.746 0.0000000000
105992  -25.572  -17.182  6.232 0.0000000000
51088  -25.894  -16.523  5.698 0.0000000000
51090  -27.341  -16.485  4.838 0.0000000000
51099  -27.081  -15.763  4.440 0.0000000000
51956  -26.726  -15.489  4.442 0.0000000000
52797  -26.892  -15.000  3.979 0.0000000000
51979  -27.312  -14.911  3.747 0.0000000000
52823  -28.392  -14.190  2.679 0.0000000000
52824  -29.393  -14.238  2.563 0.0000000000
52825  -30.234  -14.160  2.717 0.0000000000
51981  -30.337  -15.364  3.490 0.0000000000
52811  -30.656  -14.783  3.293 0.0000000000
53674  -30.773  -14.002  3.008 0.0000000000
108889  -22.078  -23.020  8.974 0.0000000000
45388  -23.166  -24.066  8.617 0.0000000000
44585  -22.717  -24.904  9.190 0.0000000000
45395  -24.482  -24.292  8.160 0.0000000000
45389  -24.550  -24.280  8.151 0.0000000000
45390  -25.043  -24.135  8.141 0.0000000000
42810  -21.746  -26.064  10.498 0.0000000000
47370  -28.583  -20.720  6.952 0.0000000000
48332  -31.100  -19.653  6.448 0.0000000000
49201  -24.125  -18.602  7.421 0.0000000000
49222  -28.690  -19.054  5.723 0.0000000000
49224  -30.263  -18.971  5.735 0.0000000000
49225  -31.109  -18.952  5.944 0.0000000000
50140  -29.082  -17.203  4.909 0.0000000000
51054  -24.240  -16.286  7.674 0.0000000000
51109  -31.187  -15.832  3.833 0.0000000000
51970  -31.422  -15.757  4.288 0.0000000000
51982  -30.984  -15.486  3.578 0.0000000000
52807  -27.185  -14.644  3.643 0.0000000000
54559  -26.620  -12.916  3.086 0.0000000000
54567  -26.720  -12.614  2.310 0.0000000000
54582  -30.229  -12.697  1.018 0.0000000000
55426  -23.646  -11.138  5.893 0.0000000000
57093  -26.221  -9.451  3.358 0.0000000000
57136  -26.091  -9.789  -1.599 0.0000000000
58727  -25.578  -7.665  3.737 0.0000000000
59630  -24.571  -5.964  4.101 0.0000000000
60597  -24.831  -5.383  3.450 0.0000000000
61459  -24.423  -4.643  3.413 0.0000000000
62999  -22.242  -2.400  3.286 0.0000000000
63831  -24.293  -1.624  0.626 0.0000000000
64593  -23.348  -0.329  1.854 0.0000000000
65450  -20.621  0.431  2.355 0.0000000000
65453  -22.903  0.226  1.987 0.0000000000
67208  -22.326  2.669  1.314 0.0000000000
100206  -25.820  -22.915  7.741 0.0000000000
100250  -23.829  -7.845  4.913 0.0000000000
104030  -20.484  -28.948  14.227 0.0000000000
107038  -26.530  -11.195  2.907 0.0000000000
107134  -25.077  -17.059  6.749 0.0000000000
109574  -28.542  -16.583  4.690 0.0000000000
114844  -27.366  -12.508  1.192 0.0000000000
114884  -30.522  -13.616  2.500 0.0000000000
117068  -29.483  -20.431  6.720 0.0000000000
118026  -18.229  -30.808  15.528 0.0000000000
118419  -24.303  -2.298  0.623 0.0000000000
120050  -25.958  -8.780  3.587 0.0000000000
