#!ascii label  , from subject sub-01 vox2ras=TkReg
1030
38296  -18.707  -30.629  15.708 0.4285714328
40094  -19.863  -29.488  13.734 0.2857142985
39179  -19.304  -29.808  14.495 0.4285714328
39172  -19.954  -29.567  14.343 0.4285714328
40084  -20.642  -28.935  15.526 0.4285714328
40095  -20.143  -29.184  13.442 0.2857142985
117665  -20.374  -28.942  13.527 0.4285714328
40994  -20.744  -28.094  14.106 0.4285714328
41014  -20.190  -27.399  12.141 0.4285714328
41841  -20.568  -27.700  13.050 0.4285714328
41860  -20.535  -26.900  11.888 0.4285714328
42790  -21.281  -26.024  11.927 0.4285714328
43784  -21.439  -25.936  10.476 0.5714285970
42802  -21.447  -26.186  10.846 0.5714285970
43763  -21.815  -25.552  11.410 0.4285714328
109657  -22.264  -25.633  10.643 0.2857142985
43785  -22.238  -25.901  10.178 0.7142857313
43778  -22.468  -25.761  10.028 0.7142857313
44578  -23.543  -24.587  9.255 0.7142857313
45362  -23.496  -23.270  10.433 0.4285714328
44577  -23.051  -25.184  9.680 0.7142857313
45390  -25.043  -24.135  8.141 0.5714285970
44593  -24.064  -24.469  8.524 0.5714285970
45389  -24.550  -24.280  8.151 0.5714285970
45396  -25.013  -24.238  8.009 0.5714285970
46321  -25.228  -23.117  8.450 0.5714285970
45395  -24.482  -24.292  8.160 0.5714285970
46322  -25.783  -22.731  8.075 0.4285714328
46335  -26.066  -22.348  7.572 0.5714285970
47361  -26.938  -21.422  7.445 0.5714285970
46326  -24.581  -21.951  7.461 0.7142857313
46329  -26.391  -21.852  7.313 0.7142857313
47369  -26.977  -21.536  7.204 0.7142857313
47362  -27.685  -21.007  7.062 0.5714285970
46334  -25.627  -22.963  7.683 0.5714285970
47359  -22.837  -21.426  8.245 0.5714285970
48311  -25.819  -20.866  6.869 0.8571428657
47377  -27.548  -21.090  6.941 0.7142857313
47378  -28.294  -20.793  6.910 0.5714285970
48310  -24.739  -20.387  7.014 0.7142857313
47366  -23.973  -20.587  7.324 0.5714285970
49216  -28.230  -19.649  6.035 0.7142857313
47379  -29.023  -20.487  6.732 0.5714285970
48321  -26.085  -19.899  6.557 0.7142857313
48323  -27.894  -20.352  6.482 0.7142857313
107724  -28.871  -18.074  5.384 0.5714285970
48322  -27.047  -20.196  6.499 0.7142857313
49223  -29.441  -18.998  5.684 0.5714285970
49214  -26.422  -18.847  6.166 0.7142857313
49221  -27.933  -18.380  5.613 0.7142857313
50148  -29.094  -16.566  4.555 0.7142857313
50141  -29.935  -17.999  5.180 0.7142857313
50138  -26.812  -17.167  5.389 0.7142857313
110786  -27.429  -17.388  5.341 0.7142857313
51091  -28.006  -16.299  4.645 0.7142857313
51969  -29.011  -15.706  4.010 0.7142857313
51102  -29.541  -16.255  4.234 0.5714285970
51090  -27.341  -16.485  4.838 0.7142857313
50127  -25.790  -17.924  6.118 0.5714285970
115745  -29.080  -15.271  3.570 0.5714285970
52810  -29.774  -14.737  3.111 0.5714285970
51099  -27.081  -15.763  4.440 0.8571428657
51089  -26.539  -16.297  4.997 0.8571428657
52809  -28.652  -14.683  3.155 0.7142857313
52808  -27.684  -14.536  3.308 0.7142857313
51967  -27.297  -15.292  4.041 0.8571428657
51980  -27.896  -15.003  3.664 0.7142857313
53688  -27.422  -13.533  2.458 0.8571428657
53690  -29.044  -13.755  2.028 0.5714285970
103352  -26.860  -14.450  3.746 0.8571428657
52797  -26.892  -15.000  3.979 0.8571428657
51979  -27.312  -14.911  3.747 0.8571428657
55459  -26.484  -11.800  2.118 0.8571428657
112656  -26.474  -11.565  1.474 0.8571428657
57104  -26.313  -9.819  2.354 0.8571428657
53673  -27.207  -14.081  3.192 0.8571428657
57081  -26.139  -9.908  4.074 1.0000000000
107233  -26.395  -10.303  3.095 1.0000000000
55450  -26.618  -12.047  2.917 0.8571428657
56264  -26.370  -10.752  3.854 1.0000000000
57910  -25.930  -8.209  3.273 1.0000000000
59612  -24.089  -6.649  4.427 0.7142857313
57921  -26.238  -8.926  2.755 1.0000000000
57901  -25.505  -8.281  4.233 1.0000000000
59631  -25.429  -6.971  3.680 1.0000000000
62253  -23.698  -3.296  3.206 1.0000000000
111350  -22.692  -3.164  3.535 0.8571428657
63814  -22.738  -1.712  2.950 0.8571428657
63000  -23.186  -2.458  3.151 1.0000000000
66326  -22.110  1.155  2.120 0.8571428657
64591  -21.724  -0.517  2.684 0.8571428657
107962  -22.416  -1.042  2.730 1.0000000000
67207  -21.649  2.448  1.838 0.8571428657
66337  -22.397  1.792  1.713 0.8571428657
101843  -21.577  3.271  1.432 0.7142857313
116315  -20.076  2.071  1.691 0.5714285970
68029  -20.513  3.618  1.169 0.7142857313
68030  -21.463  4.055  1.010 0.5714285970
68045  -18.127  3.678  0.420 0.5714285970
98975  -18.721  2.864  0.611 0.5714285970
68044  -16.963  3.617  0.240 0.4285714328
108622  -18.114  5.272  0.486 0.4285714328
69566  -19.790  5.812  0.662 0.4285714328
68816  -16.357  4.897  1.210 0.2857142985
69553  -16.535  5.714  0.954 0.2857142985
68833  -16.555  4.898  0.555 0.2857142985
69544  -16.417  5.735  1.646 0.2857142985
46327  -25.338  -23.672  7.920 0.5714285970
100780  -28.519  -20.345  6.457 0.5714285970
52824  -29.393  -14.238  2.563 0.5714285970
51968  -28.116  -15.437  4.009 0.7142857313
52822  -27.705  -14.031  2.806 0.8571428657
53701  -27.742  -13.136  1.672 0.8571428657
54579  -26.744  -12.244  1.590 0.8571428657
56282  -26.383  -10.842  2.009 0.8571428657
60598  -25.175  -6.161  3.582 0.8571428657
69536  -17.757  5.444  3.172 0.1428571492
41002  -19.930  -28.258  12.769 0.2857142985
40105  -20.177  -28.636  13.079 0.2857142985
41852  -20.955  -26.647  13.202 0.4285714328
41013  -19.945  -27.536  12.225 0.2857142985
41874  -20.947  -26.533  11.440 0.4285714328
41003  -20.190  -27.914  12.455 0.4285714328
42779  -21.314  -25.817  13.054 0.4285714328
41873  -20.709  -26.627  11.538 0.5714285970
43777  -22.047  -26.026  10.323 0.5714285970
44562  -22.560  -24.666  10.769 0.4285714328
44576  -22.300  -25.352  9.617 0.2857142985
43786  -22.776  -25.379  9.718 0.7142857313
44586  -23.374  -24.720  9.137 0.7142857313
44587  -23.966  -24.504  8.637 0.4285714328
45388  -23.166  -24.066  8.617 0.5714285970
47350  -25.894  -21.268  8.791 0.4285714328
46325  -23.448  -22.945  8.122 0.7142857313
105701  -24.949  -23.703  7.762 0.7142857313
46328  -26.217  -22.139  7.692 0.5714285970
103241  -26.528  -21.164  8.251 0.4285714328
47376  -26.755  -21.134  6.854 0.7142857313
47360  -23.400  -20.984  7.726 0.5714285970
119026  -24.685  -21.162  7.178 0.5714285970
50150  -30.768  -17.413  4.894 0.5714285970
116414  -24.444  -19.317  7.009 0.5714285970
48330  -29.809  -19.726  5.969 0.5714285970
49220  -27.019  -18.153  5.690 0.7142857313
49215  -27.393  -19.271  6.072 0.7142857313
50149  -29.905  -16.998  4.629 0.5714285970
49213  -25.447  -18.767  6.437 0.8571428657
51100  -27.644  -15.757  4.355 0.7142857313
53689  -28.112  -13.671  2.204 0.5714285970
53672  -26.756  -13.725  3.433 1.0000000000
57930  -26.149  -9.207  1.773 1.0000000000
56263  -25.952  -10.438  4.744 1.0000000000
59613  -24.955  -6.680  4.236 0.8571428657
60595  -23.078  -5.463  4.086 0.7142857313
60596  -24.089  -5.284  3.977 1.0000000000
60611  -25.233  -5.672  2.776 1.0000000000
61472  -23.111  -3.940  3.765 0.7142857313
60610  -24.973  -4.862  2.736 1.0000000000
61457  -22.425  -4.859  3.755 0.7142857313
65451  -21.377  0.183  2.488 0.8571428657
63815  -23.227  -1.075  2.395 1.0000000000
108493  -23.485  -1.897  2.558 1.0000000000
118687  -20.930  2.104  2.005 0.7142857313
68835  -17.452  4.550  0.283 0.7142857313
66354  -19.119  1.940  0.929 0.5714285970
68046  -19.304  3.620  0.809 0.7142857313
102587  -19.818  4.347  0.873 0.7142857313
99950  -17.781  2.974  0.254 0.4285714328
69563  -16.822  5.487  0.502 0.2857142985
105223  -20.274  5.007  0.834 0.4285714328
69565  -18.661  5.921  0.493 0.4285714328
70322  -16.436  6.361  1.416 0.2857142985
69564  -17.381  6.149  0.522 0.4285714328
45387  -22.180  -23.958  9.021 0.4285714328
68836  -18.715  4.442  0.670 0.7142857313
109106  -17.125  5.241  0.217 0.2857142985
39170  -18.531  -30.377  15.166 0.4285714328
39171  -19.337  -30.072  15.202 0.4285714328
40093  -19.092  -29.311  14.149 0.2857142985
40083  -18.443  -29.629  14.822 0.2857142985
40104  -20.185  -29.038  13.288 0.2857142985
41859  -20.170  -26.889  11.835 0.2857142985
41851  -20.472  -27.348  12.303 0.4285714328
41861  -20.866  -26.652  12.214 0.4285714328
42801  -21.225  -26.354  11.002 0.4285714328
44585  -22.717  -24.904  9.190 0.5714285970
47368  -26.435  -21.819  7.215 0.7142857313
48295  -27.621  -20.405  7.798 0.5714285970
106653  -23.789  -22.224  7.735 0.7142857313
47367  -25.572  -21.788  7.255 0.7142857313
49203  -25.135  -19.613  6.719 0.5714285970
48324  -29.074  -19.973  6.062 0.5714285970
50139  -28.165  -17.116  5.102 0.7142857313
50128  -26.425  -17.821  5.786 0.8571428657
51101  -28.499  -15.983  4.367 0.7142857313
50137  -26.207  -17.134  5.710 0.8571428657
52823  -28.392  -14.190  2.679 0.8571428657
53687  -26.942  -13.362  2.702 0.8571428657
54568  -27.094  -12.933  1.947 0.8571428657
118276  -26.567  -14.726  4.201 0.8571428657
120088  -26.502  -11.486  3.603 1.0000000000
58715  -25.183  -7.454  4.321 1.0000000000
59629  -23.631  -6.040  4.289 0.8571428657
66336  -21.542  1.660  2.113 0.8571428657
67206  -20.768  2.752  1.599 0.7142857313
67205  -19.744  2.821  1.168 0.5714285970
108497  -19.261  5.126  0.798 0.4285714328
68807  -16.396  4.808  2.116 0.2857142985
68834  -16.836  4.738  0.208 0.2857142985
69545  -16.769  5.632  2.379 0.2857142985
61458  -23.550  -4.673  3.822 1.0000000000
71115  -19.807  8.351  -0.649 0.2857142985
71820  -18.607  8.668  0.080 0.1428571492
71103  -19.770  7.282  0.123 0.2857142985
71116  -20.561  7.681  -0.952 0.2857142985
71827  -18.174  9.518  0.151 0.1428571492
70333  -16.942  7.061  0.948 0.1428571492
70335  -19.118  6.731  0.430 0.2857142985
71100  -17.494  7.844  0.903 0.1428571492
71132  -21.160  7.172  -1.502 0.2857142985
70354  -20.525  7.097  -0.226 0.2857142985
68077  -22.478  3.082  -3.184 0.2857142985
69599  -22.229  5.212  -2.415 0.2857142985
71819  -17.677  9.216  0.991 0.1428571492
68055  -22.673  3.750  -0.754 0.2857142985
70364  -21.488  6.515  -1.117 0.2857142985
70336  -20.248  6.488  0.336 0.2857142985
66371  -23.503  1.526  -1.546 0.1428571492
68862  -22.585  4.189  -1.463 0.2857142985
69581  -22.089  5.426  -0.729 0.2857142985
109689  -17.860  8.438  0.672 0.1428571492
69568  -21.559  5.724  -0.231 0.2857142985
113467  -23.083  -0.736  -3.148 0.1428571492
65501  -23.267  0.514  -2.442 0.1428571492
67239  -23.112  2.817  -1.855 0.4285714328
68838  -22.004  4.369  0.394 0.2857142985
63835  -24.310  -1.235  -0.185 0.2857142985
66356  -23.315  1.796  0.439 0.4285714328
107704  -22.445  3.902  0.005 0.2857142985
63030  -24.050  -3.071  -1.144 0.1428571492
65487  -23.735  0.107  -1.014 0.2857142985
67230  -22.837  3.265  -0.049 0.4285714328
65479  -23.588  0.947  0.683 0.5714285970
67222  -22.810  2.626  0.556 0.7142857313
111085  -24.183  -4.275  -0.733 0.1428571492
63023  -24.230  -2.774  -0.513 0.1428571492
66355  -22.811  2.051  1.070 0.7142857313
68047  -22.278  3.499  0.739 0.4285714328
64614  -24.124  -0.350  0.303 0.4285714328
60651  -24.023  -5.778  -1.254 0.2857142985
107799  -24.451  -4.284  0.017 0.7142857313
65466  -22.743  0.916  1.807 0.7142857313
63001  -23.827  -2.596  2.587 0.8571428657
63011  -24.152  -2.029  1.346 0.8571428657
64603  -23.978  -0.383  1.185 0.5714285970
58760  -24.458  -8.058  -1.507 0.2857142985
59694  -24.179  -6.607  -1.276 0.2857142985
63825  -24.157  -1.183  1.270 0.7142857313
111430  -19.856  -0.135  2.211 0.5714285970
63824  -23.780  -0.886  1.734 0.8571428657
113767  -24.826  -8.578  -1.283 0.1428571492
102246  -24.639  -4.305  0.981 0.7142857313
57947  -25.120  -9.145  -1.362 0.1428571492
56253  -23.014  -10.441  5.503 0.5714285970
110349  -25.180  -8.885  4.941 0.8571428657
57900  -24.662  -8.138  4.885 0.8571428657
57068  -24.479  -8.894  5.236 0.4285714328
58714  -24.404  -7.328  4.596 0.5714285970
109568  -23.936  -4.054  3.478 0.8571428657
59659  -25.541  -6.801  1.458 0.8571428657
61473  -24.482  -3.974  2.739 0.8571428657
108123  -25.395  -9.368  -0.618 0.2857142985
60621  -25.144  -5.345  1.397 0.8571428657
63816  -23.853  -1.518  1.919 0.8571428657
116024  -26.901  -10.053  -1.627 0.4285714328
59672  -25.165  -6.935  0.249 0.7142857313
60628  -24.987  -5.893  0.609 0.7142857313
55425  -22.669  -11.341  5.668 0.2857142985
56255  -25.272  -10.249  5.342 0.5714285970
56254  -24.290  -10.397  5.549 0.5714285970
57092  -25.744  -9.137  4.215 0.8571428657
59645  -25.531  -6.635  2.638 0.8571428657
60622  -25.399  -5.943  1.962 0.8571428657
61487  -25.277  -5.206  2.196 0.8571428657
57121  -25.599  -9.852  -0.101 0.4285714328
100001  -25.590  -7.762  0.833 0.8571428657
117557  -25.285  -6.163  1.167 0.8571428657
56306  -26.369  -10.368  -1.107 0.4285714328
51072  -24.921  -16.470  7.139 0.7142857313
52756  -24.292  -14.846  7.431 0.4285714328
51073  -25.410  -16.534  6.500 0.7142857313
112776  -25.934  -15.170  5.258 0.8571428657
53634  -25.234  -13.527  6.646 0.5714285970
54518  -23.652  -12.638  6.548 0.5714285970
54517  -22.642  -12.755  6.337 0.4285714328
119502  -26.190  -13.480  5.333 0.8571428657
55416  -25.343  -12.188  6.267 0.5714285970
55427  -24.532  -11.070  5.945 0.5714285970
54545  -26.545  -13.018  4.004 0.8571428657
55437  -26.262  -11.380  4.556 0.7142857313
110560  -25.184  -11.374  6.044 0.5714285970
104915  -26.841  -11.759  0.800 0.7142857313
56289  -26.248  -11.053  1.011 0.7142857313
57114  -25.832  -9.533  0.814 0.7142857313
57929  -25.845  -8.528  1.286 0.8571428657
119809  -29.446  -11.138  -0.304 0.2857142985
55485  -27.891  -10.993  -0.731 0.4285714328
56307  -26.808  -10.902  -0.599 0.5714285970
50113  -24.485  -17.142  7.371 0.4285714328
51053  -23.305  -16.097  8.086 0.4285714328
51956  -26.726  -15.489  4.442 0.7142857313
51955  -26.027  -15.776  5.101 0.7142857313
52783  -26.376  -15.170  4.548 0.7142857313
53648  -26.309  -12.863  5.029 0.8571428657
54580  -28.296  -12.725  0.879 0.7142857313
55487  -29.151  -11.504  -0.293 0.2857142985
55479  -27.819  -12.104  0.372 0.5714285970
48309  -23.931  -19.502  7.426 0.4285714328
49188  -23.474  -18.596  8.076 0.5714285970
50126  -25.012  -17.824  6.633 0.5714285970
53691  -30.048  -13.653  2.012 0.4285714328
54581  -29.388  -12.759  0.840 0.4285714328
54592  -30.063  -12.159  0.532 0.4285714328
54591  -29.036  -12.149  0.167 0.4285714328
119249  -22.625  -22.035  8.362 0.5714285970
48325  -29.760  -20.211  6.498 0.4285714328
112730  -30.754  -18.230  5.427 0.4285714328
52812  -31.168  -15.072  3.575 0.4285714328
51107  -30.007  -15.880  3.782 0.4285714328
53675  -31.054  -14.411  3.595 0.4285714328
52825  -30.234  -14.160  2.717 0.4285714328
43750  -21.674  -25.097  12.754 0.1428571492
50151  -31.286  -16.969  4.760 0.4285714328
112014  -31.208  -16.245  4.213 0.4285714328
51983  -31.280  -15.454  3.799 0.4285714328
43764  -22.197  -24.758  11.529 0.1428571492
45347  -22.928  -23.419  11.380 0.1428571492
46305  -24.650  -21.785  9.921 0.2857142985
48298  -30.308  -19.371  8.210 0.2857142985
49204  -32.344  -19.093  7.290 0.2857142985
103152  -31.456  -19.814  6.917 0.2857142985
109871  -32.205  -18.262  6.758 0.2857142985
48327  -31.639  -19.303  6.413 0.2857142985
47372  -29.903  -20.322  6.773 0.2857142985
50144  -31.834  -17.613  5.756 0.2857142985
50143  -31.649  -17.335  5.309 0.4285714328
112307  -22.507  -23.845  13.082 0.1428571492
44545  -22.528  -23.778  12.181 0.1428571492
45348  -23.561  -22.560  11.914 0.2857142985
45363  -23.894  -22.178  11.260 0.2857142985
47330  -26.593  -20.172  10.348 0.2857142985
48255  -28.000  -19.508  9.848 0.2857142985
48272  -27.661  -19.507  8.900 0.2857142985
47351  -26.391  -20.366  9.331 0.2857142985
48273  -28.525  -19.196  9.064 0.2857142985
112348  -22.938  -23.439  13.101 0.1428571492
46273  -25.249  -21.564  12.143 0.2857142985
45336  -24.068  -22.590  13.068 0.2857142985
108868  -25.535  -21.162  11.493 0.2857142985
46285  -24.573  -21.625  11.193 0.2857142985
47316  -26.076  -20.625  10.954 0.2857142985
104030  -20.484  -28.948  14.227 0.2857142985
42769  -21.535  -25.801  14.052 0.1428571492
43735  -21.845  -25.028  13.780 0.1428571492
38285  -18.881  -30.900  16.314 0.2857142985
38284  -18.197  -31.143  15.961 0.2857142985
40995  -21.261  -26.736  14.354 0.2857142985
38286  -19.537  -30.388  16.299 0.1428571492
37500  -18.089  -31.383  16.655 0.2857142985
44546  -23.205  -23.029  12.595 0.1428571492
45349  -24.546  -22.029  12.342 0.2857142985
48274  -29.509  -19.235  9.153 0.2857142985
48254  -27.102  -19.757  9.638 0.2857142985
102116  -31.469  -19.641  7.657 0.2857142985
47371  -29.277  -20.459  6.790 0.4285714328
48331  -30.464  -19.718  6.200 0.4285714328
49217  -31.991  -18.816  6.396 0.2857142985
51092  -31.831  -16.865  5.632 0.2857142985
51937  -25.282  -15.202  6.888 0.7142857313
102043  -31.504  -16.548  4.814 0.4285714328
55428  -25.891  -11.912  5.516 0.5714285970
51981  -30.337  -15.364  3.490 0.4285714328
53703  -29.696  -13.253  1.401 0.4285714328
55468  -30.499  -12.120  1.040 0.2857142985
56298  -29.735  -10.926  0.207 0.2857142985
55486  -28.400  -11.548  -0.293 0.5714285970
105715  -21.547  -1.638  2.918 0.7142857313
62254  -24.201  -3.199  2.455 0.8571428657
101179  -19.537  1.257  1.735 0.4285714328
66324  -20.549  1.343  2.188 0.5714285970
65452  -22.189  0.390  2.360 0.7142857313
56313  -27.372  -10.484  -1.274 0.2857142985
62266  -24.483  -3.572  1.679 0.8571428657
64592  -22.670  -0.364  2.426 0.8571428657
59671  -24.570  -6.032  -0.351 0.5714285970
68837  -21.224  4.776  0.651 0.2857142985
64613  -24.015  -0.440  -0.637 0.4285714328
71815  -17.068  8.281  1.884 0.1428571492
67246  -23.302  2.076  -2.109 0.2857142985
112093  -23.511  0.893  -1.853 0.1428571492
70372  -21.534  6.559  -2.020 0.2857142985
38287  -20.544  -30.050  16.748 0.1428571492
40068  -21.482  -28.527  16.200 0.1428571492
43751  -22.244  -24.366  13.443 0.1428571492
44516  -23.037  -23.815  13.842 0.1428571492
44530  -23.634  -23.219  13.517 0.1428571492
46284  -24.103  -22.506  10.159 0.2857142985
117294  -24.946  -21.315  10.788 0.2857142985
48256  -28.975  -19.486  9.938 0.2857142985
46306  -25.344  -21.604  9.290 0.2857142985
117942  -31.369  -19.425  8.645 0.2857142985
48294  -26.977  -20.226  8.632 0.2857142985
51074  -31.941  -16.754  6.605 0.2857142985
52770  -31.253  -15.103  6.025 0.2857142985
116476  -25.285  -15.976  6.918 0.7142857313
104888  -25.603  -15.922  6.169 0.5714285970
53632  -23.096  -13.306  6.777 0.4285714328
52767  -24.840  -14.200  7.081 0.5714285970
51957  -31.616  -15.944  5.215 0.4285714328
55436  -22.035  -10.930  5.191 0.2857142985
54532  -23.053  -11.928  6.191 0.5714285970
52786  -31.380  -15.066  4.988 0.2857142985
51103  -30.655  -16.501  4.264 0.4285714328
54520  -25.483  -12.923  6.345 0.7142857313
53661  -31.005  -13.993  4.342 0.1428571492
54560  -30.736  -13.214  2.894 0.4285714328
54569  -30.672  -12.976  2.040 0.4285714328
55452  -30.484  -12.264  2.851 0.1428571492
58736  -25.774  -7.528  2.932 0.8571428657
55460  -30.331  -11.541  1.381 0.1428571492
55478  -27.304  -11.448  -0.048 0.5714285970
56308  -28.910  -10.973  -0.720 0.2857142985
56296  -26.036  -10.462  -0.355 0.5714285970
58750  -25.326  -8.016  -0.029 0.7142857313
105747  -24.195  -2.707  1.875 0.8571428657
57137  -26.890  -9.476  -1.990 0.2857142985
57144  -25.778  -9.250  -2.251 0.1428571492
70332  -16.658  6.344  0.966 0.2857142985
58761  -24.988  -7.896  -0.725 0.4285714328
57135  -25.415  -9.427  -1.645 0.4285714328
58771  -23.989  -8.280  -2.317 0.1428571492
117584  -24.325  -2.866  0.167 0.5714285970
99004  -23.993  -7.521  -1.809 0.1428571492
61502  -24.318  -5.017  -0.528 0.1428571492
62292  -23.942  -3.924  -1.279 0.1428571492
64610  -24.299  -0.914  0.680 0.5714285970
61509  -23.911  -4.822  -1.317 0.1428571492
63838  -24.189  -2.116  -0.958 0.1428571492
68063  -23.022  3.041  -0.946 0.2857142985
66366  -23.547  1.714  -0.583 0.2857142985
63841  -23.726  -1.175  -1.982 0.1428571492
63847  -23.353  -1.301  -2.747 0.1428571492
64625  -23.396  -0.396  -2.417 0.1428571492
68070  -22.772  3.294  -2.398 0.2857142985
67249  -22.565  2.262  -3.422 0.1428571492
65500  -22.895  0.959  -2.992 0.1428571492
108450  -21.814  -29.098  16.599 0.1428571492
43736  -22.636  -24.531  14.297 0.1428571492
48299  -32.043  -19.424  8.462 0.2857142985
57124  -29.425  -10.257  0.071 0.2857142985
64633  -22.666  -0.707  -3.776 0.1428571492
67248  -22.030  2.760  -3.960 0.2857142985
38295  -17.939  -30.862  15.547 0.2857142985
39156  -20.112  -29.636  15.850 0.1428571492
40067  -21.002  -29.242  16.455 0.1428571492
40983  -21.123  -28.191  15.324 0.1428571492
40984  -21.525  -27.254  15.295 0.1428571492
110510  -22.110  -24.469  12.465 0.1428571492
44563  -23.177  -24.435  10.173 0.2857142985
45378  -24.305  -24.059  8.947 0.4285714328
48312  -28.295  -20.633  7.239 0.4285714328
105992  -25.572  -17.182  6.232 0.5714285970
49202  -24.690  -18.658  6.839 0.4285714328
52811  -30.656  -14.783  3.293 0.4285714328
51088  -25.894  -16.523  5.698 0.7142857313
52784  -26.476  -13.884  4.344 0.7142857313
57115  -26.199  -10.147  1.365 0.7142857313
57080  -25.539  -9.668  4.822 0.8571428657
55438  -26.556  -12.182  3.774 0.8571428657
57920  -26.094  -8.284  2.302 0.8571428657
66325  -21.433  0.880  2.319 0.5714285970
118616  -20.674  4.362  0.956 0.2857142985
53702  -28.679  -13.263  1.471 0.4285714328
47329  -25.779  -20.618  9.916 0.2857142985
50142  -31.378  -17.923  5.416 0.4285714328
105238  -25.624  -10.962  5.421 0.5714285970
61486  -24.971  -4.528  1.899 0.8571428657
114353  -23.955  -2.130  2.063 0.8571428657
112980  -18.168  6.491  0.466 0.2857142985
69567  -20.895  5.639  0.405 0.2857142985
110084  -26.188  -14.406  5.115 0.8571428657
108970  -20.088  7.683  -0.287 0.2857142985
118655  -19.344  8.473  -0.300 0.1428571492
71102  -19.479  8.020  -0.109 0.2857142985
71101  -18.643  7.784  0.322 0.2857142985
70334  -17.825  7.052  0.569 0.1428571492
71117  -21.055  7.009  -0.775 0.2857142985
68877  -22.470  3.843  -2.830 0.2857142985
69589  -21.972  5.835  -1.584 0.2857142985
69590  -22.420  5.012  -1.494 0.2857142985
71818  -17.382  8.406  1.387 0.1428571492
68854  -22.344  4.567  -0.526 0.2857142985
68062  -22.828  3.507  -1.605 0.2857142985
70337  -21.143  6.396  -0.239 0.2857142985
107266  -21.710  6.002  -0.750 0.2857142985
67240  -23.364  2.296  -1.205 0.2857142985
66374  -22.971  1.775  -2.871 0.1428571492
66375  -23.284  1.296  -2.333 0.1428571492
68853  -21.765  5.115  0.034 0.2857142985
65494  -23.565  0.243  -1.731 0.1428571492
65506  -22.855  0.076  -3.193 0.1428571492
67245  -22.906  2.566  -2.665 0.1428571492
63834  -24.100  -1.188  -1.184 0.1428571492
66338  -23.142  1.371  1.248 0.5714285970
113423  -23.606  1.148  -0.090 0.4285714328
67231  -23.271  2.501  -0.244 0.5714285970
63029  -23.801  -3.446  -1.967 0.1428571492
62284  -24.245  -3.527  -0.448 0.1428571492
106364  -23.659  0.858  -1.009 0.2857142985
64618  -23.763  -0.468  -1.514 0.2857142985
110657  -23.803  0.378  -0.129 0.4285714328
113086  -23.853  0.256  0.754 0.5714285970
65467  -23.424  0.456  1.373 0.7142857313
62276  -24.435  -3.561  0.546 0.4285714328
105263  -24.304  -2.170  -0.065 0.5714285970
61496  -24.712  -5.090  0.480 0.5714285970
63018  -24.334  -2.823  1.048 0.7142857313
59684  -24.591  -7.134  -0.903 0.5714285970
98962  -25.190  -8.713  -0.673 0.4285714328
118105  -24.871  -4.805  1.207 0.8571428657
116734  -25.029  -10.747  5.770 0.5714285970
57069  -24.801  -9.573  5.297 0.5714285970
57892  -23.706  -8.560  5.187 0.4285714328
57067  -23.691  -9.537  5.347 0.4285714328
58744  -25.864  -7.543  1.894 0.8571428657
57937  -25.526  -8.852  0.204 0.4285714328
57130  -25.591  -9.868  -0.962 0.5714285970
116351  -23.851  -16.770  8.019 0.5714285970
51922  -24.705  -15.714  7.369 0.4285714328
51938  -25.699  -15.358  5.892 0.7142857313
52768  -25.658  -14.509  6.219 0.7142857313
53647  -25.833  -13.574  5.998 0.7142857313
53633  -24.198  -13.390  6.836 0.4285714328
54519  -24.775  -12.711  6.599 0.5714285970
55415  -24.360  -11.801  6.354 0.5714285970
116860  -22.294  -13.371  6.463 0.2857142985
54533  -25.900  -12.785  5.853 0.7142857313
55429  -26.359  -12.246  4.612 0.8571428657
56297  -26.419  -11.077  0.192 0.5714285970
57122  -26.008  -10.396  0.467 0.7142857313
105180  -24.422  -17.974  7.234 0.5714285970
50112  -23.823  -17.651  7.956 0.5714285970
53704  -30.297  -13.063  1.508 0.4285714328
55467  -30.174  -11.548  0.684 0.2857142985
48326  -30.571  -20.076  6.691 0.2857142985
116582  -31.626  -18.626  6.007 0.4285714328
51108  -30.881  -15.927  3.761 0.4285714328
52798  -31.366  -14.892  4.111 0.4285714328
53674  -30.773  -14.002  3.008 0.4285714328
107805  -25.275  -21.045  10.411 0.2857142985
48315  -30.663  -20.061  7.123 0.2857142985
48297  -29.131  -19.225  8.257 0.2857142985
48328  -31.992  -19.430  6.855 0.2857142985
48313  -28.898  -20.022  7.387 0.2857142985
48296  -28.308  -19.537  8.122 0.2857142985
47331  -27.545  -19.986  10.583 0.2857142985
38267  -19.333  -31.043  16.785 0.1428571492
37519  -18.702  -31.274  16.743 0.1428571492
38269  -21.016  -30.650  17.370 0.1428571492
54583  -30.458  -12.609  1.446 0.2857142985
71096  -16.942  7.732  1.533 0.1428571492
70323  -16.525  7.067  1.614 0.1428571492
104311  -20.861  -1.034  2.639 0.5714285970
62251  -20.675  -3.145  2.963 0.4285714328
62997  -20.560  -2.397  2.780 0.4285714328
63813  -20.308  -1.693  2.589 0.5714285970
62252  -21.628  -3.155  3.456 0.4285714328
104682  -22.145  -5.773  3.803 0.4285714328
61471  -22.014  -3.956  3.657 0.4285714328
61456  -21.352  -4.783  3.353 0.4285714328
62998  -21.329  -2.513  3.139 0.5714285970
58713  -23.493  -7.292  4.671 0.5714285970
50098  -32.470  -18.123  8.476 0.1428571492
51056  -32.201  -17.420  7.135 0.1428571492
51055  -31.881  -16.619  7.524 0.1428571492
44561  -20.689  -25.097  10.609 0.2857142985
48316  -32.044  -19.481  7.433 0.1428571492
49161  -32.330  -18.713  10.359 0.1428571492
49172  -32.479  -18.854  8.986 0.1428571492
51018  -31.198  -16.806  10.418 0.1428571492
50097  -32.099  -17.289  8.846 0.1428571492
43776  -20.577  -25.748  10.979 0.2857142985
48275  -30.668  -19.471  9.365 0.1428571492
47335  -32.260  -20.057  10.089 0.1428571492
49162  -32.585  -19.067  9.855 0.1428571492
50062  -31.250  -17.836  11.455 0.1428571492
49153  -32.418  -19.396  10.548 0.1428571492
50978  -30.764  -16.089  13.353 0.1428571492
50061  -30.807  -17.053  12.045 0.1428571492
51864  -30.648  -15.599  12.717 0.1428571492
42800  -20.398  -26.315  11.455 0.2857142985
43775  -19.697  -25.378  11.634 0.2857142985
46287  -27.597  -21.175  11.841 0.1428571492
47319  -29.118  -20.802  11.000 0.1428571492
47332  -28.525  -19.999  10.592 0.1428571492
48257  -29.874  -19.603  9.894 0.1428571492
47321  -32.245  -20.420  10.657 0.1428571492
113022  -30.868  -20.253  10.231 0.1428571492
103740  -32.269  -19.590  11.129 0.1428571492
47334  -31.935  -20.535  10.452 0.1428571492
114711  -31.140  -18.573  12.255 0.1428571492
50031  -30.654  -17.838  13.642 0.1428571492
113680  -31.063  -16.663  14.451 0.1428571492
50046  -30.717  -17.398  12.873 0.1428571492
42788  -18.916  -25.736  12.596 0.2857142985
107916  -18.800  -26.281  12.942 0.2857142985
46274  -26.093  -21.534  12.350 0.1428571492
46292  -32.056  -21.094  10.926 0.1428571492
46307  -30.261  -21.032  10.825 0.1428571492
47310  -32.027  -20.930  11.887 0.1428571492
49125  -30.760  -18.767  13.458 0.1428571492
48240  -31.629  -19.987  12.279 0.1428571492
51841  -31.689  -15.446  14.151 0.1428571492
50979  -31.085  -16.072  14.027 0.1428571492
45350  -25.576  -22.023  12.791 0.1428571492
45351  -26.513  -22.156  12.865 0.1428571492
45338  -25.975  -22.607  13.357 0.1428571492
107321  -28.825  -22.349  11.892 0.1428571492
45352  -27.520  -22.522  12.727 0.1428571492
45366  -30.830  -22.459  11.659 0.1428571492
46288  -28.700  -21.585  11.570 0.1428571492
45355  -31.236  -22.257  11.841 0.1428571492
46290  -30.665  -21.862  11.244 0.1428571492
46277  -31.626  -21.647  11.878 0.1428571492
49106  -30.677  -18.405  14.470 0.1428571492
48224  -31.042  -19.661  13.108 0.1428571492
50015  -31.341  -17.032  15.057 0.1428571492
115597  -30.792  -17.398  14.455 0.1428571492
44547  -28.029  -23.264  12.762 0.1428571492
114941  -27.483  -23.024  13.051 0.1428571492
45339  -26.901  -22.830  13.232 0.1428571492
46275  -27.071  -21.677  12.399 0.1428571492
45354  -30.878  -22.859  12.034 0.1428571492
44564  -30.319  -23.051  11.855 0.1428571492
45340  -31.191  -22.334  12.470 0.1428571492
47297  -31.003  -20.857  13.584 0.1428571492
48223  -30.744  -19.376  13.997 0.1428571492
46263  -31.457  -21.413  12.634 0.1428571492
43753  -27.778  -24.521  13.301 0.1428571492
44534  -27.455  -23.571  13.312 0.1428571492
43752  -26.997  -24.109  13.918 0.1428571492
43765  -29.320  -24.347  12.426 0.1428571492
42781  -28.621  -24.675  12.669 0.1428571492
44549  -30.379  -23.445  12.301 0.1428571492
44548  -29.724  -23.598  12.165 0.1428571492
113925  -30.923  -20.120  13.588 0.1428571492
113561  -28.876  -23.706  12.321 0.1428571492
46276  -28.045  -21.974  12.212 0.1428571492
45365  -30.133  -22.518  11.507 0.1428571492
50963  -31.728  -16.190  14.757 0.1428571492
52667  -32.425  -15.003  14.123 0.1428571492
50962  -30.722  -16.848  13.663 0.1428571492
49152  -31.885  -18.721  11.092 0.1428571492
48300  -32.353  -19.209  8.237 0.1428571492
51039  -31.710  -16.543  8.369 0.1428571492
41858  -19.459  -26.637  12.360 0.2857142985
47280  -30.738  -20.118  14.477 0.1428571492
49080  -31.002  -18.622  15.397 0.1428571492
51842  -32.323  -15.611  14.566 0.1428571492
52691  -32.563  -14.320  13.619 0.1428571492
59628  -22.602  -6.357  4.231 0.4285714328
52690  -31.633  -14.648  13.547 0.1428571492
51854  -31.034  -15.428  13.501 0.1428571492
51004  -30.708  -16.444  11.618 0.1428571492
52689  -30.868  -14.835  13.018 0.1428571492
52747  -31.395  -15.843  7.862 0.1428571492
51939  -31.646  -15.971  6.253 0.1428571492
63812  -19.978  -0.963  2.408 0.4285714328
65449  -19.877  0.658  2.139 0.4285714328
67252  -21.520  2.314  -4.743 0.1428571492
64590  -20.731  -0.343  2.489 0.4285714328
68076  -21.938  3.708  -3.704 0.1428571492
50114  -32.430  -18.208  7.624 0.1428571492
47317  -27.067  -20.501  11.238 0.1428571492
45337  -25.030  -22.496  13.307 0.1428571492
46286  -26.595  -21.086  11.800 0.1428571492
52785  -31.132  -14.364  4.884 0.1428571492
49189  -32.537  -18.835  8.097 0.1428571492
51040  -32.263  -17.310  8.017 0.1428571492
50073  -32.349  -18.333  9.860 0.1428571492
50082  -31.785  -17.331  9.707 0.1428571492
50072  -31.680  -17.832  10.574 0.1428571492
48276  -32.312  -19.433  9.417 0.1428571492
51005  -31.061  -17.042  11.175 0.1428571492
51026  -31.495  -16.517  9.170 0.1428571492
51889  -30.757  -16.008  10.222 0.1428571492
47352  -31.814  -19.797  9.595 0.1428571492
48258  -32.409  -19.784  10.246 0.1428571492
50047  -30.925  -17.930  12.187 0.1428571492
48248  -32.415  -20.110  10.829 0.1428571492
50992  -30.628  -16.232  12.207 0.1428571492
47318  -28.077  -20.547  11.273 0.1428571492
47333  -29.572  -20.095  10.457 0.1428571492
46308  -31.379  -21.196  10.857 0.1428571492
47320  -32.269  -20.765  11.123 0.1428571492
105904  -31.640  -19.231  11.803 0.1428571492
48247  -32.188  -20.197  11.462 0.1428571492
49126  -31.126  -19.087  12.614 0.1428571492
46289  -29.740  -21.783  11.220 0.1428571492
109419  -31.980  -21.211  11.383 0.1428571492
46291  -31.429  -21.670  11.420 0.1428571492
47298  -31.376  -20.533  12.827 0.1428571492
44532  -25.487  -23.174  13.860 0.1428571492
44533  -26.480  -23.352  13.709 0.1428571492
104145  -28.482  -22.792  12.313 0.1428571492
45364  -29.412  -22.299  11.574 0.1428571492
44535  -28.201  -23.961  12.861 0.1428571492
45353  -29.449  -22.942  11.903 0.1428571492
44536  -30.737  -23.116  12.738 0.1428571492
46247  -30.845  -21.101  14.467 0.1428571492
38265  -16.661  -30.450  17.346 0.1428571492
38283  -17.665  -31.087  16.088 0.1428571492
39137  -16.193  -29.923  16.942 0.1428571492
38282  -17.003  -30.501  16.536 0.1428571492
39155  -17.363  -30.453  15.852 0.1428571492
40082  -17.608  -29.074  15.245 0.1428571492
40092  -18.171  -28.647  14.694 0.1428571492
41840  -17.978  -26.851  14.184 0.1428571492
100081  -18.660  -28.375  14.122 0.1428571492
40991  -17.181  -27.283  15.070 0.1428571492
40993  -18.764  -27.606  13.680 0.1428571492
41850  -19.206  -27.133  12.899 0.1428571492
42777  -17.707  -25.679  13.669 0.1428571492
42778  -18.265  -25.595  13.190 0.1428571492
43774  -18.945  -24.483  11.984 0.1428571492
43762  -19.093  -25.253  12.215 0.1428571492
44575  -21.402  -25.110  10.005 0.1428571492
44560  -19.751  -24.441  11.276 0.2857142985
45377  -21.785  -24.370  9.503 0.2857142985
47358  -22.076  -20.384  8.871 0.4285714328
48293  -23.262  -19.685  8.126 0.4285714328
57899  -22.857  -8.087  4.791 0.2857142985
58726  -21.831  -7.083  3.986 0.2857142985
59611  -23.268  -6.692  4.499 0.2857142985
62264  -19.244  -3.198  2.006 0.2857142985
63010  -19.651  -2.418  2.308 0.2857142985
63823  -19.416  -1.711  2.033 0.4285714328
42789  -19.613  -26.087  11.940 0.1428571492
44559  -18.764  -23.561  11.749 0.1428571492
44574  -20.273  -23.997  10.649 0.2857142985
41839  -17.328  -26.719  14.668 0.1428571492
43761  -18.344  -24.811  12.669 0.1428571492
44544  -18.145  -23.872  12.315 0.1428571492
45361  -19.380  -23.248  11.204 0.2857142985
106244  -20.789  -23.463  10.207 0.2857142985
46320  -22.435  -22.525  8.629 0.4285714328
47349  -22.135  -21.439  8.793 0.4285714328
57079  -22.780  -9.035  5.152 0.2857142985
57898  -21.869  -7.909  4.218 0.2857142985
58712  -22.622  -7.215  4.493 0.2857142985
109719  -21.164  -6.865  3.510 0.2857142985
109591  -21.814  -6.427  3.784 0.2857142985
60594  -21.609  -5.432  3.500 0.2857142985
61469  -19.293  -4.877  2.172 0.2857142985
61485  -18.487  -4.845  1.486 0.2857142985
62265  -19.927  -3.003  2.561 0.2857142985
45386  -21.317  -22.822  9.664 0.2857142985
58725  -21.159  -7.687  3.581 0.2857142985
57078  -21.846  -8.895  4.464 0.2857142985
59626  -20.520  -6.462  3.055 0.2857142985
105130  -19.801  -5.879  2.457 0.2857142985
59627  -21.349  -6.093  3.449 0.2857142985
60593  -20.776  -5.591  3.109 0.2857142985
61470  -20.934  -3.958  3.207 0.2857142985
58724  -20.482  -7.360  3.072 0.2857142985
59644  -19.837  -6.963  2.531 0.2857142985
102918  -22.797  -20.337  8.382 0.4285714328
108889  -22.078  -23.020  8.974 0.4285714328
39169  -17.809  -30.118  15.357 0.1428571492
62250  -19.827  -3.870  2.546 0.2857142985
61455  -20.306  -4.841  2.796 0.2857142985
39168  -17.065  -29.548  15.733 0.1428571492
40982  -17.409  -28.070  15.180 0.1428571492
40992  -17.915  -27.608  14.550 0.1428571492
42768  -17.546  -26.134  14.175 0.1428571492
41849  -18.315  -26.433  13.573 0.1428571492
47348  -21.551  -20.832  9.295 0.4285714328
61468  -18.879  -4.040  1.737 0.2857142985
46319  -21.543  -21.805  9.280 0.4285714328
59658  -19.186  -6.652  1.915 0.2857142985
49187  -22.763  -18.670  8.585 0.2857142985
51038  -23.138  -16.870  8.385 0.2857142985
70390  -18.803  6.476  -5.141 0.1428571492
69617  -18.993  5.601  -5.356 0.1428571492
69608  -20.561  5.970  -4.286 0.1428571492
68884  -21.550  4.541  -3.884 0.1428571492
70400  -17.372  5.950  -6.037 0.1428571492
69609  -21.287  5.961  -3.574 0.1428571492
71143  -21.146  7.220  -2.416 0.1428571492
71851  -19.417  9.186  -2.217 0.1428571492
50096  -22.993  -17.746  8.543 0.2857142985
51037  -22.244  -17.077  8.389 0.2857142985
111800  -21.279  3.944  -4.385 0.1428571492
69629  -19.297  4.922  -5.431 0.1428571492
68868  -22.185  4.544  -3.095 0.1428571492
69619  -21.096  5.277  -4.154 0.1428571492
68883  -20.817  4.540  -4.644 0.1428571492
68869  -22.490  4.464  -2.260 0.1428571492
70381  -21.311  6.593  -2.958 0.1428571492
71152  -20.076  7.402  -3.748 0.1428571492
71852  -20.093  8.495  -2.558 0.1428571492
71142  -20.579  7.763  -2.859 0.1428571492
71841  -20.086  8.480  -1.563 0.1428571492
71131  -20.712  7.846  -1.940 0.1428571492
105616  -21.736  5.250  -3.319 0.1428571492
69598  -21.705  5.899  -2.647 0.1428571492
102857  -19.704  5.964  -4.746 0.1428571492
71165  -19.020  7.367  -4.629 0.1428571492
69618  -20.156  5.274  -4.892 0.1428571492
70380  -20.757  6.630  -3.728 0.1428571492
70391  -19.862  6.610  -4.364 0.1428571492
70389  -17.477  7.245  -5.486 0.1428571492
71153  -20.907  7.171  -3.174 0.1428571492
68888  -19.966  4.455  -5.318 0.1428571492
57908  -20.487  -8.269  3.093 0.1428571492
57909  -21.131  -8.557  3.706 0.1428571492
60609  -18.913  -5.753  1.646 0.1428571492
101872  -17.204  -6.021  1.367 0.1428571492
60619  -17.579  -5.336  1.197 0.1428571492
61482  -16.582  -4.265  1.345 0.1428571492
61494  -16.853  -3.630  0.936 0.1428571492
62262  -16.343  -2.991  0.796 0.2857142985
52766  -23.647  -14.000  7.180 0.2857142985
52765  -22.485  -13.912  6.965 0.1428571492
55435  -21.353  -11.479  4.546 0.1428571492
56262  -22.275  -10.242  5.071 0.1428571492
113631  -21.047  -9.302  3.884 0.1428571492
57138  -27.766  -9.826  -1.635 0.1428571492
58735  -19.872  -7.891  2.553 0.1428571492
63008  -18.237  -2.862  1.015 0.1428571492
62275  -17.343  -3.104  0.637 0.1428571492
63016  -16.844  -2.450  0.500 0.2857142985
64609  -17.674  -0.848  0.826 0.2857142985
99569  -16.480  1.956  0.144 0.2857142985
103817  -15.718  1.870  0.275 0.2857142985
67219  -16.126  2.669  0.278 0.2857142985
68796  -16.665  4.401  2.740 0.1428571492
64602  -19.138  -0.873  1.730 0.2857142985
63830  -17.445  -1.797  0.650 0.2857142985
64601  -18.416  -0.386  1.255 0.2857142985
65477  -17.243  0.536  0.603 0.2857142985
65476  -16.283  0.062  0.579 0.2857142985
66353  -18.377  1.507  0.670 0.2857142985
66351  -16.476  1.113  0.577 0.2857142985
66350  -15.628  0.713  0.831 0.2857142985
68028  -16.132  4.157  0.901 0.1428571492
106992  -14.809  2.810  0.836 0.2857142985
70314  -16.483  6.500  1.994 0.1428571492
69546  -17.195  6.370  2.580 0.1428571492
65463  -15.072  0.638  1.237 0.1428571492
65462  -15.025  0.112  1.281 0.1428571492
63015  -16.261  -2.440  0.624 0.2857142985
66335  -15.047  1.669  1.003 0.2857142985
68027  -15.365  3.570  0.939 0.1428571492
68806  -15.816  4.117  1.721 0.1428571492
68020  -14.981  3.578  1.968 0.1428571492
61481  -15.765  -4.016  1.661 0.2857142985
67195  -14.245  2.478  1.972 0.1428571492
68015  -17.037  3.461  3.871 0.1428571492
68013  -14.967  3.880  2.736 0.1428571492
61453  -13.846  -4.847  3.531 0.1428571492
118767  -27.568  -9.308  -1.845 0.1428571492
56290  -29.941  -10.925  0.985 0.1428571492
55424  -21.823  -11.840  5.227 0.1428571492
118893  -20.926  -10.521  4.044 0.1428571492
57957  -28.082  -9.121  -1.599 0.1428571492
57091  -20.646  -10.030  3.731 0.1428571492
57918  -19.242  -8.368  2.246 0.1428571492
58743  -18.823  -8.012  1.915 0.1428571492
58734  -19.269  -7.549  2.113 0.1428571492
59656  -17.695  -6.722  1.443 0.1428571492
119774  -15.280  -4.896  2.103 0.1428571492
107736  -18.185  -4.011  1.113 0.1428571492
62261  -15.905  -3.082  1.162 0.2857142985
63829  -16.445  -1.613  0.387 0.1428571492
64607  -16.167  -0.908  0.194 0.1428571492
64608  -17.016  -0.400  0.512 0.2857142985
118397  -15.753  0.120  0.764 0.1428571492
67196  -14.511  3.303  2.455 0.1428571492
68021  -15.632  4.121  2.600 0.1428571492
68014  -15.568  4.078  2.601 0.1428571492
116284  -28.968  -10.309  -0.929 0.1428571492
56314  -28.362  -10.373  -1.176 0.1428571492
57131  -28.619  -9.692  -1.231 0.1428571492
67221  -18.142  2.208  0.434 0.2857142985
67220  -17.130  2.498  0.223 0.2857142985
68042  -15.319  3.021  0.390 0.2857142985
68043  -16.066  3.536  0.520 0.2857142985
116555  -22.435  -11.876  5.732 0.1428571492
54531  -22.161  -12.385  5.734 0.1428571492
57066  -22.770  -9.772  5.229 0.1428571492
56283  -29.741  -10.830  1.982 0.1428571492
65465  -19.118  0.289  1.668 0.2857142985
62263  -18.540  -3.340  1.329 0.1428571492
63009  -18.870  -2.510  1.573 0.1428571492
63822  -18.227  -2.201  1.058 0.1428571492
57090  -20.390  -9.274  3.249 0.1428571492
57919  -19.786  -8.765  2.665 0.1428571492
59657  -18.436  -6.518  1.436 0.1428571492
107927  -17.843  -6.047  1.211 0.1428571492
61483  -17.265  -4.451  1.111 0.1428571492
61484  -17.884  -4.668  1.097 0.1428571492
107618  -21.333  -9.837  4.254 0.1428571492
116585  -16.354  -3.507  1.168 0.1428571492
113911  -17.482  -3.743  0.882 0.1428571492
61495  -17.927  -3.324  0.827 0.1428571492
56261  -21.538  -10.566  4.533 0.1428571492
63017  -17.663  -2.703  0.688 0.2857142985
107822  -16.198  -1.856  0.450 0.2857142985
103781  -18.316  -1.330  1.148 0.2857142985
108771  -14.718  1.074  1.448 0.1428571492
67218  -15.272  2.501  0.347 0.2857142985
68786  -17.681  4.759  3.499 0.1428571492
65478  -17.819  0.032  0.824 0.2857142985
114035  -18.417  0.372  1.166 0.2857142985
65464  -18.781  1.050  1.092 0.2857142985
65475  -15.323  -0.249  0.968 0.1428571492
66352  -17.448  1.529  0.444 0.2857142985
113600  -14.436  2.843  1.810 0.2857142985
70315  -16.805  7.211  2.247 0.1428571492
104902  -18.506  -22.589  11.485 0.1428571492
45376  -19.822  -22.810  10.737 0.1428571492
46304  -20.204  -22.031  10.395 0.1428571492
46301  -17.677  -21.234  10.754 0.1428571492
47327  -17.946  -20.679  10.048 0.1428571492
47345  -18.420  -20.258  9.581 0.1428571492
46303  -19.238  -21.243  10.303 0.1428571492
48269  -18.994  -19.801  9.273 0.1428571492
46317  -19.983  -20.965  10.148 0.1428571492
46318  -20.763  -21.592  9.915 0.1428571492
47347  -20.674  -20.676  9.697 0.1428571492
48271  -21.039  -19.937  9.352 0.1428571492
48268  -18.239  -19.688  9.070 0.1428571492
48289  -19.312  -19.114  8.780 0.1428571492
48291  -21.468  -19.335  9.020 0.1428571492
49186  -21.113  -18.006  8.555 0.1428571492
51052  -22.380  -16.290  8.079 0.1428571492
103809  -15.463  -2.587  1.296 0.1428571492
45360  -17.633  -22.330  11.775 0.1428571492
46283  -18.064  -21.823  11.207 0.1428571492
46302  -18.482  -21.370  10.557 0.1428571492
67204  -14.481  2.074  1.491 0.1428571492
51921  -23.692  -15.455  7.736 0.1428571492
48292  -22.444  -19.522  8.681 0.1428571492
105201  -18.700  -21.974  11.061 0.1428571492
111622  -21.828  -18.662  8.789 0.1428571492
45375  -19.270  -21.914  10.750 0.1428571492
47328  -18.605  -20.794  10.044 0.1428571492
47346  -19.105  -20.541  9.827 0.1428571492
111259  -19.699  -20.298  9.694 0.1428571492
48270  -19.945  -19.726  9.388 0.1428571492
48290  -20.289  -18.985  8.975 0.1428571492
40103  -19.487  -28.785  13.546 0.2857142985
42810  -21.746  -26.064  10.498 0.5714285970
47370  -28.583  -20.720  6.952 0.4285714328
48314  -29.708  -19.916  7.379 0.2857142985
48332  -31.100  -19.653  6.448 0.4285714328
49141  -30.820  -18.256  12.847 0.1428571492
49201  -24.125  -18.602  7.421 0.4285714328
49222  -28.690  -19.054  5.723 0.5714285970
49224  -30.263  -18.971  5.735 0.4285714328
49225  -31.109  -18.952  5.944 0.4285714328
49226  -31.724  -18.077  5.808 0.2857142985
50083  -32.408  -18.109  9.245 0.1428571492
50129  -31.949  -18.106  6.120 0.2857142985
50140  -29.082  -17.203  4.909 0.7142857313
51054  -24.240  -16.286  7.674 0.7142857313
51075  -32.022  -17.511  6.284 0.2857142985
51109  -31.187  -15.832  3.833 0.4285714328
51970  -31.422  -15.757  4.288 0.4285714328
51982  -30.984  -15.486  3.578 0.4285714328
52807  -27.185  -14.644  3.643 0.8571428657
54559  -26.620  -12.916  3.086 0.8571428657
54567  -26.720  -12.614  2.310 0.8571428657
54582  -30.229  -12.697  1.018 0.4285714328
55426  -23.646  -11.138  5.893 0.5714285970
55461  -30.561  -12.182  1.776 0.2857142985
55480  -29.668  -11.555  0.138 0.2857142985
57093  -26.221  -9.451  3.358 1.0000000000
57132  -29.342  -10.578  -0.427 0.1428571492
57136  -26.091  -9.789  -1.599 0.4285714328
57946  -24.572  -8.664  -1.903 0.1428571492
58727  -25.578  -7.665  3.737 1.0000000000
59630  -24.571  -5.964  4.101 0.8571428657
60597  -24.831  -5.383  3.450 1.0000000000
60620  -18.184  -5.561  1.268 0.1428571492
61459  -24.423  -4.643  3.413 1.0000000000
62274  -16.839  -3.088  0.618 0.2857142985
62999  -22.242  -2.400  3.286 0.5714285970
63007  -15.831  -2.416  0.837 0.2857142985
63831  -24.293  -1.624  0.626 0.5714285970
64593  -23.348  -0.329  1.854 0.8571428657
64606  -15.915  -0.717  0.309 0.1428571492
65450  -20.621  0.431  2.355 0.5714285970
65453  -22.903  0.226  1.987 0.7142857313
67208  -22.326  2.669  1.314 0.7142857313
100206  -25.820  -22.915  7.741 0.5714285970
100250  -23.829  -7.845  4.913 0.4285714328
100858  -18.065  0.853  0.737 0.2857142985
102621  -22.098  -9.730  4.772 0.1428571492
103060  -22.650  3.864  -2.129 0.2857142985
107038  -26.530  -11.195  2.907 1.0000000000
107134  -25.077  -17.059  6.749 0.5714285970
108346  -30.662  -16.521  12.830 0.1428571492
109574  -28.542  -16.583  4.690 0.7142857313
111592  -16.912  -1.136  0.477 0.2857142985
111964  -31.636  -16.040  7.087 0.1428571492
112704  -29.528  -10.403  0.653 0.1428571492
113166  -18.800  -1.751  1.480 0.1428571492
114002  -19.135  -22.451  11.087 0.1428571492
114724  -16.554  4.189  0.471 0.1428571492
114844  -27.366  -12.508  1.192 0.8571428657
114884  -30.522  -13.616  2.500 0.4285714328
116393  -31.326  -18.440  11.766 0.1428571492
117068  -29.483  -20.431  6.720 0.4285714328
117476  -24.694  -23.264  9.026 0.2857142985
118026  -18.229  -30.808  15.528 0.4285714328
118419  -24.303  -2.298  0.623 0.8571428657
119659  -32.506  -18.640  9.495 0.1428571492
120050  -25.958  -8.780  3.587 1.0000000000
