#!ascii label  , from subject sub-01 vox2ras=TkReg
923
45640  29.856  -18.968  67.253 0.0000000000
56548  42.589  -7.180  52.329 0.0000000000
52147  34.766  -13.336  60.095 0.0000000000
41706  13.118  -23.631  79.016 0.0000000000
48382  24.243  -16.829  71.079 0.0000000000
55692  35.627  -8.900  57.800 0.0000000000
42755  19.125  -22.225  74.449 0.0000000000
118138  16.680  -26.560  77.913 0.0000000000
42796  22.228  -22.981  72.698 0.0000000000
56544  46.240  -8.130  52.300 0.0000000000
50208  32.064  -14.384  67.517 0.0000000000
49344  33.131  -15.111  63.884 0.0000000000
46583  34.634  -18.860  67.604 0.0000000000
58976  44.086  -4.327  49.845 0.0000000000
58181  47.659  -5.561  49.244 0.0000000000
57340  39.421  -6.780  54.613 0.0000000000
104320  43.087  -10.657  56.087 0.0000000000
53975  38.319  -10.266  56.243 0.0000000000
52144  38.677  -12.862  60.319 0.0000000000
119557  28.369  -20.132  72.207 0.0000000000
40777  10.669  -24.347  82.569 0.0000000000
44388  7.321  -20.497  84.301 0.0000000000
48223  7.238  -16.551  87.231 0.0000000000
48417  27.521  -16.459  67.732 0.0000000000
42818  25.656  -22.950  70.892 0.0000000000
53895  30.131  -10.180  61.816 0.0000000000
52076  35.156  -12.145  64.330 0.0000000000
60598  48.114  -2.402  45.238 0.0000000000
56546  44.251  -7.765  52.041 0.0000000000
55726  44.878  -9.103  53.962 0.0000000000
48430  30.906  -16.498  67.018 0.0000000000
46605  32.882  -18.376  65.180 0.0000000000
45637  32.759  -19.890  67.373 0.0000000000
58165  41.420  -4.514  52.056 0.0000000000
59768  43.142  -2.752  51.642 0.0000000000
109186  43.045  -6.060  50.931 0.0000000000
58172  44.880  -6.224  50.215 0.0000000000
45358  5.448  -19.199  88.579 0.0000000000
54856  38.757  -8.867  55.372 0.0000000000
55705  37.430  -8.164  56.322 0.0000000000
53107  34.837  -11.328  58.803 0.0000000000
53104  36.927  -11.714  57.851 0.0000000000
52146  36.885  -12.992  59.828 0.0000000000
50267  37.143  -14.255  62.505 0.0000000000
39935  14.855  -25.232  77.880 0.0000000000
39022  16.088  -26.355  80.305 0.0000000000
39898  13.913  -25.084  79.783 0.0000000000
40774  13.090  -25.007  82.017 0.0000000000
41672  11.978  -23.963  80.602 0.0000000000
44397  8.984  -20.153  82.697 0.0000000000
109584  7.121  -18.838  84.908 0.0000000000
49291  24.935  -15.037  68.784 0.0000000000
45610  25.564  -19.643  69.137 0.0000000000
45592  23.996  -19.590  69.789 0.0000000000
41771  21.767  -23.803  75.018 0.0000000000
100614  23.309  -23.556  74.837 0.0000000000
49327  35.780  -15.363  65.616 0.0000000000
51155  33.811  -12.968  64.109 0.0000000000
55691  36.668  -7.186  58.251 0.0000000000
55680  34.240  -8.392  59.248 0.0000000000
53922  32.785  -10.108  59.568 0.0000000000
39975  20.217  -24.845  75.437 0.0000000000
39051  18.911  -26.486  78.003 0.0000000000
40880  17.823  -24.833  75.720 0.0000000000
108327  16.406  -23.792  76.796 0.0000000000
41720  15.218  -22.618  77.809 0.0000000000
44527  23.016  -20.626  71.378 0.0000000000
44496  22.358  -19.467  72.583 0.0000000000
42774  20.598  -22.623  73.416 0.0000000000
118780  31.875  -12.675  67.072 0.0000000000
109505  30.154  -13.109  65.760 0.0000000000
49329  31.623  -15.614  65.072 0.0000000000
108589  34.474  -17.874  65.139 0.0000000000
59795  46.042  -3.230  48.332 0.0000000000
58182  46.073  -5.028  49.365 0.0000000000
101543  47.001  -7.117  49.977 0.0000000000
57350  40.451  -6.666  53.578 0.0000000000
55728  42.985  -9.122  54.003 0.0000000000
54867  40.706  -8.830  54.566 0.0000000000
53973  40.916  -10.416  55.945 0.0000000000
53100  40.943  -11.613  58.363 0.0000000000
102859  36.710  -10.271  57.029 0.0000000000
53102  39.030  -12.152  58.108 0.0000000000
116645  28.976  -19.932  69.426 0.0000000000
45586  31.356  -19.761  70.213 0.0000000000
58142  40.539  -4.417  54.931 0.0000000000
43557  11.921  -20.972  79.839 0.0000000000
43546  9.897  -21.413  80.887 0.0000000000
42618  8.376  -22.701  83.377 0.0000000000
118966  8.092  -23.282  85.487 0.0000000000
44363  6.620  -20.878  86.234 0.0000000000
45388  5.839  -18.889  86.877 0.0000000000
48225  5.472  -16.652  87.706 0.0000000000
49090  4.296  -15.534  88.596 0.0000000000
47538  28.895  -17.633  67.443 0.0000000000
45608  27.490  -19.670  69.601 0.0000000000
44524  27.314  -21.034  71.626 0.0000000000
42794  24.308  -23.327  71.657 0.0000000000
53067  31.609  -11.569  60.768 0.0000000000
51173  30.054  -13.453  63.377 0.0000000000
102389  32.463  -12.860  62.414 0.0000000000
51192  34.391  -13.043  62.144 0.0000000000
46538  33.593  -18.777  70.313 0.0000000000
60596  50.154  -2.835  45.045 0.0000000000
59800  48.118  -3.852  47.105 0.0000000000
59004  50.202  -4.137  46.598 0.0000000000
56547  43.445  -7.530  52.187 0.0000000000
55742  44.470  -8.645  53.307 0.0000000000
55743  43.494  -8.610  53.308 0.0000000000
46585  30.490  -18.937  66.912 0.0000000000
45654  31.744  -19.411  66.677 0.0000000000
106939  31.165  -19.564  67.140 0.0000000000
117177  41.475  -5.912  52.247 0.0000000000
58164  41.745  -5.320  51.665 0.0000000000
57366  43.022  -6.724  51.660 0.0000000000
56562  43.764  -7.245  51.682 0.0000000000
46319  4.768  -18.622  89.334 0.0000000000
56502  37.780  -7.137  56.173 0.0000000000
56496  37.917  -6.364  57.441 0.0000000000
53094  34.933  -11.821  59.093 0.0000000000
53093  35.652  -12.053  59.073 0.0000000000
51233  35.838  -13.235  59.955 0.0000000000
51208  36.838  -14.045  61.105 0.0000000000
51224  35.422  -13.860  60.706 0.0000000000
40833  13.667  -24.117  78.529 0.0000000000
40814  14.019  -24.900  78.908 0.0000000000
40815  13.424  -24.440  79.353 0.0000000000
109399  12.709  -24.482  80.603 0.0000000000
41707  12.633  -23.173  79.316 0.0000000000
49280  24.535  -15.733  69.536 0.0000000000
47528  24.587  -17.394  68.959 0.0000000000
46541  24.022  -18.586  69.921 0.0000000000
40862  21.555  -24.550  76.496 0.0000000000
53856  29.214  -10.004  66.131 0.0000000000
50215  36.277  -14.809  66.232 0.0000000000
55681  33.587  -8.558  59.594 0.0000000000
55663  33.360  -8.069  60.224 0.0000000000
41772  19.117  -23.742  74.831 0.0000000000
39976  19.381  -25.144  75.508 0.0000000000
41773  18.418  -23.582  75.260 0.0000000000
42727  17.424  -23.119  76.617 0.0000000000
41733  17.062  -22.756  77.148 0.0000000000
41734  15.695  -23.415  77.283 0.0000000000
45534  23.161  -17.953  73.081 0.0000000000
107110  19.909  -20.910  73.891 0.0000000000
43616  20.400  -21.506  73.361 0.0000000000
42754  19.914  -22.880  74.026 0.0000000000
40890  19.979  -23.715  74.468 0.0000000000
51123  31.728  -13.746  66.859 0.0000000000
50217  31.491  -14.893  66.593 0.0000000000
46595  33.840  -19.107  66.153 0.0000000000
47578  33.582  -17.910  64.830 0.0000000000
46602  35.105  -18.052  65.934 0.0000000000
47565  35.854  -17.444  66.335 0.0000000000
47536  35.650  -17.765  68.127 0.0000000000
59784  43.549  -3.664  50.243 0.0000000000
98766  45.601  -3.993  49.105 0.0000000000
58982  45.016  -4.471  49.545 0.0000000000
56560  45.710  -7.839  51.584 0.0000000000
56573  46.502  -7.371  50.487 0.0000000000
56559  46.577  -7.952  51.281 0.0000000000
57339  39.877  -6.241  54.224 0.0000000000
55730  41.148  -8.428  54.060 0.0000000000
55732  39.614  -7.760  54.542 0.0000000000
54836  38.496  -9.547  55.777 0.0000000000
54835  40.076  -9.937  55.629 0.0000000000
105178  40.241  -10.588  56.231 0.0000000000
53111  41.412  -11.312  57.616 0.0000000000
53957  39.907  -11.091  56.716 0.0000000000
109051  35.859  -7.874  58.137 0.0000000000
55698  36.180  -8.469  57.361 0.0000000000
54825  36.168  -9.565  57.318 0.0000000000
52160  37.597  -12.686  59.285 0.0000000000
53103  37.908  -12.075  57.818 0.0000000000
52173  39.056  -12.502  59.070 0.0000000000
52158  39.682  -12.326  59.633 0.0000000000
45589  28.717  -20.100  70.907 0.0000000000
45588  29.476  -19.902  70.486 0.0000000000
109037  39.495  -5.389  55.863 0.0000000000
58143  39.931  -5.209  54.624 0.0000000000
58153  40.276  -5.489  53.698 0.0000000000
39072  18.155  -26.401  77.298 0.0000000000
39053  17.194  -26.689  78.387 0.0000000000
40776  11.352  -24.596  82.402 0.0000000000
40764  12.370  -25.219  83.738 0.0000000000
40765  11.064  -24.733  83.252 0.0000000000
112397  9.920  -24.300  83.723 0.0000000000
44421  12.242  -19.976  81.133 0.0000000000
43558  11.205  -21.334  80.085 0.0000000000
44423  10.124  -20.557  81.293 0.0000000000
45426  8.415  -19.927  83.257 0.0000000000
44411  8.735  -20.927  82.326 0.0000000000
106014  7.958  -21.746  83.611 0.0000000000
42607  8.042  -22.719  84.253 0.0000000000
43513  7.620  -21.985  84.523 0.0000000000
42594  7.473  -22.464  85.913 0.0000000000
101017  7.249  -21.321  84.845 0.0000000000
47357  7.364  -17.351  86.046 0.0000000000
45400  6.531  -19.071  85.589 0.0000000000
47358  6.492  -17.678  86.234 0.0000000000
46345  5.533  -18.364  87.278 0.0000000000
114731  6.023  -16.960  87.155 0.0000000000
48405  28.695  -15.420  68.798 0.0000000000
48404  29.389  -15.660  68.697 0.0000000000
47539  27.940  -17.426  67.581 0.0000000000
46567  28.195  -18.551  67.817 0.0000000000
46568  27.358  -18.262  67.924 0.0000000000
43671  25.879  -21.250  69.721 0.0000000000
44552  26.234  -20.319  69.584 0.0000000000
43642  26.678  -21.792  70.982 0.0000000000
43625  22.777  -21.867  71.807 0.0000000000
43644  23.223  -21.781  71.187 0.0000000000
41845  23.075  -23.224  72.612 0.0000000000
41768  24.191  -23.402  75.098 0.0000000000
104133  43.082  -10.276  55.355 0.0000000000
54851  43.770  -9.991  54.929 0.0000000000
112556  44.328  -10.590  56.107 0.0000000000
112038  30.497  -9.543  61.604 0.0000000000
53906  31.363  -9.960  60.612 0.0000000000
53068  30.976  -11.380  61.200 0.0000000000
50243  31.240  -14.707  63.914 0.0000000000
51157  29.640  -13.331  64.124 0.0000000000
50255  31.836  -14.301  63.465 0.0000000000
52077  34.487  -12.471  64.253 0.0000000000
105018  32.666  -13.006  62.820 0.0000000000
52092  34.597  -12.421  63.549 0.0000000000
115596  34.031  -12.664  62.728 0.0000000000
52091  35.397  -12.221  63.624 0.0000000000
51169  35.735  -12.611  63.080 0.0000000000
46539  32.777  -19.048  70.572 0.0000000000
60597  49.181  -2.738  45.270 0.0000000000
58989  47.176  -4.322  48.520 0.0000000000
59794  46.776  -3.716  47.991 0.0000000000
103952  48.068  -4.597  48.470 0.0000000000
58987  49.782  -5.010  48.067 0.0000000000
58200  50.627  -5.051  47.722 0.0000000000
43596  18.611  -21.283  75.063 0.0000000000
101810  18.172  -22.694  75.573 0.0000000000
111109  45.543  -8.074  52.298 0.0000000000
116637  46.890  -8.175  54.072 0.0000000000
55740  46.217  -8.309  53.800 0.0000000000
48438  31.258  -16.420  66.448 0.0000000000
118548  31.574  -16.363  65.797 0.0000000000
47566  32.030  -18.482  65.602 0.0000000000
45653  32.492  -19.526  66.679 0.0000000000
45636  33.487  -19.676  67.524 0.0000000000
58964  42.726  -2.881  52.515 0.0000000000
58971  41.987  -4.416  51.442 0.0000000000
58970  42.686  -4.393  50.827 0.0000000000
58977  43.387  -4.433  50.304 0.0000000000
58975  44.740  -5.201  49.853 0.0000000000
57375  43.820  -6.125  50.520 0.0000000000
56561  44.373  -7.283  51.395 0.0000000000
44331  6.270  -20.583  88.471 0.0000000000
57335  39.030  -6.188  55.361 0.0000000000
56512  38.951  -7.284  54.983 0.0000000000
56501  38.464  -6.580  55.732 0.0000000000
55704  38.029  -8.517  55.790 0.0000000000
53976  37.642  -9.270  56.184 0.0000000000
53944  35.401  -10.480  58.116 0.0000000000
53960  36.096  -10.397  57.566 0.0000000000
53106  35.397  -11.401  58.551 0.0000000000
115788  36.874  -12.571  59.110 0.0000000000
52145  37.863  -12.946  60.085 0.0000000000
51206  38.356  -13.794  61.548 0.0000000000
50266  37.986  -14.282  62.740 0.0000000000
44508  28.150  -20.172  72.772 0.0000000000
39074  15.986  -26.286  77.885 0.0000000000
39054  16.453  -26.567  78.559 0.0000000000
39912  15.062  -25.828  79.024 0.0000000000
39896  14.970  -25.767  79.751 0.0000000000
107928  14.599  -25.638  81.125 0.0000000000
40784  12.437  -24.669  81.316 0.0000000000
41660  10.803  -24.042  81.834 0.0000000000
45436  9.952  -19.536  82.654 0.0000000000
45412  8.668  -19.065  83.719 0.0000000000
45413  7.788  -19.692  83.836 0.0000000000
45399  7.234  -19.584  84.523 0.0000000000
46370  8.500  -18.102  84.858 0.0000000000
47356  8.426  -17.275  86.157 0.0000000000
47341  7.739  -16.891  86.734 0.0000000000
49303  26.066  -15.559  68.092 0.0000000000
47541  26.045  -17.314  67.963 0.0000000000
47542  25.216  -17.303  68.419 0.0000000000
44554  24.654  -19.861  69.388 0.0000000000
43659  24.476  -21.606  69.816 0.0000000000
41825  21.962  -23.387  73.522 0.0000000000
41824  22.921  -23.449  73.360 0.0000000000
41770  22.662  -23.653  75.352 0.0000000000
101959  42.884  -10.921  56.893 0.0000000000
53883  28.958  -10.424  62.955 0.0000000000
49335  34.386  -15.736  64.403 0.0000000000
50241  33.323  -14.028  63.803 0.0000000000
50225  35.188  -14.588  65.137 0.0000000000
109508  35.172  -13.641  65.360 0.0000000000
116540  46.938  -2.152  46.060 0.0000000000
47321  3.766  -17.626  89.052 0.0000000000
55676  37.440  -6.736  59.703 0.0000000000
55678  35.386  -7.993  58.651 0.0000000000
55679  34.753  -8.582  58.731 0.0000000000
54809  34.403  -9.423  58.696 0.0000000000
53934  34.212  -10.313  58.794 0.0000000000
52164  33.601  -11.553  59.457 0.0000000000
107155  20.462  -25.412  76.665 0.0000000000
39050  19.929  -26.123  77.876 0.0000000000
39957  19.189  -25.742  76.208 0.0000000000
39092  18.347  -25.962  76.486 0.0000000000
39093  17.438  -26.086  76.761 0.0000000000
41748  17.860  -23.327  75.906 0.0000000000
40864  17.268  -24.602  76.111 0.0000000000
39933  16.154  -25.851  77.253 0.0000000000
40848  15.638  -24.509  77.012 0.0000000000
113969  14.838  -23.674  77.504 0.0000000000
42693  14.446  -22.499  78.179 0.0000000000
46528  23.883  -18.126  71.140 0.0000000000
45553  23.143  -18.519  72.142 0.0000000000
44510  22.716  -20.123  72.003 0.0000000000
114858  22.187  -22.063  72.221 0.0000000000
111822  21.310  -20.139  73.011 0.0000000000
43614  21.590  -21.188  72.540 0.0000000000
42773  21.416  -22.843  73.036 0.0000000000
41798  21.525  -23.626  74.168 0.0000000000
40877  21.103  -24.334  75.510 0.0000000000
53843  30.874  -11.101  67.488 0.0000000000
53011  29.731  -11.765  66.139 0.0000000000
52044  31.056  -12.386  66.814 0.0000000000
50227  31.267  -14.997  64.962 0.0000000000
49337  32.486  -15.620  63.985 0.0000000000
48447  32.213  -16.907  65.041 0.0000000000
48458  32.929  -16.837  64.450 0.0000000000
48456  34.248  -16.527  64.435 0.0000000000
48445  35.436  -16.441  65.207 0.0000000000
48436  36.474  -16.590  66.539 0.0000000000
115644  45.701  -3.317  48.860 0.0000000000
58981  46.672  -4.648  49.022 0.0000000000
99685  46.964  -5.344  49.350 0.0000000000
58171  45.803  -6.210  50.022 0.0000000000
57385  46.370  -5.800  49.702 0.0000000000
56535  41.217  -7.184  53.122 0.0000000000
55744  42.543  -8.377  53.399 0.0000000000
55745  41.644  -8.015  53.528 0.0000000000
54866  41.449  -9.093  54.497 0.0000000000
54853  41.601  -9.679  54.999 0.0000000000
55718  39.929  -8.622  54.698 0.0000000000
53989  40.931  -9.853  55.341 0.0000000000
53972  41.700  -10.694  56.192 0.0000000000
53955  41.958  -11.035  56.920 0.0000000000
112680  41.721  -11.403  58.378 0.0000000000
56484  37.334  -6.734  57.801 0.0000000000
117455  37.174  -8.695  56.468 0.0000000000
53959  37.462  -10.206  56.553 0.0000000000
53116  36.626  -10.964  57.453 0.0000000000
53115  37.444  -11.129  57.142 0.0000000000
53114  38.520  -11.561  57.227 0.0000000000
53101  40.036  -11.871  58.220 0.0000000000
45626  29.522  -19.879  68.526 0.0000000000
44551  31.058  -20.398  68.792 0.0000000000
45606  29.888  -20.118  69.584 0.0000000000
45569  31.088  -19.312  71.025 0.0000000000
100905  40.972  -4.244  52.929 0.0000000000
57349  40.881  -6.020  52.887 0.0000000000
42673  14.097  -21.873  78.639 0.0000000000
43556  13.386  -20.788  79.575 0.0000000000
42675  12.420  -22.210  79.281 0.0000000000
42657  11.735  -22.428  79.720 0.0000000000
42643  10.677  -22.785  80.612 0.0000000000
41674  10.289  -23.338  81.352 0.0000000000
44410  9.483  -20.455  81.976 0.0000000000
42630  9.043  -22.396  82.134 0.0000000000
41662  9.260  -23.264  82.500 0.0000000000
41636  9.340  -23.966  83.911 0.0000000000
41625  8.759  -24.138  85.473 0.0000000000
44348  6.590  -20.996  87.140 0.0000000000
119558  6.772  -19.575  85.141 0.0000000000
114401  6.223  -20.288  86.696 0.0000000000
44349  6.195  -20.457  87.571 0.0000000000
45375  5.628  -19.060  87.671 0.0000000000
46329  5.083  -18.258  88.082 0.0000000000
46330  4.414  -17.799  88.824 0.0000000000
48212  5.672  -15.792  88.093 0.0000000000
48213  4.632  -16.144  88.377 0.0000000000
47331  4.034  -17.064  88.868 0.0000000000
47554  30.091  -18.093  67.029 0.0000000000
47537  29.745  -17.265  67.306 0.0000000000
47555  29.498  -18.229  67.283 0.0000000000
45627  28.527  -19.453  68.480 0.0000000000
45607  28.197  -19.691  69.391 0.0000000000
45590  27.904  -20.158  70.598 0.0000000000
45609  26.605  -19.570  69.285 0.0000000000
45591  27.112  -20.134  70.140 0.0000000000
45552  27.890  -20.508  72.006 0.0000000000
103847  23.612  -20.106  70.210 0.0000000000
43643  23.916  -22.076  70.466 0.0000000000
42819  24.818  -23.259  71.126 0.0000000000
100259  23.835  -23.580  73.672 0.0000000000
41823  24.532  -23.677  73.087 0.0000000000
41842  25.990  -23.607  72.431 0.0000000000
55727  43.978  -9.152  53.870 0.0000000000
106210  32.140  -9.547  60.110 0.0000000000
53082  31.958  -10.738  60.148 0.0000000000
119425  33.425  -12.915  60.301 0.0000000000
53012  29.082  -11.955  65.227 0.0000000000
53023  28.802  -12.126  64.251 0.0000000000
52096  29.612  -12.099  62.584 0.0000000000
51171  32.178  -13.528  63.099 0.0000000000
52094  31.806  -13.069  62.716 0.0000000000
53051  30.798  -11.980  61.696 0.0000000000
53050  31.476  -12.132  61.443 0.0000000000
52133  32.806  -12.713  61.517 0.0000000000
51225  34.389  -13.568  60.775 0.0000000000
50269  35.432  -13.647  62.241 0.0000000000
44550  31.910  -20.468  68.634 0.0000000000
45602  33.184  -19.977  68.880 0.0000000000
46565  34.401  -18.953  68.442 0.0000000000
47519  34.701  -17.743  70.645 0.0000000000
47526  35.352  -17.579  69.532 0.0000000000
61371  50.070  -1.831  43.966 0.0000000000
60580  46.813  -2.750  46.624 0.0000000000
59811  47.690  -3.328  46.432 0.0000000000
58988  48.949  -4.859  48.337 0.0000000000
59799  49.198  -4.173  47.043 0.0000000000
60586  49.290  -3.325  45.895 0.0000000000
59809  50.120  -3.523  46.015 0.0000000000
59807  51.131  -3.767  46.014 0.0000000000
56533  43.015  -7.983  52.748 0.0000000000
56532  43.945  -8.185  52.659 0.0000000000
45639  30.497  -19.609  67.521 0.0000000000
56549  41.715  -6.770  52.525 0.0000000000
57358  42.121  -6.341  51.916 0.0000000000
52163  34.132  -12.446  59.640 0.0000000000
52162  35.277  -12.566  59.509 0.0000000000
40796  12.717  -23.978  79.845 0.0000000000
48393  24.453  -16.323  70.167 0.0000000000
103513  24.352  -17.124  69.896 0.0000000000
47520  24.101  -17.684  70.519 0.0000000000
39955  21.077  -25.040  77.032 0.0000000000
40846  21.829  -24.714  77.386 0.0000000000
54691  29.654  -9.851  66.870 0.0000000000
41800  19.356  -23.142  74.458 0.0000000000
41801  18.716  -22.957  74.831 0.0000000000
43604  19.835  -21.912  73.836 0.0000000000
51122  32.207  -13.984  67.205 0.0000000000
45651  34.040  -19.324  67.006 0.0000000000
46594  34.701  -18.651  66.624 0.0000000000
46593  35.409  -18.066  66.683 0.0000000000
46582  35.271  -18.278  67.445 0.0000000000
59776  43.578  -2.700  50.853 0.0000000000
59783  43.954  -3.337  49.978 0.0000000000
58983  44.374  -3.846  49.681 0.0000000000
56543  47.111  -8.228  52.212 0.0000000000
43463  7.043  -21.789  88.302 0.0000000000
56519  40.055  -7.237  54.106 0.0000000000
53974  39.332  -10.346  56.109 0.0000000000
53958  38.968  -11.007  56.686 0.0000000000
52159  38.426  -12.693  59.550 0.0000000000
104947  39.091  -12.607  59.820 0.0000000000
45571  29.393  -19.619  71.542 0.0000000000
45572  28.820  -19.905  71.910 0.0000000000
57334  39.470  -5.720  55.018 0.0000000000
58132  40.140  -4.822  55.720 0.0000000000
39073  17.321  -26.529  77.598 0.0000000000
39052  18.003  -26.663  78.167 0.0000000000
109101  11.910  -24.952  83.048 0.0000000000
40753  10.524  -24.671  83.893 0.0000000000
40766  10.264  -24.338  83.123 0.0000000000
44422  11.193  -20.137  81.372 0.0000000000
114133  7.752  -20.681  83.601 0.0000000000
115455  7.489  -21.263  84.125 0.0000000000
48235  6.732  -16.984  86.749 0.0000000000
114282  6.096  -17.431  86.797 0.0000000000
49302  27.039  -15.595  68.059 0.0000000000
49288  28.147  -15.172  69.037 0.0000000000
48406  27.944  -15.638  68.250 0.0000000000
48416  28.582  -16.317  67.845 0.0000000000
47540  26.987  -17.333  67.685 0.0000000000
42836  26.105  -22.342  70.640 0.0000000000
43658  26.195  -21.776  70.206 0.0000000000
42817  26.574  -22.695  71.435 0.0000000000
42793  26.798  -23.209  72.384 0.0000000000
102688  22.855  -22.693  72.164 0.0000000000
53882  29.537  -9.835  62.472 0.0000000000
54753  30.166  -9.205  62.126 0.0000000000
53894  30.730  -10.359  61.219 0.0000000000
102580  30.386  -11.130  61.644 0.0000000000
50242  32.241  -14.876  63.749 0.0000000000
52062  34.851  -12.300  64.840 0.0000000000
53036  35.755  -12.090  64.118 0.0000000000
61368  47.949  -1.532  44.679 0.0000000000
61367  48.754  -2.118  44.742 0.0000000000
58192  47.532  -4.947  48.984 0.0000000000
58191  48.398  -5.332  48.908 0.0000000000
44476  19.048  -20.192  75.141 0.0000000000
43587  18.525  -20.697  75.796 0.0000000000
56531  44.951  -8.162  52.683 0.0000000000
56530  45.868  -8.153  53.064 0.0000000000
55725  45.738  -9.009  54.160 0.0000000000
48439  31.279  -17.649  66.144 0.0000000000
45638  31.988  -19.930  67.274 0.0000000000
115411  32.151  -19.188  66.169 0.0000000000
45652  33.256  -19.499  66.721 0.0000000000
58965  41.777  -3.604  52.378 0.0000000000
58163  42.451  -5.227  51.041 0.0000000000
58174  43.192  -5.287  50.533 0.0000000000
56545  44.988  -7.768  51.824 0.0000000000
45357  5.891  -19.967  89.025 0.0000000000
57325  39.209  -5.578  56.533 0.0000000000
53945  34.808  -10.818  58.610 0.0000000000
52161  36.170  -12.572  59.351 0.0000000000
51222  37.340  -13.534  60.560 0.0000000000
51221  38.145  -13.352  60.808 0.0000000000
50278  37.023  -14.318  61.748 0.0000000000
50277  37.775  -14.250  62.031 0.0000000000
50253  37.553  -14.142  63.099 0.0000000000
111525  15.241  -25.814  78.250 0.0000000000
39913  14.603  -25.375  78.552 0.0000000000
39897  14.463  -25.462  79.349 0.0000000000
39878  14.502  -25.546  80.212 0.0000000000
39879  13.918  -25.222  80.709 0.0000000000
39864  13.954  -25.342  81.750 0.0000000000
40785  11.610  -24.338  81.533 0.0000000000
41673  11.075  -23.646  80.983 0.0000000000
46378  9.014  -18.371  84.311 0.0000000000
46379  7.908  -18.770  84.311 0.0000000000
50184  25.324  -14.387  69.108 0.0000000000
118722  25.842  -14.396  68.807 0.0000000000
49290  26.414  -14.734  68.599 0.0000000000
50195  25.583  -14.869  68.519 0.0000000000
48419  25.609  -16.456  68.127 0.0000000000
48420  24.867  -16.445  68.625 0.0000000000
45611  24.365  -19.064  69.323 0.0000000000
46556  24.465  -18.340  69.071 0.0000000000
43673  24.693  -20.804  69.525 0.0000000000
44540  24.096  -20.534  69.761 0.0000000000
41797  22.462  -23.581  74.339 0.0000000000
54734  29.100  -9.496  63.361 0.0000000000
53870  28.709  -10.327  63.905 0.0000000000
49334  35.053  -15.590  64.845 0.0000000000
50239  34.578  -14.833  64.474 0.0000000000
107322  36.424  -14.043  66.459 0.0000000000
50216  35.752  -14.095  65.831 0.0000000000
51121  36.060  -13.158  66.156 0.0000000000
55677  36.367  -7.221  59.174 0.0000000000
54810  33.615  -9.508  59.149 0.0000000000
53935  33.570  -10.660  59.221 0.0000000000
39956  19.989  -25.460  75.999 0.0000000000
39932  19.864  -25.802  76.846 0.0000000000
39977  18.507  -25.360  75.758 0.0000000000
114904  17.836  -25.536  76.088 0.0000000000
43588  18.115  -21.594  75.950 0.0000000000
41750  17.072  -23.812  76.493 0.0000000000
40865  16.755  -24.739  76.427 0.0000000000
40847  16.090  -25.080  76.802 0.0000000000
42692  16.138  -22.446  77.813 0.0000000000
41721  14.223  -23.433  77.910 0.0000000000
47504  23.885  -17.232  72.297 0.0000000000
46511  23.538  -17.573  72.744 0.0000000000
45554  22.723  -18.912  72.419 0.0000000000
44511  22.359  -20.856  72.153 0.0000000000
44498  20.878  -20.861  73.040 0.0000000000
43615  21.004  -21.964  72.833 0.0000000000
41826  21.235  -23.299  73.581 0.0000000000
41799  20.700  -23.389  73.993 0.0000000000
114301  20.376  -24.279  74.952 0.0000000000
40863  20.737  -24.958  76.168 0.0000000000
52992  31.470  -11.797  67.210 0.0000000000
50218  31.402  -14.705  66.304 0.0000000000
51138  31.023  -14.294  65.886 0.0000000000
110002  32.304  -17.807  65.141 0.0000000000
47590  33.433  -17.283  64.543 0.0000000000
47577  34.074  -17.264  64.546 0.0000000000
48457  33.658  -16.667  64.330 0.0000000000
48446  34.750  -17.015  64.788 0.0000000000
48455  34.776  -16.308  64.688 0.0000000000
47551  36.401  -17.189  67.073 0.0000000000
102819  45.493  -2.442  48.897 0.0000000000
59789  45.067  -2.740  49.325 0.0000000000
57374  46.427  -6.598  50.036 0.0000000000
57384  47.216  -6.160  49.634 0.0000000000
56536  40.794  -7.639  53.729 0.0000000000
105803  41.020  -9.338  54.925 0.0000000000
55719  39.158  -8.296  54.951 0.0000000000
54855  39.544  -9.169  55.149 0.0000000000
53988  41.640  -10.238  55.544 0.0000000000
53956  40.933  -10.998  56.701 0.0000000000
53112  40.457  -11.467  57.482 0.0000000000
54824  36.816  -9.246  56.719 0.0000000000
53105  36.070  -11.214  57.931 0.0000000000
53113  39.500  -11.604  57.363 0.0000000000
108953  30.325  -20.241  68.946 0.0000000000
45570  30.169  -19.400  71.244 0.0000000000
58945  40.829  -3.974  54.044 0.0000000000
103204  19.657  -26.527  78.878 0.0000000000
39038  16.277  -26.491  79.411 0.0000000000
39847  13.623  -25.375  82.642 0.0000000000
44435  12.235  -20.428  80.325 0.0000000000
118153  13.442  -20.277  80.134 0.0000000000
44447  12.706  -20.603  79.879 0.0000000000
43567  12.545  -21.298  79.483 0.0000000000
42676  11.783  -21.687  79.647 0.0000000000
43559  10.491  -21.829  80.418 0.0000000000
42644  9.959  -22.423  80.973 0.0000000000
43534  8.529  -21.855  82.677 0.0000000000
112582  8.783  -22.748  82.759 0.0000000000
41648  8.955  -23.374  83.262 0.0000000000
41638  8.352  -23.483  84.990 0.0000000000
43502  7.066  -21.613  85.833 0.0000000000
42579  7.270  -22.209  86.579 0.0000000000
43491  6.964  -21.619  86.836 0.0000000000
45387  6.124  -19.447  86.371 0.0000000000
107061  5.920  -19.713  87.200 0.0000000000
47342  5.512  -17.551  87.348 0.0000000000
47330  4.757  -17.187  88.152 0.0000000000
48211  6.705  -15.639  88.289 0.0000000000
48200  4.073  -16.444  88.655 0.0000000000
48431  30.384  -16.997  67.128 0.0000000000
48415  29.522  -16.382  67.832 0.0000000000
46566  29.062  -19.047  67.579 0.0000000000
46552  27.717  -19.113  68.672 0.0000000000
113482  28.160  -19.936  70.146 0.0000000000
46554  25.945  -18.856  68.648 0.0000000000
46569  26.435  -18.133  68.081 0.0000000000
44525  26.788  -20.908  70.433 0.0000000000
44539  27.539  -20.506  71.103 0.0000000000
44509  27.793  -20.783  72.551 0.0000000000
114279  23.317  -19.125  71.470 0.0000000000
45573  23.671  -19.170  70.756 0.0000000000
107318  23.233  -19.955  70.946 0.0000000000
42820  23.903  -22.830  71.108 0.0000000000
42838  24.726  -22.586  70.438 0.0000000000
41860  24.832  -23.514  71.827 0.0000000000
41796  23.286  -23.555  74.127 0.0000000000
118030  23.851  -23.535  74.385 0.0000000000
98783  25.030  -23.336  74.842 0.0000000000
41795  24.636  -23.520  74.100 0.0000000000
41822  25.478  -23.650  73.288 0.0000000000
54864  43.624  -9.551  54.378 0.0000000000
54794  32.552  -8.471  60.481 0.0000000000
54774  31.663  -8.869  60.753 0.0000000000
119545  31.249  -10.833  60.721 0.0000000000
52149  32.382  -11.795  60.364 0.0000000000
103370  33.126  -12.168  59.931 0.0000000000
52045  30.331  -12.442  66.260 0.0000000000
52063  29.650  -12.610  65.522 0.0000000000
51174  29.274  -12.715  63.534 0.0000000000
53037  28.851  -11.473  63.333 0.0000000000
112567  29.993  -12.850  62.796 0.0000000000
50240  34.068  -13.842  64.281 0.0000000000
51170  33.185  -13.236  63.305 0.0000000000
52113  31.461  -12.621  62.110 0.0000000000
111403  32.188  -12.594  61.861 0.0000000000
52132  33.555  -12.869  61.871 0.0000000000
51211  33.497  -13.212  60.924 0.0000000000
51210  34.096  -13.359  61.336 0.0000000000
51209  34.878  -13.747  61.393 0.0000000000
51168  36.516  -13.059  63.376 0.0000000000
45604  31.641  -20.252  69.423 0.0000000000
45584  33.041  -19.480  69.713 0.0000000000
46551  33.885  -19.062  69.301 0.0000000000
47527  34.893  -17.854  69.972 0.0000000000
48400  35.853  -16.978  69.840 0.0000000000
60608  49.644  -2.266  44.564 0.0000000000
60607  50.488  -2.447  44.402 0.0000000000
60595  50.973  -2.983  44.840 0.0000000000
58996  47.640  -4.042  47.858 0.0000000000
59801  47.189  -3.503  47.205 0.0000000000
58994  49.995  -4.606  47.389 0.0000000000
59810  48.660  -3.608  46.433 0.0000000000
114572  49.502  -3.771  46.392 0.0000000000
47553  30.752  -18.045  66.600 0.0000000000
47567  31.464  -18.735  66.242 0.0000000000
46584  31.057  -19.033  66.615 0.0000000000
58158  41.070  -5.110  52.381 0.0000000000
57367  42.435  -5.942  51.392 0.0000000000
101353  43.704  -6.741  51.100 0.0000000000
45350  5.407  -19.423  89.464 0.0000000000
56495  38.491  -6.012  56.964 0.0000000000
56503  37.329  -7.160  56.867 0.0000000000
51223  36.431  -13.703  60.506 0.0000000000
50289  36.182  -14.120  61.040 0.0000000000
50279  36.440  -14.207  61.500 0.0000000000
40832  14.352  -24.567  78.043 0.0000000000
40795  13.312  -24.712  80.227 0.0000000000
41689  12.118  -23.197  79.806 0.0000000000
46369  9.404  -17.905  84.909 0.0000000000
49292  24.675  -15.635  68.900 0.0000000000
48407  24.525  -16.438  69.246 0.0000000000
101667  24.276  -17.856  69.592 0.0000000000
40876  22.083  -24.014  75.935 0.0000000000
49320  36.474  -15.628  66.344 0.0000000000
50206  36.914  -14.819  66.832 0.0000000000
55662  33.968  -7.834  59.903 0.0000000000
54793  32.950  -9.055  59.757 0.0000000000
40878  19.612  -24.386  75.028 0.0000000000
40879  18.683  -24.501  75.324 0.0000000000
41774  18.046  -24.071  75.564 0.0000000000
42712  17.353  -22.453  77.146 0.0000000000
44486  20.179  -20.015  74.137 0.0000000000
114979  20.414  -20.608  73.579 0.0000000000
49321  31.671  -15.957  65.587 0.0000000000
46596  32.912  -19.153  65.860 0.0000000000
46604  33.688  -18.576  65.442 0.0000000000
46603  34.397  -18.514  65.798 0.0000000000
47576  35.326  -17.341  65.437 0.0000000000
47552  35.866  -17.700  67.247 0.0000000000
47535  36.314  -17.228  67.885 0.0000000000
59777  43.034  -3.515  50.759 0.0000000000
59790  44.559  -3.213  49.615 0.0000000000
57364  45.138  -7.213  51.002 0.0000000000
101464  45.775  -6.856  50.450 0.0000000000
56574  45.925  -7.469  50.944 0.0000000000
56572  47.364  -7.850  50.497 0.0000000000
56558  47.415  -8.209  51.386 0.0000000000
55731  40.363  -8.114  54.250 0.0000000000
111805  39.226  -9.626  55.579 0.0000000000
52175  37.322  -12.358  58.512 0.0000000000
52174  38.227  -12.531  58.658 0.0000000000
53092  39.691  -12.214  58.838 0.0000000000
117424  28.680  -19.947  70.104 0.0000000000
57324  40.156  -4.973  56.712 0.0000000000
111428  40.324  -4.663  54.159 0.0000000000
39037  17.850  -26.754  79.057 0.0000000000
40775  12.193  -24.849  82.201 0.0000000000
40763  12.828  -25.193  82.938 0.0000000000
106893  11.686  -24.992  83.729 0.0000000000
40752  11.200  -24.912  84.024 0.0000000000
40754  9.922  -24.572  84.587 0.0000000000
44436  11.520  -20.581  80.488 0.0000000000
44437  10.653  -20.881  80.644 0.0000000000
44398  8.252  -20.873  82.920 0.0000000000
42608  7.824  -22.737  85.192 0.0000000000
108165  7.420  -22.035  85.247 0.0000000000
47372  7.007  -18.132  85.513 0.0000000000
46359  6.242  -18.538  86.152 0.0000000000
46360  5.851  -18.052  86.682 0.0000000000
46553  26.937  -18.930  68.748 0.0000000000
43641  27.113  -21.969  71.685 0.0000000000
43624  27.506  -21.559  72.341 0.0000000000
42816  27.231  -22.486  72.216 0.0000000000
105960  22.800  -21.080  71.719 0.0000000000
113788  23.247  -22.512  71.629 0.0000000000
42795  23.631  -23.158  72.021 0.0000000000
41769  23.471  -23.425  75.665 0.0000000000
107735  43.006  -9.782  54.693 0.0000000000
53986  43.925  -10.421  55.688 0.0000000000
54752  30.705  -8.697  61.810 0.0000000000
100893  30.940  -9.264  61.180 0.0000000000
51139  30.428  -13.842  65.386 0.0000000000
51140  29.820  -13.350  64.911 0.0000000000
51156  30.323  -13.980  64.186 0.0000000000
51172  31.091  -13.850  63.263 0.0000000000
51154  34.415  -12.894  64.634 0.0000000000
52078  33.956  -12.678  63.752 0.0000000000
52093  33.527  -12.800  62.932 0.0000000000
52112  33.047  -12.796  62.275 0.0000000000
52111  34.913  -12.440  62.921 0.0000000000
46540  31.955  -19.244  70.825 0.0000000000
45585  32.207  -19.661  69.987 0.0000000000
46523  33.340  -18.490  71.195 0.0000000000
59003  50.660  -4.566  47.079 0.0000000000
58993  51.192  -4.840  47.044 0.0000000000
114016  18.456  -22.144  75.094 0.0000000000
45520  20.572  -19.176  74.607 0.0000000000
105745  19.607  -20.311  74.450 0.0000000000
43605  19.306  -21.143  74.411 0.0000000000
56529  46.807  -8.121  53.285 0.0000000000
55741  45.406  -8.529  53.475 0.0000000000
105336  31.430  -15.321  66.896 0.0000000000
105944  31.723  -17.315  65.593 0.0000000000
112931  34.094  -19.354  67.756 0.0000000000
59769  42.468  -3.547  51.465 0.0000000000
58173  43.987  -5.319  50.091 0.0000000000
57365  44.359  -6.768  50.780 0.0000000000
55720  38.448  -7.829  55.395 0.0000000000
54808  35.093  -9.395  58.218 0.0000000000
53961  35.666  -9.785  57.758 0.0000000000
52176  36.338  -12.000  58.624 0.0000000000
51189  38.505  -14.077  62.342 0.0000000000
51207  37.610  -13.939  61.282 0.0000000000
45551  28.622  -19.644  72.710 0.0000000000
45533  28.436  -19.722  73.502 0.0000000000
39055  15.729  -26.258  78.749 0.0000000000
39039  15.570  -26.104  79.623 0.0000000000
40783  13.232  -24.927  81.106 0.0000000000
45425  9.358  -19.329  83.245 0.0000000000
46371  7.692  -18.305  84.971 0.0000000000
46358  9.203  -17.697  85.585 0.0000000000
47371  8.022  -17.695  85.405 0.0000000000
49289  27.390  -15.047  68.726 0.0000000000
48418  26.562  -16.444  67.810 0.0000000000
46570  25.524  -18.093  68.370 0.0000000000
46571  24.882  -18.045  68.632 0.0000000000
46555  24.937  -18.861  68.794 0.0000000000
44553  25.337  -20.544  69.428 0.0000000000
43672  25.161  -21.342  69.587 0.0000000000
42837  25.481  -22.110  70.002 0.0000000000
53970  43.848  -10.728  56.572 0.0000000000
53053  29.531  -11.001  62.269 0.0000000000
103274  33.890  -15.004  64.081 0.0000000000
50226  34.709  -13.768  64.837 0.0000000000
51137  34.863  -12.797  65.196 0.0000000000
60599  47.361  -1.908  45.458 0.0000000000
98722  48.095  -6.130  49.327 0.0000000000
46320  4.031  -18.030  89.557 0.0000000000
54818  34.771  -10.120  58.448 0.0000000000
116684  34.292  -11.273  59.030 0.0000000000
39931  20.624  -25.629  77.405 0.0000000000
39071  19.051  -26.157  77.080 0.0000000000
116008  16.682  -26.268  77.344 0.0000000000
41749  17.530  -23.989  75.983 0.0000000000
110400  17.283  -25.321  76.262 0.0000000000
39958  16.700  -25.659  76.743 0.0000000000
39934  15.488  -25.452  77.465 0.0000000000
40849  15.020  -24.553  77.390 0.0000000000
41722  13.631  -23.063  78.392 0.0000000000
47512  23.978  -17.300  71.483 0.0000000000
109526  23.521  -18.285  71.714 0.0000000000
45574  22.977  -19.565  71.728 0.0000000000
44497  21.850  -19.884  72.761 0.0000000000
43626  21.643  -22.287  72.577 0.0000000000
40889  20.916  -23.930  74.608 0.0000000000
53844  29.848  -10.835  66.861 0.0000000000
52993  30.599  -11.699  66.844 0.0000000000
51124  30.856  -13.273  66.452 0.0000000000
50228  30.797  -14.491  64.773 0.0000000000
49338  31.806  -15.250  64.216 0.0000000000
49328  32.303  -16.260  64.547 0.0000000000
47579  32.853  -17.588  64.758 0.0000000000
106964  33.122  -16.067  64.169 0.0000000000
49336  33.779  -15.876  64.214 0.0000000000
48444  36.035  -16.209  65.892 0.0000000000
48437  35.897  -16.853  65.815 0.0000000000
58990  46.360  -3.918  48.676 0.0000000000
114025  45.529  -5.525  49.756 0.0000000000
56534  42.116  -7.629  52.912 0.0000000000
55729  42.006  -8.744  54.003 0.0000000000
54865  42.233  -9.440  54.535 0.0000000000
54852  42.322  -10.032  55.123 0.0000000000
53987  42.371  -10.488  55.760 0.0000000000
54854  40.353  -9.328  55.026 0.0000000000
53971  42.398  -10.791  56.359 0.0000000000
53099  42.429  -11.155  57.840 0.0000000000
55697  36.790  -7.906  56.913 0.0000000000
103341  38.145  -10.878  56.704 0.0000000000
53091  40.472  -11.972  59.241 0.0000000000
115741  29.843  -19.565  67.803 0.0000000000
45625  30.421  -20.070  68.255 0.0000000000
45605  30.784  -20.196  69.564 0.0000000000
45587  30.459  -19.818  70.375 0.0000000000
58958  41.447  -3.586  53.412 0.0000000000
58946  40.551  -4.612  53.547 0.0000000000
58152  40.592  -4.982  53.017 0.0000000000
42674  13.112  -22.612  78.835 0.0000000000
43566  14.204  -20.935  79.362 0.0000000000
105952  13.258  -21.613  79.083 0.0000000000
41690  11.428  -23.059  80.263 0.0000000000
42658  11.147  -22.159  80.009 0.0000000000
41661  9.990  -23.818  82.265 0.0000000000
44409  10.541  -19.911  82.078 0.0000000000
44424  9.464  -21.098  81.383 0.0000000000
43533  9.021  -21.443  81.921 0.0000000000
43547  9.373  -21.961  81.396 0.0000000000
42629  9.578  -22.929  81.713 0.0000000000
41647  9.582  -23.893  83.105 0.0000000000
41649  8.619  -23.446  84.055 0.0000000000
41637  9.064  -24.084  84.761 0.0000000000
43477  6.930  -21.575  87.575 0.0000000000
44330  6.704  -21.085  87.984 0.0000000000
44375  6.889  -20.508  85.202 0.0000000000
44376  6.420  -19.994  85.828 0.0000000000
45374  5.839  -19.875  88.060 0.0000000000
110907  7.445  -16.113  87.942 0.0000000000
48224  6.420  -16.365  87.518 0.0000000000
52991  32.165  -11.975  67.482 0.0000000000
101624  28.214  -20.252  71.464 0.0000000000
44526  23.523  -21.022  70.408 0.0000000000
100852  23.737  -23.493  72.831 0.0000000000
41844  24.367  -23.537  72.324 0.0000000000
41843  25.155  -23.675  72.445 0.0000000000
41859  25.490  -23.469  71.723 0.0000000000
41858  26.176  -23.311  71.727 0.0000000000
41821  26.438  -23.487  73.228 0.0000000000
54863  44.351  -9.606  54.460 0.0000000000
55642  33.184  -7.544  61.131 0.0000000000
53081  32.857  -11.180  59.689 0.0000000000
104723  33.969  -13.255  60.344 0.0000000000
110893  29.072  -11.004  65.825 0.0000000000
111436  28.756  -11.187  64.628 0.0000000000
52064  29.259  -12.771  64.595 0.0000000000
50254  32.601  -14.171  63.555 0.0000000000
52095  30.805  -13.099  62.713 0.0000000000
52114  30.508  -12.424  62.259 0.0000000000
53052  30.176  -11.747  62.022 0.0000000000
52134  32.126  -12.329  61.093 0.0000000000
52148  32.833  -12.640  60.709 0.0000000000
50280  35.797  -14.106  61.495 0.0000000000
50268  36.349  -14.262  62.040 0.0000000000
51191  36.325  -13.749  62.729 0.0000000000
51190  36.987  -13.854  63.105 0.0000000000
44568  31.330  -20.232  67.901 0.0000000000
44567  32.290  -20.321  67.926 0.0000000000
45603  32.480  -20.197  69.230 0.0000000000
110961  32.611  -20.317  68.546 0.0000000000
45624  33.055  -20.147  68.083 0.0000000000
45623  33.718  -19.577  68.332 0.0000000000
46522  34.068  -18.162  70.940 0.0000000000
46537  34.348  -18.351  70.090 0.0000000000
46550  34.771  -18.285  69.236 0.0000000000
46564  35.040  -18.339  68.312 0.0000000000
109714  35.350  -17.817  68.842 0.0000000000
47525  35.934  -17.202  68.882 0.0000000000
59802  46.378  -3.044  47.526 0.0000000000
60589  46.489  -1.748  46.613 0.0000000000
60588  47.483  -2.693  45.862 0.0000000000
58995  48.552  -4.320  47.815 0.0000000000
108787  49.327  -4.582  47.784 0.0000000000
60587  48.329  -3.080  45.793 0.0000000000
59820  49.924  -3.141  45.564 0.0000000000
59808  50.764  -3.645  46.082 0.0000000000
59819  50.567  -3.246  45.588 0.0000000000
48392  24.589  -16.120  70.925 0.0000000000
49279  24.573  -15.452  70.214 0.0000000000
49304  25.169  -15.631  68.424 0.0000000000
51094  25.560  -13.901  69.654 0.0000000000
