#!ascii label  , from subject sub-01 vox2ras=TkReg
1369
40721  9.505  -24.705  87.668 0.0000000000
100455  42.677  -11.129  60.969 0.0000000000
111359  27.877  -21.851  77.782 0.0000000000
102184  33.492  -14.917  78.690 0.0000000000
39930  21.345  -25.272  77.833 0.0000000000
101640  18.306  -27.876  86.159 0.0000000000
57357  50.626  -7.036  53.020 0.0000000000
55616  51.972  -8.820  62.465 0.0000000000
108148  37.885  -15.301  68.213 0.0000000000
59827  51.770  -2.802  44.218 0.0000000000
111762  25.546  -22.749  83.073 0.0000000000
39794  14.475  -25.684  86.485 0.0000000000
54829  52.414  -9.393  57.165 0.0000000000
53966  47.358  -10.172  56.400 0.0000000000
116686  43.096  -13.162  65.808 0.0000000000
53001  47.625  -11.765  65.691 0.0000000000
51135  39.214  -13.575  65.121 0.0000000000
46488  31.995  -18.183  72.950 0.0000000000
46427  30.807  -18.182  77.193 0.0000000000
40762  22.698  -24.703  83.384 0.0000000000
102059  22.570  -28.563  87.256 0.0000000000
100814  19.998  -27.990  82.519 0.0000000000
39845  15.156  -26.018  82.551 0.0000000000
42691  24.214  -22.771  77.958 0.0000000000
59753  55.010  -3.395  53.750 0.0000000000
57304  55.730  -6.386  57.813 0.0000000000
54766  47.480  -9.847  61.390 0.0000000000
53800  39.420  -10.478  69.420 0.0000000000
110425  36.493  -15.757  73.689 0.0000000000
58188  52.056  -6.246  47.927 0.0000000000
60575  55.320  -2.423  48.595 0.0000000000
100063  57.313  -3.799  45.905 0.0000000000
42587  24.820  -23.143  86.270 0.0000000000
40718  12.044  -25.313  87.068 0.0000000000
40693  15.306  -25.070  89.453 0.0000000000
40696  12.198  -24.861  89.566 0.0000000000
55717  47.416  -8.633  54.590 0.0000000000
52968  43.794  -12.042  67.867 0.0000000000
52966  45.613  -12.129  67.850 0.0000000000
44314  7.127  -20.468  91.402 0.0000000000
51188  39.246  -13.915  62.664 0.0000000000
44483  28.669  -20.785  74.712 0.0000000000
45514  29.048  -19.215  74.891 0.0000000000
44460  29.512  -20.687  77.175 0.0000000000
39875  22.338  -25.342  80.993 0.0000000000
38990  21.482  -26.789  82.602 0.0000000000
39017  20.443  -26.763  80.253 0.0000000000
40845  22.533  -24.269  77.766 0.0000000000
41686  23.217  -24.012  80.295 0.0000000000
37351  20.205  -28.679  86.470 0.0000000000
58156  52.352  -5.594  53.012 0.0000000000
58920  55.092  -4.788  55.918 0.0000000000
57330  53.108  -6.141  55.520 0.0000000000
54803  52.236  -9.113  59.900 0.0000000000
115694  54.796  -7.440  60.542 0.0000000000
53943  43.145  -11.063  58.586 0.0000000000
106771  45.187  -10.424  59.150 0.0000000000
53905  44.738  -10.481  61.348 0.0000000000
51120  36.604  -13.247  66.693 0.0000000000
52988  37.330  -11.149  67.118 0.0000000000
52008  38.598  -12.426  68.595 0.0000000000
107400  33.081  -16.404  75.701 0.0000000000
48365  34.650  -16.932  73.564 0.0000000000
49211  35.087  -15.732  76.218 0.0000000000
113457  49.277  -8.293  50.150 0.0000000000
58189  50.228  -5.553  48.346 0.0000000000
56567  52.476  -7.661  50.411 0.0000000000
58170  54.094  -6.029  51.161 0.0000000000
60615  56.041  -2.613  44.453 0.0000000000
60594  55.648  -2.484  45.089 0.0000000000
60583  57.042  -2.369  46.926 0.0000000000
59008  54.662  -4.142  45.931 0.0000000000
42649  26.285  -22.076  80.043 0.0000000000
114554  28.715  -20.798  80.078 0.0000000000
43517  27.494  -21.952  83.441 0.0000000000
38960  16.664  -26.194  86.592 0.0000000000
38152  18.584  -27.557  89.494 0.0000000000
39763  17.217  -25.908  89.331 0.0000000000
102548  48.519  -8.194  52.586 0.0000000000
56511  51.432  -7.878  55.018 0.0000000000
107207  48.726  -8.215  54.642 0.0000000000
108166  50.136  -10.083  56.996 0.0000000000
54806  50.012  -9.995  59.650 0.0000000000
53035  42.859  -11.843  63.606 0.0000000000
102169  44.870  -10.582  63.240 0.0000000000
53004  45.243  -12.206  65.280 0.0000000000
48411  36.769  -16.750  68.494 0.0000000000
50956  35.735  -13.827  80.007 0.0000000000
42557  7.812  -23.103  88.370 0.0000000000
41581  10.343  -23.979  90.610 0.0000000000
43455  8.599  -22.331  91.065 0.0000000000
53066  40.673  -11.922  61.067 0.0000000000
52087  41.400  -12.840  63.409 0.0000000000
51133  40.863  -13.678  65.522 0.0000000000
52984  41.507  -11.888  67.047 0.0000000000
46527  29.908  -18.994  72.066 0.0000000000
47463  30.968  -17.360  75.291 0.0000000000
48314  31.412  -16.151  77.704 0.0000000000
46404  30.388  -19.295  80.904 0.0000000000
47410  31.574  -17.853  80.566 0.0000000000
40726  23.059  -24.779  86.294 0.0000000000
38949  23.769  -26.788  88.201 0.0000000000
38972  22.302  -26.377  84.746 0.0000000000
37371  20.994  -28.277  84.712 0.0000000000
37373  19.241  -28.408  84.692 0.0000000000
100691  17.811  -26.895  80.092 0.0000000000
39004  17.249  -27.103  82.161 0.0000000000
118360  17.052  -26.984  84.328 0.0000000000
39816  14.521  -25.831  84.151 0.0000000000
40751  11.835  -25.187  84.509 0.0000000000
40754  9.922  -24.572  84.587 0.0000000000
42753  27.207  -22.966  74.337 0.0000000000
41794  25.558  -23.425  74.233 0.0000000000
42708  25.656  -22.341  77.904 0.0000000000
99998  24.832  -22.700  79.909 0.0000000000
118656  23.946  -23.753  83.502 0.0000000000
55694  56.624  -8.147  57.239 0.0000000000
56488  54.107  -7.210  57.554 0.0000000000
53984  45.414  -10.492  55.952 0.0000000000
53929  47.522  -10.292  59.087 0.0000000000
113687  49.522  -9.634  62.041 0.0000000000
54715  46.981  -10.074  63.986 0.0000000000
54726  49.151  -9.497  64.019 0.0000000000
52074  37.229  -12.325  64.319 0.0000000000
53838  39.270  -10.598  66.351 0.0000000000
54658  41.097  -8.920  69.335 0.0000000000
48387  35.810  -16.852  70.710 0.0000000000
49259  37.668  -15.462  71.480 0.0000000000
50081  37.507  -14.836  77.732 0.0000000000
50105  39.327  -14.524  74.856 0.0000000000
51062  40.161  -13.819  71.459 0.0000000000
51984  41.497  -12.234  71.997 0.0000000000
111001  41.843  -9.444  72.103 0.0000000000
103601  51.726  -4.635  46.463 0.0000000000
58196  54.422  -5.005  47.792 0.0000000000
59781  55.131  -3.013  50.636 0.0000000000
42566  24.936  -23.091  87.990 0.0000000000
40719  11.203  -25.138  87.233 0.0000000000
40707  12.651  -25.188  88.772 0.0000000000
103569  10.752  -24.888  88.936 0.0000000000
101599  43.810  -10.636  68.710 0.0000000000
53813  44.730  -10.716  68.720 0.0000000000
45343  5.066  -19.269  90.274 0.0000000000
43585  28.640  -21.745  76.018 0.0000000000
44474  28.988  -21.040  75.565 0.0000000000
44461  29.026  -21.163  77.490 0.0000000000
39894  21.654  -25.661  79.533 0.0000000000
39016  21.136  -26.495  80.528 0.0000000000
39895  21.057  -26.054  79.040 0.0000000000
40861  22.398  -24.236  76.841 0.0000000000
40831  21.997  -24.821  78.263 0.0000000000
40813  22.191  -25.045  79.130 0.0000000000
37352  19.204  -28.366  86.515 0.0000000000
38162  19.258  -28.306  87.839 0.0000000000
58157  51.803  -6.051  52.985 0.0000000000
58136  52.535  -5.177  54.216 0.0000000000
57337  52.115  -5.939  54.408 0.0000000000
54761  52.450  -8.902  60.871 0.0000000000
55652  53.360  -8.256  61.300 0.0000000000
53933  42.905  -11.123  59.510 0.0000000000
103144  43.715  -10.814  59.957 0.0000000000
53078  43.461  -10.865  60.823 0.0000000000
50205  37.587  -15.118  67.524 0.0000000000
104288  37.479  -14.214  67.327 0.0000000000
51110  37.804  -13.413  67.692 0.0000000000
50191  38.706  -14.160  68.894 0.0000000000
49203  33.331  -15.612  77.308 0.0000000000
49222  34.433  -16.084  75.855 0.0000000000
49202  34.294  -15.463  77.394 0.0000000000
56555  50.441  -8.297  51.685 0.0000000000
56569  50.728  -8.331  50.624 0.0000000000
56554  51.347  -8.107  51.564 0.0000000000
113024  52.657  -7.072  52.079 0.0000000000
105504  54.216  -3.004  44.081 0.0000000000
59825  53.664  -3.099  44.178 0.0000000000
59815  55.241  -3.078  45.425 0.0000000000
59817  52.820  -3.720  44.717 0.0000000000
42635  26.291  -22.337  81.016 0.0000000000
43541  27.018  -21.981  81.552 0.0000000000
118110  26.965  -22.256  83.160 0.0000000000
39792  15.865  -26.010  85.935 0.0000000000
38953  16.989  -25.788  87.824 0.0000000000
39781  15.693  -25.465  87.912 0.0000000000
117192  15.182  -25.205  89.905 0.0000000000
39765  15.960  -25.323  89.292 0.0000000000
56528  47.862  -8.145  53.025 0.0000000000
56527  48.865  -7.886  53.293 0.0000000000
55738  48.237  -7.946  53.713 0.0000000000
54834  47.976  -9.802  55.925 0.0000000000
54847  48.565  -9.337  55.457 0.0000000000
53964  49.269  -10.099  56.806 0.0000000000
115839  50.268  -10.088  57.822 0.0000000000
53938  48.888  -10.249  58.187 0.0000000000
52071  43.297  -12.283  64.387 0.0000000000
53019  44.109  -12.039  64.442 0.0000000000
99002  44.147  -12.861  66.075 0.0000000000
56557  48.099  -8.364  51.081 0.0000000000
42550  7.968  -23.140  89.249 0.0000000000
43460  7.588  -22.313  89.587 0.0000000000
52142  40.039  -12.294  60.995 0.0000000000
52128  41.026  -12.003  62.030 0.0000000000
52130  39.585  -12.772  61.374 0.0000000000
50237  38.803  -14.117  63.857 0.0000000000
51165  40.218  -13.876  63.895 0.0000000000
51134  40.043  -13.806  65.253 0.0000000000
52039  41.875  -12.920  66.762 0.0000000000
52041  40.049  -12.741  66.082 0.0000000000
45550  29.179  -19.222  72.403 0.0000000000
46440  29.878  -18.817  76.151 0.0000000000
47465  29.792  -18.006  75.010 0.0000000000
107096  30.530  -17.728  75.977 0.0000000000
48338  31.152  -16.653  76.680 0.0000000000
110700  31.290  -16.988  77.901 0.0000000000
44402  28.894  -20.695  82.138 0.0000000000
107473  29.376  -20.272  79.885 0.0000000000
45440  29.813  -19.707  81.624 0.0000000000
47391  31.301  -17.821  82.362 0.0000000000
48283  31.986  -16.468  81.398 0.0000000000
40750  22.637  -24.928  84.387 0.0000000000
117488  22.815  -25.304  86.063 0.0000000000
39814  22.412  -25.508  84.560 0.0000000000
38206  20.704  -27.599  82.524 0.0000000000
102138  21.517  -27.304  83.830 0.0000000000
38200  20.370  -28.093  83.286 0.0000000000
37372  20.066  -28.503  84.715 0.0000000000
38201  19.364  -28.191  83.073 0.0000000000
39036  18.681  -26.674  78.885 0.0000000000
39006  15.946  -26.300  81.183 0.0000000000
103839  16.586  -26.584  80.918 0.0000000000
38993  16.501  -26.798  82.546 0.0000000000
38992  17.097  -27.180  83.001 0.0000000000
38994  15.822  -26.443  82.934 0.0000000000
38976  15.762  -26.129  84.394 0.0000000000
39830  14.764  -25.881  83.335 0.0000000000
100312  10.891  -24.939  84.690 0.0000000000
107364  27.581  -22.101  72.799 0.0000000000
42793  26.798  -23.209  72.384 0.0000000000
41746  23.623  -23.288  76.308 0.0000000000
104430  24.679  -22.772  76.547 0.0000000000
42726  25.435  -22.713  76.362 0.0000000000
106962  24.901  -22.523  77.927 0.0000000000
42689  25.388  -22.395  78.677 0.0000000000
42690  24.515  -22.696  78.614 0.0000000000
41659  23.019  -24.359  81.923 0.0000000000
41658  23.576  -23.890  81.874 0.0000000000
40761  23.376  -24.123  83.419 0.0000000000
41635  23.645  -23.973  84.796 0.0000000000
37338  23.355  -28.152  87.589 0.0000000000
42540  11.298  -22.881  92.167 0.0000000000
41573  11.796  -23.466  91.585 0.0000000000
58925  55.548  -4.158  54.950 0.0000000000
58101  55.215  -5.883  57.245 0.0000000000
58100  55.999  -5.972  56.662 0.0000000000
57303  56.249  -6.502  57.337 0.0000000000
56474  56.426  -7.530  58.402 0.0000000000
55713  51.917  -8.569  55.560 0.0000000000
117892  53.159  -7.532  55.992 0.0000000000
55695  53.647  -8.280  57.463 0.0000000000
56453  55.473  -7.568  60.767 0.0000000000
53919  46.385  -10.130  60.242 0.0000000000
109500  45.945  -10.321  58.908 0.0000000000
53918  47.210  -10.094  60.009 0.0000000000
54786  48.647  -9.974  60.527 0.0000000000
99105  48.274  -9.849  61.278 0.0000000000
103266  45.947  -10.890  64.301 0.0000000000
53879  45.710  -10.262  63.354 0.0000000000
53867  46.657  -10.575  64.457 0.0000000000
52075  36.431  -11.997  64.311 0.0000000000
110500  38.366  -10.779  68.350 0.0000000000
53840  37.739  -10.787  66.702 0.0000000000
54675  38.865  -10.061  67.911 0.0000000000
54683  39.606  -9.885  67.935 0.0000000000
54659  39.892  -9.358  69.288 0.0000000000
46525  31.704  -18.900  71.633 0.0000000000
46505  33.087  -18.258  71.991 0.0000000000
48364  35.786  -16.243  73.714 0.0000000000
47498  35.049  -17.197  71.979 0.0000000000
48376  36.247  -16.307  72.124 0.0000000000
102132  36.445  -16.302  71.133 0.0000000000
49236  37.395  -15.440  73.251 0.0000000000
50074  36.938  -14.637  78.516 0.0000000000
50999  40.624  -13.670  75.074 0.0000000000
50135  39.665  -14.462  72.938 0.0000000000
51035  40.978  -13.530  73.233 0.0000000000
107504  40.658  -13.352  71.746 0.0000000000
51955  41.995  -12.585  73.513 0.0000000000
101821  51.017  -5.788  48.119 0.0000000000
58198  52.665  -5.830  47.402 0.0000000000
58204  53.336  -5.424  46.866 0.0000000000
58187  53.084  -6.238  48.013 0.0000000000
58969  54.136  -4.712  52.419 0.0000000000
58974  54.755  -3.895  51.210 0.0000000000
59763  55.215  -3.233  52.776 0.0000000000
113965  56.045  -3.180  52.961 0.0000000000
60601  56.984  -2.423  45.201 0.0000000000
60578  56.370  -2.151  48.144 0.0000000000
59785  56.974  -2.973  49.588 0.0000000000
59779  56.452  -2.917  50.396 0.0000000000
116506  25.210  -22.950  84.264 0.0000000000
42599  25.769  -22.706  84.801 0.0000000000
42586  25.580  -22.705  85.905 0.0000000000
40728  12.887  -25.453  86.862 0.0000000000
39782  14.580  -25.537  87.402 0.0000000000
40706  13.525  -25.285  88.356 0.0000000000
40695  13.664  -25.016  89.217 0.0000000000
40688  14.516  -24.822  91.288 0.0000000000
55725  45.738  -9.009  54.160 0.0000000000
54849  46.346  -9.904  55.271 0.0000000000
52037  43.576  -12.919  66.838 0.0000000000
52036  44.698  -12.751  66.804 0.0000000000
52967  44.703  -12.108  67.880 0.0000000000
53812  45.693  -10.729  68.657 0.0000000000
43457  7.147  -21.422  89.823 0.0000000000
45349  5.889  -19.977  90.207 0.0000000000
45337  6.290  -19.882  92.165 0.0000000000
51205  39.059  -13.511  61.853 0.0000000000
50252  38.139  -14.185  63.424 0.0000000000
46510  28.917  -19.039  73.205 0.0000000000
45515  28.660  -19.801  74.383 0.0000000000
45501  29.467  -19.581  75.800 0.0000000000
45481  30.378  -19.538  77.830 0.0000000000
39860  22.270  -25.316  81.948 0.0000000000
39828  22.007  -25.997  83.132 0.0000000000
39861  21.916  -25.945  81.414 0.0000000000
39003  20.847  -26.983  81.117 0.0000000000
38215  20.100  -27.265  80.893 0.0000000000
39846  14.362  -25.667  82.607 0.0000000000
40783  13.232  -24.927  81.106 0.0000000000
41747  22.979  -23.649  76.293 0.0000000000
107283  23.172  -23.638  78.160 0.0000000000
41717  23.774  -23.026  78.494 0.0000000000
40830  22.676  -24.336  78.703 0.0000000000
40794  22.727  -24.651  80.610 0.0000000000
37350  21.656  -28.665  86.605 0.0000000000
58953  53.499  -4.458  53.750 0.0000000000
58935  54.580  -3.874  54.845 0.0000000000
58937  53.050  -4.693  54.162 0.0000000000
58111  54.404  -4.969  55.974 0.0000000000
57316  54.619  -5.698  56.773 0.0000000000
54821  52.413  -9.506  58.022 0.0000000000
55670  53.547  -8.422  59.255 0.0000000000
55653  53.131  -8.466  60.196 0.0000000000
56441  54.357  -7.647  61.786 0.0000000000
101582  44.365  -10.743  57.183 0.0000000000
53942  43.990  -10.800  58.551 0.0000000000
53932  44.951  -10.415  59.988 0.0000000000
53903  46.177  -10.050  61.039 0.0000000000
53000  48.552  -11.502  65.824 0.0000000000
52043  35.927  -12.304  65.766 0.0000000000
53010  35.997  -12.038  65.310 0.0000000000
110145  36.731  -11.873  66.571 0.0000000000
52958  38.077  -11.555  68.208 0.0000000000
52944  39.179  -11.243  69.203 0.0000000000
48357  32.715  -17.073  74.736 0.0000000000
47488  33.373  -17.616  73.266 0.0000000000
99791  33.930  -16.641  74.855 0.0000000000
48346  34.629  -16.366  74.976 0.0000000000
49229  35.910  -15.884  75.117 0.0000000000
57383  48.626  -6.936  49.442 0.0000000000
58180  48.952  -6.108  49.019 0.0000000000
56581  50.037  -7.240  49.275 0.0000000000
57381  50.728  -6.748  48.979 0.0000000000
57380  52.156  -7.061  49.051 0.0000000000
57378  53.701  -6.573  49.609 0.0000000000
56566  53.260  -7.194  50.201 0.0000000000
58162  53.790  -5.554  52.065 0.0000000000
108440  54.031  -2.994  43.857 0.0000000000
60603  55.826  -2.470  44.915 0.0000000000
60592  56.695  -2.154  45.704 0.0000000000
59804  57.379  -2.992  46.545 0.0000000000
60585  56.491  -2.090  46.160 0.0000000000
59805  56.015  -2.279  46.689 0.0000000000
59798  55.384  -3.131  47.167 0.0000000000
43573  26.918  -21.915  78.820 0.0000000000
43562  28.356  -21.254  78.846 0.0000000000
43550  27.591  -21.494  80.244 0.0000000000
43539  28.312  -21.240  81.913 0.0000000000
43516  28.327  -21.440  83.451 0.0000000000
38173  17.666  -27.317  86.528 0.0000000000
102668  18.673  -27.658  88.412 0.0000000000
38952  17.519  -26.212  88.361 0.0000000000
38942  17.606  -26.234  89.331 0.0000000000
39773  16.088  -25.100  88.953 0.0000000000
38934  17.092  -26.251  89.493 0.0000000000
56540  50.066  -7.772  52.534 0.0000000000
57348  50.753  -6.858  53.722 0.0000000000
113543  50.210  -7.257  53.521 0.0000000000
55714  50.466  -8.018  54.833 0.0000000000
54844  51.398  -9.267  55.952 0.0000000000
55716  48.261  -8.725  54.921 0.0000000000
54846  49.461  -9.364  55.555 0.0000000000
54830  51.642  -9.635  56.756 0.0000000000
54816  51.039  -9.906  58.231 0.0000000000
54804  51.496  -9.532  59.571 0.0000000000
54763  50.814  -9.510  61.111 0.0000000000
53064  42.414  -11.218  61.826 0.0000000000
53893  43.620  -10.774  62.307 0.0000000000
53880  44.207  -11.046  63.471 0.0000000000
53018  44.902  -11.607  64.503 0.0000000000
53003  45.972  -12.062  65.418 0.0000000000
52035  45.509  -12.647  67.001 0.0000000000
52034  46.217  -12.528  66.803 0.0000000000
52033  47.135  -12.343  66.466 0.0000000000
49311  37.533  -15.898  67.839 0.0000000000
114763  34.492  -14.452  79.507 0.0000000000
57384  47.216  -6.160  49.634 0.0000000000
56571  48.413  -8.025  50.048 0.0000000000
55751  48.948  -8.521  50.925 0.0000000000
61382  51.929  -2.277  43.085 0.0000000000
60620  50.789  -2.168  43.808 0.0000000000
41602  8.888  -24.228  87.976 0.0000000000
40698  9.973  -24.678  89.147 0.0000000000
41587  8.431  -23.812  89.083 0.0000000000
42545  8.985  -23.181  90.712 0.0000000000
43450  9.995  -21.844  92.349 0.0000000000
43452  8.266  -21.398  91.388 0.0000000000
99108  42.168  -11.380  59.558 0.0000000000
53091  40.472  -11.972  59.241 0.0000000000
100831  41.708  -11.525  61.056 0.0000000000
53065  41.787  -11.589  62.127 0.0000000000
52086  42.048  -12.218  63.520 0.0000000000
52073  41.785  -13.185  64.215 0.0000000000
51187  39.992  -13.543  62.993 0.0000000000
51164  41.017  -13.553  64.093 0.0000000000
51131  42.469  -13.353  65.816 0.0000000000
52038  42.698  -13.044  66.903 0.0000000000
52021  42.415  -12.455  67.285 0.0000000000
53824  42.510  -10.876  68.054 0.0000000000
46507  31.430  -18.568  72.396 0.0000000000
46491  29.461  -18.601  73.751 0.0000000000
46490  30.246  -18.321  73.416 0.0000000000
47490  31.641  -17.828  73.677 0.0000000000
48358  31.779  -17.130  75.025 0.0000000000
48337  31.601  -16.315  76.672 0.0000000000
101986  32.079  -15.628  78.333 0.0000000000
102206  28.981  -20.813  78.681 0.0000000000
45459  30.029  -19.820  79.170 0.0000000000
45458  30.754  -19.318  79.335 0.0000000000
46397  30.260  -19.050  81.807 0.0000000000
46403  31.121  -18.560  80.537 0.0000000000
47431  31.535  -17.787  78.809 0.0000000000
48302  31.664  -17.187  79.356 0.0000000000
100865  32.050  -15.800  79.639 0.0000000000
50064  32.581  -14.979  79.761 0.0000000000
108430  23.257  -24.771  87.342 0.0000000000
40727  22.934  -25.264  87.000 0.0000000000
38958  23.130  -26.915  86.505 0.0000000000
38172  22.906  -27.791  86.437 0.0000000000
38980  22.117  -26.116  83.959 0.0000000000
38187  22.143  -27.280  84.902 0.0000000000
37360  22.213  -28.316  85.989 0.0000000000
37362  20.505  -28.585  85.490 0.0000000000
37363  19.648  -28.504  85.523 0.0000000000
37364  18.844  -28.257  85.448 0.0000000000
103204  19.657  -26.527  78.878 0.0000000000
38227  19.635  -27.066  80.324 0.0000000000
38216  19.303  -27.471  81.162 0.0000000000
39021  16.869  -26.662  80.177 0.0000000000
38228  18.337  -27.250  81.066 0.0000000000
38209  18.516  -27.772  82.377 0.0000000000
38202  18.437  -27.952  83.172 0.0000000000
38191  17.838  -27.724  84.782 0.0000000000
38182  17.696  -27.476  85.601 0.0000000000
38966  16.527  -26.413  85.453 0.0000000000
38967  15.991  -26.112  84.993 0.0000000000
39805  14.266  -25.756  85.024 0.0000000000
39831  13.941  -25.619  83.411 0.0000000000
39817  13.666  -25.642  84.316 0.0000000000
39806  13.360  -25.576  85.166 0.0000000000
40729  12.203  -25.404  86.201 0.0000000000
112583  10.965  -25.136  86.006 0.0000000000
118006  9.992  -24.904  86.076 0.0000000000
100731  8.811  -24.343  86.208 0.0000000000
42578  7.688  -22.859  86.710 0.0000000000
44495  27.789  -21.406  73.109 0.0000000000
111877  28.114  -22.168  74.796 0.0000000000
43595  28.094  -22.265  75.542 0.0000000000
41793  26.424  -23.285  74.226 0.0000000000
115145  27.151  -22.628  75.897 0.0000000000
42706  27.078  -22.427  76.740 0.0000000000
42688  26.269  -22.158  78.339 0.0000000000
42650  25.532  -22.534  80.429 0.0000000000
42636  25.466  -22.750  81.411 0.0000000000
41701  23.811  -23.444  80.139 0.0000000000
42637  24.625  -23.115  81.436 0.0000000000
42623  24.944  -22.979  82.725 0.0000000000
41634  24.415  -23.463  84.200 0.0000000000
41624  23.585  -24.139  85.894 0.0000000000
40690  11.782  -24.508  90.220 0.0000000000
41578  13.312  -23.988  91.279 0.0000000000
58919  55.580  -4.831  55.627 0.0000000000
57332  51.836  -6.885  54.859 0.0000000000
107868  53.426  -6.851  56.076 0.0000000000
57305  54.731  -6.324  57.567 0.0000000000
56476  54.214  -7.851  58.867 0.0000000000
56475  54.908  -7.374  59.178 0.0000000000
56465  56.196  -7.369  58.996 0.0000000000
107437  45.543  -10.140  55.270 0.0000000000
53967  46.597  -10.400  56.760 0.0000000000
53954  45.101  -10.601  57.327 0.0000000000
53952  46.709  -10.411  57.739 0.0000000000
53951  47.442  -10.405  57.218 0.0000000000
53928  48.521  -10.287  59.049 0.0000000000
112782  50.225  -9.816  60.501 0.0000000000
54740  51.103  -9.129  62.104 0.0000000000
53892  44.522  -10.516  62.265 0.0000000000
54746  46.111  -9.932  62.805 0.0000000000
112628  46.572  -9.828  62.304 0.0000000000
53865  48.172  -10.129  64.885 0.0000000000
114452  48.397  -9.645  63.790 0.0000000000
54744  47.970  -9.673  62.808 0.0000000000
54743  49.044  -9.478  63.075 0.0000000000
54724  50.626  -9.169  63.519 0.0000000000
51190  36.987  -13.854  63.105 0.0000000000
51153  37.973  -13.207  64.458 0.0000000000
53841  37.408  -11.125  66.061 0.0000000000
53007  38.453  -11.631  65.509 0.0000000000
53006  39.259  -12.083  65.750 0.0000000000
52985  40.547  -11.155  66.806 0.0000000000
53816  41.299  -9.681  68.321 0.0000000000
54657  41.842  -8.853  69.354 0.0000000000
47499  34.364  -17.537  72.288 0.0000000000
48399  36.569  -16.673  69.386 0.0000000000
48398  37.081  -16.226  69.823 0.0000000000
49271  38.288  -15.330  70.119 0.0000000000
50083  35.689  -15.267  77.842 0.0000000000
49200  36.128  -15.467  77.125 0.0000000000
49209  37.340  -15.271  76.042 0.0000000000
109045  38.312  -14.857  76.083 0.0000000000
50107  38.028  -15.184  74.661 0.0000000000
49235  38.221  -15.162  72.846 0.0000000000
50150  38.974  -14.745  71.490 0.0000000000
50179  38.838  -14.622  69.705 0.0000000000
51076  39.951  -13.500  70.527 0.0000000000
51994  40.375  -12.597  70.516 0.0000000000
53789  40.591  -10.922  70.593 0.0000000000
52907  42.324  -11.874  73.150 0.0000000000
53781  41.652  -10.374  71.735 0.0000000000
104525  40.181  -9.813  70.364 0.0000000000
55535  41.041  -8.966  70.445 0.0000000000
60595  50.973  -2.983  44.840 0.0000000000
59011  51.888  -4.050  45.699 0.0000000000
59001  54.091  -4.955  46.377 0.0000000000
59000  54.706  -4.335  46.875 0.0000000000
59793  54.919  -3.035  48.758 0.0000000000
58179  54.142  -5.904  49.167 0.0000000000
58980  54.617  -3.954  49.265 0.0000000000
59787  55.561  -2.516  50.006 0.0000000000
60558  56.105  -3.010  51.222 0.0000000000
40703  24.313  -24.205  88.300 0.0000000000
40720  10.324  -24.948  87.400 0.0000000000
40708  11.005  -24.970  88.093 0.0000000000
40709  10.139  -24.826  88.317 0.0000000000
54670  43.346  -9.771  69.004 0.0000000000
54669  44.289  -9.915  69.033 0.0000000000
43578  28.469  -21.782  77.076 0.0000000000
39910  21.553  -25.487  78.663 0.0000000000
39911  20.865  -25.844  78.239 0.0000000000
37342  19.835  -28.628  87.382 0.0000000000
57356  51.374  -6.590  52.806 0.0000000000
58137  52.011  -5.764  53.496 0.0000000000
57347  51.295  -6.345  53.232 0.0000000000
54762  51.745  -9.086  61.475 0.0000000000
55634  52.664  -8.643  61.876 0.0000000000
55615  52.982  -8.530  62.886 0.0000000000
114674  43.011  -11.007  60.290 0.0000000000
50206  36.914  -14.819  66.832 0.0000000000
50192  38.094  -14.417  68.099 0.0000000000
49190  32.812  -15.284  78.308 0.0000000000
49189  33.837  -15.131  78.025 0.0000000000
56539  50.906  -7.506  52.403 0.0000000000
57363  51.748  -7.258  52.288 0.0000000000
59826  52.647  -3.016  44.171 0.0000000000
59816  54.090  -3.715  44.974 0.0000000000
42622  25.599  -22.744  82.360 0.0000000000
42621  26.331  -22.446  81.970 0.0000000000
42610  26.324  -22.464  82.947 0.0000000000
39793  15.306  -25.737  86.779 0.0000000000
112426  16.236  -25.796  87.268 0.0000000000
56543  47.111  -8.228  52.212 0.0000000000
56529  46.807  -8.121  53.285 0.0000000000
54848  47.033  -9.858  55.694 0.0000000000
53965  48.291  -10.225  56.737 0.0000000000
118804  48.833  -10.229  57.379 0.0000000000
52056  42.877  -12.960  65.117 0.0000000000
52055  43.654  -12.697  65.301 0.0000000000
43461  7.169  -21.883  89.062 0.0000000000
104947  39.091  -12.607  59.820 0.0000000000
52143  39.455  -12.522  60.517 0.0000000000
51151  39.593  -13.952  64.446 0.0000000000
52057  40.235  -13.469  65.785 0.0000000000
52058  39.582  -13.213  65.654 0.0000000000
46439  30.406  -18.219  76.407 0.0000000000
47452  30.915  -17.385  76.631 0.0000000000
47442  31.105  -17.978  77.960 0.0000000000
115578  29.102  -20.705  82.802 0.0000000000
45441  29.196  -20.274  81.550 0.0000000000
45431  29.413  -20.052  82.371 0.0000000000
39827  22.278  -25.322  83.713 0.0000000000
37382  19.707  -28.368  83.947 0.0000000000
39862  15.257  -25.989  81.566 0.0000000000
105938  15.868  -26.386  82.085 0.0000000000
39829  15.348  -26.124  83.310 0.0000000000
42710  23.992  -23.002  76.748 0.0000000000
41745  24.135  -23.126  76.031 0.0000000000
42709  24.427  -22.706  77.291 0.0000000000
108200  22.639  -24.764  82.397 0.0000000000
40773  23.134  -24.248  82.637 0.0000000000
40749  23.173  -24.378  84.183 0.0000000000
42533  11.844  -22.139  92.864 0.0000000000
42532  12.472  -22.516  92.889 0.0000000000
59741  55.601  -3.630  54.387 0.0000000000
59742  55.150  -3.551  54.388 0.0000000000
112398  55.700  -6.051  57.100 0.0000000000
57297  56.222  -6.865  58.192 0.0000000000
55703  52.278  -9.086  56.286 0.0000000000
55702  53.037  -8.711  56.792 0.0000000000
54788  46.950  -9.985  60.812 0.0000000000
54787  47.776  -9.962  60.633 0.0000000000
53016  46.284  -11.208  64.936 0.0000000000
53855  47.094  -11.024  65.016 0.0000000000
53022  35.793  -12.001  64.656 0.0000000000
53801  38.802  -10.595  68.908 0.0000000000
114361  38.363  -10.343  67.939 0.0000000000
53817  38.992  -10.052  69.055 0.0000000000
54674  39.271  -9.798  68.736 0.0000000000
54660  39.567  -9.754  69.366 0.0000000000
46506  32.272  -18.461  72.195 0.0000000000
46524  32.532  -18.747  71.422 0.0000000000
47501  32.841  -18.054  72.753 0.0000000000
48369  36.023  -16.242  73.007 0.0000000000
49247  36.764  -15.824  72.688 0.0000000000
50986  40.412  -13.570  76.027 0.0000000000
51016  40.818  -13.676  74.142 0.0000000000
51940  41.385  -13.243  74.696 0.0000000000
51015  41.504  -13.194  73.837 0.0000000000
51939  42.042  -12.727  74.332 0.0000000000
58199  51.545  -5.513  47.506 0.0000000000
58962  54.377  -4.067  53.219 0.0000000000
58961  54.704  -3.928  52.220 0.0000000000
59762  55.714  -3.162  53.199 0.0000000000
59813  57.331  -2.997  45.515 0.0000000000
59822  57.125  -3.302  44.685 0.0000000000
59007  57.261  -4.092  45.076 0.0000000000
99263  57.092  -4.817  45.724 0.0000000000
60574  55.766  -2.261  48.727 0.0000000000
60568  56.905  -2.505  48.969 0.0000000000
60573  56.466  -2.256  48.867 0.0000000000
59786  56.493  -2.494  49.586 0.0000000000
60569  55.928  -2.221  49.504 0.0000000000
42600  24.995  -23.048  85.105 0.0000000000
40717  13.598  -25.445  87.507 0.0000000000
99205  12.744  -25.364  87.756 0.0000000000
112514  13.038  -24.899  89.604 0.0000000000
99713  13.942  -24.721  90.187 0.0000000000
54861  46.062  -9.576  54.734 0.0000000000
52020  43.264  -12.625  67.388 0.0000000000
52019  44.179  -12.565  67.419 0.0000000000
44322  6.454  -20.671  89.466 0.0000000000
45342  5.570  -19.643  91.243 0.0000000000
44494  28.051  -20.550  73.341 0.0000000000
45533  28.436  -19.722  73.502 0.0000000000
108015  28.300  -20.387  73.995 0.0000000000
44473  29.327  -20.479  75.918 0.0000000000
44466  29.607  -20.292  76.560 0.0000000000
45491  29.843  -19.562  76.598 0.0000000000
45482  29.920  -20.014  77.379 0.0000000000
108232  21.465  -26.433  81.035 0.0000000000
41732  23.079  -23.761  77.213 0.0000000000
39893  22.238  -25.182  80.058 0.0000000000
40812  22.734  -24.486  79.667 0.0000000000
40782  22.698  -24.765  81.511 0.0000000000
99944  20.987  -28.802  86.915 0.0000000000
58150  53.329  -4.987  52.976 0.0000000000
58124  52.685  -5.468  54.959 0.0000000000
58123  53.411  -5.137  55.503 0.0000000000
57317  53.822  -5.833  56.148 0.0000000000
54814  52.140  -9.366  58.921 0.0000000000
55671  52.778  -8.898  59.356 0.0000000000
53099  42.429  -11.155  57.840 0.0000000000
101685  43.591  -10.891  57.645 0.0000000000
53921  44.318  -10.646  60.620 0.0000000000
118263  44.345  -10.618  59.969 0.0000000000
113527  45.037  -10.442  60.722 0.0000000000
53920  45.642  -10.254  60.475 0.0000000000
53904  45.451  -10.254  61.218 0.0000000000
51136  35.466  -12.955  65.622 0.0000000000
51121  36.060  -13.158  66.156 0.0000000000
52042  36.403  -12.389  66.363 0.0000000000
52023  36.836  -12.476  66.911 0.0000000000
52009  37.944  -12.488  67.997 0.0000000000
52957  38.680  -11.445  68.775 0.0000000000
52002  39.425  -12.336  69.277 0.0000000000
48356  33.553  -16.950  74.453 0.0000000000
99651  33.253  -16.693  75.127 0.0000000000
49212  34.290  -15.752  76.690 0.0000000000
49221  35.222  -15.988  75.459 0.0000000000
116535  35.383  -16.184  74.818 0.0000000000
102076  35.815  -15.696  75.843 0.0000000000
56582  49.274  -7.659  49.591 0.0000000000
103416  49.349  -6.765  49.220 0.0000000000
56568  51.651  -8.075  50.513 0.0000000000
56580  50.922  -7.724  49.578 0.0000000000
56579  51.863  -7.558  49.620 0.0000000000
103330  51.419  -7.111  49.099 0.0000000000
56578  52.567  -7.355  49.642 0.0000000000
118414  52.762  -6.384  52.407 0.0000000000
57362  53.396  -6.537  51.805 0.0000000000
57354  52.961  -5.862  52.613 0.0000000000
59824  54.804  -3.005  44.523 0.0000000000
60604  54.967  -3.001  44.473 0.0000000000
60602  56.407  -2.307  45.074 0.0000000000
60593  56.251  -2.240  45.488 0.0000000000
59814  55.958  -2.293  45.809 0.0000000000
59806  55.345  -3.245  46.278 0.0000000000
43564  26.761  -21.887  79.482 0.0000000000
43563  27.511  -21.613  79.377 0.0000000000
107330  27.008  -21.766  79.968 0.0000000000
43527  27.136  -22.093  82.528 0.0000000000
103088  27.657  -21.716  81.966 0.0000000000
43526  28.006  -21.665  82.678 0.0000000000
43525  28.703  -21.217  82.745 0.0000000000
38959  17.255  -26.553  87.135 0.0000000000
38163  17.907  -27.227  87.598 0.0000000000
39771  17.157  -25.625  88.881 0.0000000000
38933  17.659  -26.598  89.718 0.0000000000
39774  15.085  -25.274  88.470 0.0000000000
56541  49.242  -8.052  52.618 0.0000000000
56526  49.767  -7.520  53.121 0.0000000000
56518  48.796  -7.830  54.117 0.0000000000
55723  49.470  -7.978  54.571 0.0000000000
115755  51.065  -8.722  55.277 0.0000000000
103003  49.908  -8.782  55.062 0.0000000000
116637  46.890  -8.175  54.072 0.0000000000
55739  47.534  -8.009  53.883 0.0000000000
54832  49.854  -9.813  56.225 0.0000000000
54831  50.771  -9.758  56.451 0.0000000000
54822  51.740  -9.762  57.616 0.0000000000
54823  50.967  -9.971  57.287 0.0000000000
54817  50.206  -10.062  58.668 0.0000000000
54805  50.825  -9.817  59.166 0.0000000000
54784  50.827  -9.718  60.087 0.0000000000
53049  42.380  -11.490  62.783 0.0000000000
53881  43.342  -11.118  63.060 0.0000000000
53005  44.491  -12.387  65.220 0.0000000000
53017  45.595  -11.409  64.767 0.0000000000
52018  45.113  -12.483  67.419 0.0000000000
52016  46.907  -12.366  67.237 0.0000000000
100280  47.976  -12.359  67.040 0.0000000000
48428  36.924  -16.593  67.565 0.0000000000
48427  37.329  -16.325  68.281 0.0000000000
57373  47.755  -7.095  49.727 0.0000000000
101116  48.692  -8.417  51.869 0.0000000000
56556  49.542  -8.400  51.802 0.0000000000
60619  51.554  -2.418  43.711 0.0000000000
41595  8.314  -23.734  88.294 0.0000000000
41594  8.798  -24.165  88.692 0.0000000000
118536  8.102  -23.479  88.771 0.0000000000
42546  8.220  -22.800  90.181 0.0000000000
42542  9.422  -22.643  91.554 0.0000000000
44318  6.752  -20.614  90.515 0.0000000000
44317  7.473  -21.109  90.899 0.0000000000
53090  41.503  -11.603  59.220 0.0000000000
52157  40.232  -12.123  60.283 0.0000000000
98767  41.058  -11.774  60.157 0.0000000000
116200  41.006  -12.465  62.804 0.0000000000
52108  41.565  -12.009  62.811 0.0000000000
52110  39.779  -13.128  62.162 0.0000000000
51150  40.509  -13.881  64.776 0.0000000000
51149  41.356  -13.726  64.941 0.0000000000
51132  41.722  -13.509  65.670 0.0000000000
51118  42.171  -13.285  66.343 0.0000000000
52970  42.021  -11.424  67.610 0.0000000000
46526  30.822  -18.956  71.837 0.0000000000
46508  30.547  -18.626  72.619 0.0000000000
46492  28.849  -19.057  74.075 0.0000000000
46470  29.369  -18.576  74.578 0.0000000000
47479  30.449  -17.746  74.734 0.0000000000
46469  29.931  -18.123  74.242 0.0000000000
47491  30.755  -17.925  73.926 0.0000000000
47478  31.283  -17.572  74.471 0.0000000000
48326  31.225  -16.210  77.327 0.0000000000
49215  31.609  -15.975  77.319 0.0000000000
49205  31.511  -15.995  77.854 0.0000000000
44442  28.188  -21.176  79.744 0.0000000000
44441  28.843  -20.781  79.369 0.0000000000
45450  29.676  -20.012  80.810 0.0000000000
101552  30.131  -19.641  80.039 0.0000000000
45469  30.611  -19.455  78.520 0.0000000000
45449  30.702  -19.107  80.099 0.0000000000
47399  31.382  -18.061  81.388 0.0000000000
46411  31.261  -18.649  79.552 0.0000000000
47420  31.562  -17.916  79.820 0.0000000000
47419  31.748  -17.176  80.088 0.0000000000
48291  31.985  -16.293  80.384 0.0000000000
49180  32.233  -15.316  79.587 0.0000000000
39790  23.426  -25.189  88.018 0.0000000000
39803  22.625  -25.797  85.396 0.0000000000
39791  22.893  -25.982  86.320 0.0000000000
38964  22.713  -26.911  85.597 0.0000000000
38981  21.759  -26.760  83.474 0.0000000000
38189  21.021  -27.862  83.908 0.0000000000
38188  21.598  -27.628  84.406 0.0000000000
107161  21.828  -28.019  85.137 0.0000000000
37361  21.375  -28.491  85.613 0.0000000000
38190  18.502  -28.169  84.680 0.0000000000
111670  18.476  -26.855  79.609 0.0000000000
39019  19.201  -26.825  79.623 0.0000000000
113166  18.807  -27.082  80.332 0.0000000000
39038  16.277  -26.491  79.411 0.0000000000
39020  17.381  -26.926  81.160 0.0000000000
38218  18.003  -27.421  81.860 0.0000000000
38210  17.817  -27.534  82.673 0.0000000000
38982  17.036  -27.063  83.795 0.0000000000
115361  17.445  -27.449  84.216 0.0000000000
38974  17.182  -27.008  84.943 0.0000000000
39815  15.247  -25.980  83.975 0.0000000000
39804  15.249  -25.921  84.879 0.0000000000
39847  13.623  -25.375  82.642 0.0000000000
40764  12.370  -25.219  83.738 0.0000000000
39832  13.162  -25.449  83.680 0.0000000000
39818  12.803  -25.427  84.464 0.0000000000
39796  12.446  -25.415  85.317 0.0000000000
40740  11.449  -25.224  85.535 0.0000000000
40741  10.458  -24.947  85.568 0.0000000000
40742  9.462  -24.637  85.618 0.0000000000
41626  8.319  -23.749  85.798 0.0000000000
41614  8.275  -23.662  86.691 0.0000000000
42593  7.922  -23.139  85.967 0.0000000000
41792  27.404  -22.837  73.626 0.0000000000
43613  27.720  -22.231  73.451 0.0000000000
43603  27.798  -22.468  74.231 0.0000000000
107715  27.596  -22.646  74.994 0.0000000000
117806  25.986  -23.494  73.777 0.0000000000
41821  26.438  -23.487  73.228 0.0000000000
41767  25.817  -23.164  75.004 0.0000000000
42725  26.258  -22.580  76.578 0.0000000000
99382  26.075  -22.853  75.785 0.0000000000
42707  26.459  -22.312  77.440 0.0000000000
110544  24.847  -22.607  79.228 0.0000000000
42667  25.486  -22.389  79.569 0.0000000000
42651  24.826  -22.894  80.689 0.0000000000
41702  23.351  -23.680  79.259 0.0000000000
106229  23.816  -23.836  82.791 0.0000000000
41669  24.056  -23.462  81.455 0.0000000000
41657  24.345  -23.396  82.205 0.0000000000
41646  24.435  -23.440  83.145 0.0000000000
40738  23.095  -24.584  85.140 0.0000000000
41612  23.602  -24.219  87.065 0.0000000000
111008  23.655  -25.942  88.362 0.0000000000
38151  19.315  -28.104  89.202 0.0000000000
38137  18.994  -28.009  89.837 0.0000000000
41585  10.010  -24.455  89.913 0.0000000000
119233  10.561  -24.713  89.563 0.0000000000
41580  11.309  -23.955  90.768 0.0000000000
41572  12.904  -23.349  91.769 0.0000000000
41579  12.332  -23.927  90.927 0.0000000000
41571  13.626  -23.458  92.015 0.0000000000
41577  14.059  -24.257  91.773 0.0000000000
41570  13.872  -24.118  92.239 0.0000000000
58926  54.767  -4.281  55.417 0.0000000000
119527  55.246  -4.340  55.367 0.0000000000
113556  56.320  -6.453  56.696 0.0000000000
56516  50.959  -7.151  54.487 0.0000000000
55701  53.527  -7.709  56.610 0.0000000000
57306  54.013  -6.518  56.861 0.0000000000
56487  54.702  -7.025  58.372 0.0000000000
55685  53.627  -8.511  58.296 0.0000000000
56468  54.323  -7.711  59.790 0.0000000000
56467  55.203  -7.448  59.916 0.0000000000
56466  55.950  -7.599  59.861 0.0000000000
57291  55.643  -7.236  59.205 0.0000000000
115647  56.305  -7.825  59.635 0.0000000000
101904  56.509  -7.967  58.999 0.0000000000
53985  44.775  -10.458  55.729 0.0000000000
54850  44.603  -10.092  55.087 0.0000000000
53983  46.215  -10.282  55.908 0.0000000000
104790  44.511  -10.676  57.937 0.0000000000
105274  45.353  -10.456  58.255 0.0000000000
53940  46.713  -10.359  58.604 0.0000000000
105756  46.120  -10.379  58.216 0.0000000000
53939  47.445  -10.380  58.134 0.0000000000
113194  48.108  -10.336  58.438 0.0000000000
99640  49.107  -9.834  61.246 0.0000000000
54785  49.505  -9.932  60.470 0.0000000000
54764  49.927  -9.741  61.210 0.0000000000
104740  50.323  -9.451  61.972 0.0000000000
108400  44.069  -10.771  62.923 0.0000000000
54728  46.361  -10.063  63.453 0.0000000000
54745  46.964  -9.841  63.029 0.0000000000
54713  48.866  -9.845  64.702 0.0000000000
54725  49.843  -9.376  63.787 0.0000000000
52089  36.714  -12.450  63.855 0.0000000000
51167  37.392  -13.500  63.751 0.0000000000
52989  37.041  -11.364  66.473 0.0000000000
53009  36.879  -11.622  65.670 0.0000000000
104394  38.588  -10.553  66.481 0.0000000000
53839  38.116  -10.921  65.879 0.0000000000
52987  38.962  -10.988  65.814 0.0000000000
52986  39.776  -11.345  66.184 0.0000000000
53837  39.793  -10.544  66.649 0.0000000000
55555  40.610  -9.218  68.843 0.0000000000
54682  40.605  -9.831  67.968 0.0000000000
54672  41.553  -9.257  68.786 0.0000000000
47487  34.173  -17.420  73.064 0.0000000000
47500  33.614  -17.808  72.526 0.0000000000
48377  35.697  -16.759  71.603 0.0000000000
47508  35.177  -17.256  71.136 0.0000000000
47518  35.283  -17.357  70.307 0.0000000000
48400  35.853  -16.978  69.840 0.0000000000
49273  37.147  -15.759  70.988 0.0000000000
48386  36.898  -16.100  70.495 0.0000000000
49272  37.505  -15.810  70.288 0.0000000000
49285  37.738  -15.821  69.479 0.0000000000
110972  37.783  -15.490  70.787 0.0000000000
50062  34.943  -14.155  79.906 0.0000000000
101494  35.298  -15.005  78.459 0.0000000000
50061  35.351  -14.533  79.206 0.0000000000
50082  36.586  -15.113  77.801 0.0000000000
49199  37.005  -15.304  77.011 0.0000000000
50089  37.770  -14.931  76.850 0.0000000000
50095  39.092  -14.479  75.746 0.0000000000
50088  38.844  -14.402  76.434 0.0000000000
50096  38.609  -14.892  75.184 0.0000000000
50106  38.783  -14.906  74.304 0.0000000000
50122  38.127  -15.188  73.775 0.0000000000
50149  39.694  -14.399  71.953 0.0000000000
50136  38.986  -14.802  72.425 0.0000000000
50164  38.914  -14.710  70.583 0.0000000000
50163  39.574  -14.295  71.014 0.0000000000
50178  39.341  -14.097  70.159 0.0000000000
51985  40.923  -12.575  71.390 0.0000000000
52934  40.742  -11.870  70.778 0.0000000000
52935  40.281  -11.663  70.214 0.0000000000
52925  41.252  -11.401  71.361 0.0000000000
51938  42.523  -12.189  74.830 0.0000000000
52900  42.852  -11.400  74.520 0.0000000000
53774  42.240  -10.427  72.489 0.0000000000
53782  40.903  -10.090  71.004 0.0000000000
108495  41.328  -9.308  71.397 0.0000000000
54634  40.797  -9.285  70.661 0.0000000000
54625  41.713  -8.984  71.949 0.0000000000
60607  50.488  -2.447  44.402 0.0000000000
58190  49.392  -5.478  48.622 0.0000000000
59807  51.131  -3.767  46.014 0.0000000000
59818  51.119  -3.458  45.606 0.0000000000
59010  53.149  -4.322  45.365 0.0000000000
59002  52.901  -4.901  46.115 0.0000000000
58197  53.692  -5.700  47.541 0.0000000000
58203  54.200  -5.213  47.088 0.0000000000
99524  54.829  -3.777  47.815 0.0000000000
58986  54.619  -4.200  48.463 0.0000000000
57371  54.196  -5.914  50.132 0.0000000000
114682  54.660  -3.856  50.182 0.0000000000
59788  54.975  -2.944  49.692 0.0000000000
59780  55.730  -2.825  50.972 0.0000000000
108333  56.400  -3.589  52.701 0.0000000000
60616  55.333  -2.880  44.314 0.0000000000
60627  54.861  -3.228  43.448 0.0000000000
59835  55.630  -3.222  43.721 0.0000000000
41601  24.268  -23.677  87.850 0.0000000000
99275  11.875  -25.209  87.957 0.0000000000
101520  11.631  -24.994  88.808 0.0000000000
53814  43.376  -11.240  68.245 0.0000000000
52956  44.257  -11.446  68.370 0.0000000000
43594  28.515  -21.626  75.114 0.0000000000
44467  29.193  -21.108  76.527 0.0000000000
39876  21.729  -25.922  80.472 0.0000000000
39034  21.099  -26.252  79.858 0.0000000000
39035  20.443  -26.449  79.397 0.0000000000
40846  21.829  -24.714  77.386 0.0000000000
37341  20.620  -28.825  87.722 0.0000000000
37330  20.009  -28.767  88.591 0.0000000000
58151  52.741  -5.102  53.568 0.0000000000
55633  53.657  -8.140  62.326 0.0000000000
112499  43.636  -10.923  59.186 0.0000000000
110484  36.904  -13.966  66.922 0.0000000000
51111  37.153  -13.337  67.174 0.0000000000
51103  38.428  -13.386  68.327 0.0000000000
51091  38.971  -13.270  69.032 0.0000000000
49214  32.414  -15.968  76.901 0.0000000000
49213  33.421  -16.070  76.291 0.0000000000
49201  35.138  -15.510  77.109 0.0000000000
55750  49.827  -8.473  50.807 0.0000000000
56570  50.003  -8.141  49.849 0.0000000000
56553  52.236  -7.744  51.416 0.0000000000
57355  52.088  -6.231  52.711 0.0000000000
43551  26.986  -21.861  80.660 0.0000000000
39780  16.586  -25.409  88.482 0.0000000000
109747  47.691  -9.318  55.249 0.0000000000
54833  48.911  -9.833  56.085 0.0000000000
53949  49.514  -10.168  57.560 0.0000000000
118510  49.665  -10.171  58.235 0.0000000000
53927  49.404  -10.229  58.929 0.0000000000
53034  43.706  -11.621  63.767 0.0000000000
52054  44.841  -12.635  65.914 0.0000000000
56542  47.932  -8.329  52.007 0.0000000000
42551  7.413  -22.487  88.708 0.0000000000
43456  7.872  -21.900  90.463 0.0000000000
52158  39.682  -12.326  59.633 0.0000000000
52129  40.253  -12.399  61.675 0.0000000000
52109  40.483  -12.776  62.458 0.0000000000
51166  39.397  -14.062  63.541 0.0000000000
51119  41.375  -13.325  66.206 0.0000000000
52040  40.654  -13.245  66.123 0.0000000000
104579  40.828  -12.462  66.517 0.0000000000
46451  29.540  -18.644  75.334 0.0000000000
46450  30.008  -18.111  75.690 0.0000000000
47464  30.394  -17.698  75.448 0.0000000000
48350  30.866  -17.208  75.974 0.0000000000
48327  31.215  -16.540  77.191 0.0000000000
44414  28.742  -20.774  81.515 0.0000000000
44427  28.900  -20.607  80.801 0.0000000000
47409  31.834  -17.253  80.947 0.0000000000
40739  22.697  -25.085  85.310 0.0000000000
38199  21.188  -27.441  83.242 0.0000000000
37381  20.438  -28.262  84.091 0.0000000000
37383  18.858  -28.279  83.921 0.0000000000
39037  17.850  -26.754  79.057 0.0000000000
39022  16.088  -26.355  80.305 0.0000000000
39005  16.592  -26.709  81.688 0.0000000000
38983  16.423  -26.763  83.392 0.0000000000
38975  16.458  -26.591  84.383 0.0000000000
38984  15.828  -26.315  83.736 0.0000000000
106893  11.686  -24.992  83.729 0.0000000000
40753  10.524  -24.671  83.893 0.0000000000
42792  27.350  -22.737  72.897 0.0000000000
41820  27.073  -23.172  73.157 0.0000000000
41768  24.191  -23.402  75.098 0.0000000000
42739  25.019  -23.045  75.692 0.0000000000
106928  25.350  -22.479  77.134 0.0000000000
41670  23.118  -24.198  81.189 0.0000000000
107866  23.651  -23.713  80.954 0.0000000000
118495  23.685  -23.908  84.010 0.0000000000
41574  10.761  -23.512  91.423 0.0000000000
42539  12.320  -22.857  92.315 0.0000000000
42538  13.126  -22.985  92.403 0.0000000000
58110  54.983  -5.306  56.493 0.0000000000
58109  55.478  -5.438  56.460 0.0000000000
56486  56.501  -7.364  57.683 0.0000000000
55684  56.559  -8.274  58.080 0.0000000000
56510  52.216  -7.805  55.300 0.0000000000
55712  52.782  -8.177  55.920 0.0000000000
56454  54.901  -7.412  61.351 0.0000000000
53969  44.789  -10.635  56.487 0.0000000000
53931  45.779  -10.271  59.701 0.0000000000
53930  46.581  -10.251  59.438 0.0000000000
53917  48.117  -10.121  59.845 0.0000000000
53868  45.490  -10.676  63.816 0.0000000000
53878  46.189  -10.400  63.891 0.0000000000
54712  49.809  -9.567  64.652 0.0000000000
52090  36.075  -12.257  63.703 0.0000000000
53819  37.850  -10.826  67.641 0.0000000000
53828  38.371  -10.357  67.287 0.0000000000
53827  39.195  -10.172  67.072 0.0000000000
54673  39.912  -9.562  68.592 0.0000000000
55548  40.538  -8.998  69.719 0.0000000000
99822  35.159  -16.464  74.148 0.0000000000
48371  34.881  -17.115  72.805 0.0000000000
106276  35.345  -16.630  73.299 0.0000000000
48370  35.531  -16.700  72.482 0.0000000000
49260  36.962  -15.850  71.782 0.0000000000
49246  37.550  -15.473  72.330 0.0000000000
50060  36.344  -14.286  79.225 0.0000000000
50059  37.205  -14.028  79.195 0.0000000000
50073  37.742  -14.307  78.549 0.0000000000
51000  39.805  -14.007  75.438 0.0000000000
50120  39.505  -14.502  73.920 0.0000000000
51017  39.981  -13.978  74.482 0.0000000000
51036  40.209  -13.993  73.525 0.0000000000
51050  40.403  -13.858  72.455 0.0000000000
51049  41.159  -13.052  72.371 0.0000000000
51969  41.810  -12.415  72.723 0.0000000000
57392  50.665  -6.033  48.607 0.0000000000
58993  51.192  -4.840  47.044 0.0000000000
58992  52.205  -5.303  46.846 0.0000000000
58186  53.957  -5.828  48.301 0.0000000000
58161  54.298  -4.912  51.641 0.0000000000
58169  54.397  -4.962  50.699 0.0000000000
59773  55.300  -3.120  51.703 0.0000000000
59772  55.802  -2.977  52.227 0.0000000000
59823  56.623  -2.768  44.504 0.0000000000
59014  57.161  -4.458  44.219 0.0000000000
104733  56.939  -2.375  48.087 0.0000000000
58985  57.340  -3.733  49.045 0.0000000000
42612  25.032  -22.971  83.521 0.0000000000
42611  25.909  -22.685  83.818 0.0000000000
42574  25.329  -22.703  87.282 0.0000000000
39783  13.744  -25.575  86.674 0.0000000000
40716  14.223  -25.345  88.098 0.0000000000
40705  14.405  -25.114  88.871 0.0000000000
40694  14.491  -24.934  89.625 0.0000000000
106425  14.779  -24.970  90.251 0.0000000000
55740  46.217  -8.309  53.800 0.0000000000
104278  46.534  -8.862  54.393 0.0000000000
54860  46.839  -9.382  54.988 0.0000000000
51117  42.885  -13.180  66.396 0.0000000000
114492  43.490  -13.072  66.147 0.0000000000
52955  45.175  -11.495  68.326 0.0000000000
44321  6.820  -21.238  88.856 0.0000000000
45341  6.414  -20.007  91.424 0.0000000000
45332  7.022  -20.039  92.875 0.0000000000
50251  38.665  -14.229  63.123 0.0000000000
51152  38.735  -13.779  64.535 0.0000000000
45502  28.993  -20.111  75.211 0.0000000000
46428  30.241  -19.024  77.074 0.0000000000
102910  30.823  -18.905  77.862 0.0000000000
39843  22.171  -25.232  82.858 0.0000000000
39844  21.915  -25.953  82.294 0.0000000000
39002  21.440  -26.559  81.732 0.0000000000
38991  20.963  -27.199  81.905 0.0000000000
38207  20.190  -27.587  81.722 0.0000000000
39877  15.290  -25.926  80.544 0.0000000000
39863  14.669  -25.746  81.932 0.0000000000
39864  13.954  -25.342  81.750 0.0000000000
103218  23.504  -23.356  76.805 0.0000000000
41731  23.700  -23.104  77.523 0.0000000000
59754  54.226  -3.899  53.962 0.0000000000
59743  54.557  -3.702  54.324 0.0000000000
58936  53.772  -4.170  54.463 0.0000000000
58927  53.926  -4.406  55.244 0.0000000000
58135  53.106  -4.744  54.796 0.0000000000
55696  53.085  -9.024  57.684 0.0000000000
55686  52.949  -9.025  58.566 0.0000000000
119175  53.735  -8.052  59.989 0.0000000000
56455  54.090  -7.646  60.745 0.0000000000
53941  44.689  -10.584  58.658 0.0000000000
106388  44.369  -10.649  59.351 0.0000000000
54767  46.708  -9.860  61.599 0.0000000000
111663  35.327  -12.114  64.911 0.0000000000
52990  36.472  -11.814  66.039 0.0000000000
52973  37.056  -11.746  67.049 0.0000000000
52022  37.367  -12.506  67.419 0.0000000000
47489  32.518  -17.751  73.467 0.0000000000
47476  33.074  -17.356  73.985 0.0000000000
48366  33.894  -17.187  73.772 0.0000000000
48355  34.320  -16.739  74.280 0.0000000000
48347  33.804  -16.408  75.487 0.0000000000
49237  35.881  -16.046  74.369 0.0000000000
49228  36.547  -15.634  74.649 0.0000000000
57382  49.916  -6.194  48.880 0.0000000000
57391  51.459  -6.441  48.600 0.0000000000
57390  52.548  -6.615  48.574 0.0000000000
57379  53.009  -6.975  49.248 0.0000000000
57372  53.813  -6.557  50.431 0.0000000000
56552  53.057  -7.337  51.226 0.0000000000
60617  54.477  -3.058  43.834 0.0000000000
60591  57.088  -2.318  45.991 0.0000000000
115107  56.801  -2.114  46.317 0.0000000000
60584  56.571  -2.152  47.135 0.0000000000
104624  55.802  -2.293  47.852 0.0000000000
60579  55.156  -2.754  48.090 0.0000000000
43571  28.400  -21.494  77.980 0.0000000000
43572  27.716  -21.710  78.489 0.0000000000
44428  28.236  -21.095  80.538 0.0000000000
43540  27.733  -21.492  81.155 0.0000000000
44415  28.371  -21.027  81.186 0.0000000000
111986  26.763  -22.344  83.691 0.0000000000
43505  27.415  -21.671  85.182 0.0000000000
108303  27.848  -21.517  84.295 0.0000000000
117634  18.057  -27.630  86.826 0.0000000000
109224  18.525  -27.903  87.175 0.0000000000
38951  18.114  -26.880  88.927 0.0000000000
38932  18.028  -26.940  89.796 0.0000000000
38130  17.930  -27.194  89.975 0.0000000000
39772  16.722  -25.363  89.132 0.0000000000
39764  16.758  -25.599  89.247 0.0000000000
99676  49.532  -7.556  53.782 0.0000000000
56517  50.212  -7.410  54.205 0.0000000000
55724  48.146  -8.130  54.349 0.0000000000
55715  49.050  -8.743  55.048 0.0000000000
54845  50.447  -9.303  55.617 0.0000000000
111861  51.771  -9.694  58.309 0.0000000000
54815  51.439  -9.669  58.835 0.0000000000
54783  51.585  -9.359  60.503 0.0000000000
53063  43.143  -10.889  61.636 0.0000000000
53048  42.940  -11.020  62.352 0.0000000000
53033  44.392  -11.459  63.967 0.0000000000
53869  44.855  -11.006  63.903 0.0000000000
113566  45.357  -11.088  64.243 0.0000000000
53002  46.756  -11.937  65.552 0.0000000000
52053  45.551  -12.550  66.197 0.0000000000
52017  45.964  -12.426  67.384 0.0000000000
52052  46.330  -12.380  66.098 0.0000000000
52983  48.205  -12.168  66.480 0.0000000000
49312  37.045  -15.806  67.081 0.0000000000
50063  33.591  -14.644  79.459 0.0000000000
98722  48.095  -6.130  49.327 0.0000000000
40710  9.374  -24.552  88.562 0.0000000000
41586  9.174  -24.272  89.415 0.0000000000
41582  9.441  -23.910  90.317 0.0000000000
42549  8.637  -23.598  89.861 0.0000000000
42544  9.829  -23.432  91.142 0.0000000000
42541  10.336  -22.810  91.902 0.0000000000
42534  10.911  -22.057  92.692 0.0000000000
43451  9.103  -21.660  91.887 0.0000000000
43447  9.639  -20.899  92.731 0.0000000000
43446  10.509  -21.207  93.056 0.0000000000
53089  42.312  -11.312  58.842 0.0000000000
53079  42.367  -11.279  60.226 0.0000000000
53080  41.767  -11.525  60.035 0.0000000000
52072  42.535  -12.681  64.279 0.0000000000
52088  40.710  -13.224  63.259 0.0000000000
51148  42.139  -13.371  65.038 0.0000000000
52969  42.915  -11.817  67.738 0.0000000000
105333  42.939  -10.376  68.575 0.0000000000
46509  29.682  -18.754  72.901 0.0000000000
46489  31.110  -18.206  73.146 0.0000000000
47477  32.177  -17.460  74.220 0.0000000000
48348  32.353  -16.653  75.518 0.0000000000
48349  31.375  -16.770  75.939 0.0000000000
99679  31.895  -16.458  76.060 0.0000000000
48336  32.457  -16.277  76.163 0.0000000000
49204  32.209  -15.731  77.707 0.0000000000
44453  28.854  -21.070  78.198 0.0000000000
44452  29.455  -20.620  78.007 0.0000000000
44440  29.426  -20.352  78.910 0.0000000000
45470  29.981  -19.983  78.316 0.0000000000
46417  31.189  -18.774  78.654 0.0000000000
113079  29.900  -19.437  82.280 0.0000000000
107739  30.820  -18.721  81.349 0.0000000000
48315  31.607  -16.641  78.572 0.0000000000
48301  31.817  -16.476  79.449 0.0000000000
113618  31.933  -15.888  78.691 0.0000000000
49191  32.281  -15.308  78.987 0.0000000000
40704  23.951  -24.802  88.387 0.0000000000
38950  23.221  -26.124  87.490 0.0000000000
38957  23.409  -27.321  87.320 0.0000000000
38973  21.951  -26.915  84.193 0.0000000000
38180  22.387  -27.761  85.567 0.0000000000
100094  20.920  -28.704  86.150 0.0000000000
106833  20.421  -26.228  78.683 0.0000000000
39018  19.889  -26.750  79.696 0.0000000000
38208  19.278  -27.875  82.165 0.0000000000
101546  17.047  -26.700  79.249 0.0000000000
38217  18.683  -27.608  81.731 0.0000000000
118941  18.891  -28.026  82.680 0.0000000000
38203  17.628  -27.570  83.480 0.0000000000
107478  18.085  -27.950  84.034 0.0000000000
38181  18.233  -27.944  85.313 0.0000000000
38965  17.114  -26.808  86.003 0.0000000000
100404  14.856  -25.817  85.807 0.0000000000
118056  13.397  -25.420  83.175 0.0000000000
100386  13.946  -25.684  85.854 0.0000000000
39795  13.084  -25.527  86.008 0.0000000000
40730  11.399  -25.243  86.422 0.0000000000
40731  10.564  -25.033  86.480 0.0000000000
40732  9.590  -24.806  86.644 0.0000000000
41613  8.897  -24.332  87.115 0.0000000000
41603  8.461  -23.851  87.519 0.0000000000
42567  8.003  -23.232  87.527 0.0000000000
42568  7.331  -22.393  87.585 0.0000000000
111618  28.145  -21.466  74.093 0.0000000000
43586  27.891  -22.258  76.440 0.0000000000
119203  26.965  -23.208  73.708 0.0000000000
42738  26.739  -22.942  75.063 0.0000000000
43579  27.511  -22.147  77.269 0.0000000000
110798  27.115  -21.999  78.031 0.0000000000
42666  26.166  -22.131  79.157 0.0000000000
42668  24.130  -22.932  79.408 0.0000000000
41700  24.320  -23.009  80.182 0.0000000000
41685  24.196  -23.262  80.808 0.0000000000
105145  24.976  -22.984  82.027 0.0000000000
41623  24.292  -23.604  85.451 0.0000000000
41611  24.146  -23.631  86.674 0.0000000000
40697  11.282  -24.805  89.561 0.0000000000
40689  12.887  -24.537  90.376 0.0000000000
104672  13.783  -24.464  90.979 0.0000000000
59735  55.182  -3.893  54.899 0.0000000000
57338  51.366  -6.349  54.025 0.0000000000
57331  52.485  -6.314  55.051 0.0000000000
56509  52.763  -7.156  55.477 0.0000000000
100644  55.294  -6.449  58.092 0.0000000000
115685  54.049  -7.787  58.143 0.0000000000
113391  55.325  -6.914  58.687 0.0000000000
57298  55.792  -6.767  58.555 0.0000000000
54862  45.215  -9.634  54.583 0.0000000000
117300  46.803  -10.181  56.176 0.0000000000
53953  45.922  -10.467  57.483 0.0000000000
53968  45.677  -10.525  56.636 0.0000000000
53950  48.174  -10.349  57.680 0.0000000000
54807  49.048  -10.141  59.745 0.0000000000
102215  43.951  -10.695  61.500 0.0000000000
53891  45.377  -10.170  62.611 0.0000000000
116229  45.181  -10.227  61.871 0.0000000000
54768  45.909  -9.914  61.930 0.0000000000
102772  47.260  -9.781  62.169 0.0000000000
53854  47.968  -10.729  65.146 0.0000000000
53866  47.423  -10.269  64.652 0.0000000000
54714  47.869  -9.962  64.350 0.0000000000
54727  47.617  -9.802  63.620 0.0000000000
99068  47.939  -9.780  61.927 0.0000000000
54765  48.659  -9.721  62.044 0.0000000000
54742  49.995  -9.383  62.841 0.0000000000
54741  50.652  -9.205  62.681 0.0000000000
54723  51.320  -8.965  63.061 0.0000000000
50253  37.553  -14.142  63.099 0.0000000000
50238  38.207  -13.905  64.033 0.0000000000
52059  38.533  -13.149  64.957 0.0000000000
53021  36.428  -11.850  64.940 0.0000000000
53020  37.112  -11.762  64.872 0.0000000000
53008  37.636  -11.440  65.481 0.0000000000
52060  37.954  -12.091  64.902 0.0000000000
106195  38.801  -12.666  65.392 0.0000000000
53826  40.126  -10.174  67.198 0.0000000000
52971  41.124  -10.773  67.390 0.0000000000
53825  41.632  -10.398  67.900 0.0000000000
54671  42.437  -9.489  68.878 0.0000000000
47510  33.842  -17.983  71.753 0.0000000000
47509  34.528  -17.634  71.466 0.0000000000
106572  36.440  -16.520  70.239 0.0000000000
48410  37.270  -16.323  69.009 0.0000000000
49299  37.732  -15.827  68.620 0.0000000000
49284  38.309  -15.158  68.992 0.0000000000
50076  34.409  -14.817  78.741 0.0000000000
50084  34.797  -15.251  77.942 0.0000000000
50075  36.078  -14.871  78.524 0.0000000000
49210  36.432  -15.502  76.337 0.0000000000
49220  36.547  -15.555  75.503 0.0000000000
49219  37.269  -15.349  75.070 0.0000000000
50072  38.206  -14.375  77.937 0.0000000000
50988  38.876  -14.079  77.045 0.0000000000
106909  38.463  -14.336  77.402 0.0000000000
99127  38.073  -14.637  77.361 0.0000000000
50097  37.931  -15.135  75.413 0.0000000000
49227  37.272  -15.368  74.173 0.0000000000
49245  38.289  -15.118  71.937 0.0000000000
50121  38.907  -14.869  73.374 0.0000000000
49258  38.317  -15.125  71.065 0.0000000000
110099  39.070  -13.915  69.505 0.0000000000
51090  39.535  -13.364  69.667 0.0000000000
51061  40.454  -13.208  71.105 0.0000000000
51995  39.891  -12.836  69.951 0.0000000000
111178  39.960  -12.221  69.919 0.0000000000
52943  39.748  -11.479  69.650 0.0000000000
53790  39.943  -10.664  70.046 0.0000000000
51954  42.511  -12.078  73.975 0.0000000000
52906  42.709  -11.272  73.636 0.0000000000
52914  42.469  -11.145  72.933 0.0000000000
52915  42.000  -11.475  72.294 0.0000000000
54643  39.760  -9.865  69.884 0.0000000000
54642  40.015  -9.200  70.048 0.0000000000
55522  41.702  -8.761  71.068 0.0000000000
55547  41.310  -8.777  69.937 0.0000000000
118847  51.121  -2.568  44.204 0.0000000000
101468  51.804  -3.368  44.829 0.0000000000
59009  53.863  -4.550  45.710 0.0000000000
57389  53.446  -6.416  48.799 0.0000000000
58185  54.364  -5.057  48.739 0.0000000000
58178  54.378  -4.967  49.673 0.0000000000
60570  55.333  -2.388  49.227 0.0000000000
60564  56.089  -2.456  50.284 0.0000000000
98705  56.236  -3.296  52.313 0.0000000000
40691  10.853  -24.494  90.131 0.0000000000
46391  30.321  -18.960  82.642 0.0000000000
50065  32.253  -15.119  80.205 0.0000000000
50077  32.875  -14.983  79.045 0.0000000000
51034  41.531  -13.005  73.129 0.0000000000
52061  35.297  -12.285  65.273 0.0000000000
52972  37.531  -11.646  67.600 0.0000000000
53815  42.087  -9.966  68.347 0.0000000000
53818  38.741  -10.237  68.491 0.0000000000
54633  41.375  -8.887  71.166 0.0000000000
106339  31.122  -17.384  77.353 0.0000000000
110541  53.589  -6.809  51.021 0.0000000000
111733  38.391  -14.554  76.860 0.0000000000
111876  35.712  -15.599  76.528 0.0000000000
116331  42.013  -8.872  72.359 0.0000000000
116817  50.486  -8.786  55.139 0.0000000000
