#!ascii label  , from subject sub-01 vox2ras=TkReg
1087
81792  42.039  28.799  37.209 0.0000000000
110462  44.512  36.755  41.482 0.0000000000
78858  48.235  24.005  42.219 0.0000000000
80640  37.187  26.593  37.405 0.0000000000
78951  39.295  23.779  35.614 0.0000000000
106279  42.783  36.897  35.619 0.0000000000
86630  39.471  37.166  42.333 0.0000000000
89242  38.690  43.231  38.524 0.0000000000
77815  49.246  21.932  47.519 0.0000000000
76174  43.744  18.664  45.843 0.0000000000
84618  46.129  32.849  36.129 0.0000000000
78962  45.916  24.405  35.752 0.0000000000
81207  44.612  27.690  39.648 0.0000000000
81160  48.000  27.160  45.717 0.0000000000
90294  39.500  45.188  33.546 0.0000000000
88130  42.471  40.951  38.661 0.0000000000
78865  41.108  23.195  42.037 0.0000000000
81235  39.599  27.511  37.211 0.0000000000
115973  37.519  24.323  33.918 0.0000000000
80066  40.715  25.207  34.325 0.0000000000
84108  42.518  32.605  36.589 0.0000000000
82923  40.017  30.524  38.264 0.0000000000
111472  36.554  38.792  38.596 0.0000000000
76781  50.669  19.167  48.162 0.0000000000
75478  48.280  17.806  47.332 0.0000000000
74855  50.948  16.578  46.001 0.0000000000
90803  41.591  46.024  30.494 0.0000000000
85639  45.219  35.171  38.707 0.0000000000
82919  45.386  30.704  37.534 0.0000000000
84077  43.536  32.507  40.126 0.0000000000
81173  42.795  27.124  43.679 0.0000000000
81742  45.244  27.969  42.837 0.0000000000
116441  45.613  26.368  46.181 0.0000000000
79953  47.906  25.272  49.155 0.0000000000
88096  41.736  40.734  41.935 0.0000000000
89230  41.147  43.358  39.743 0.0000000000
119210  43.963  38.260  40.727 0.0000000000
86670  44.744  36.857  38.010 0.0000000000
78899  48.046  23.654  38.911 0.0000000000
78903  43.347  24.332  39.117 0.0000000000
78861  44.605  23.578  42.147 0.0000000000
112881  36.283  23.407  36.350 0.0000000000
78908  36.942  23.334  39.511 0.0000000000
88163  43.265  40.703  36.022 0.0000000000
87154  40.638  38.455  35.467 0.0000000000
86113  42.484  37.311  42.793 0.0000000000
106810  44.024  33.110  42.349 0.0000000000
89266  33.606  42.572  37.046 0.0000000000
89776  35.980  43.974  37.187 0.0000000000
87634  39.356  39.973  38.792 0.0000000000
78838  47.948  23.827  45.584 0.0000000000
78329  44.798  22.643  44.678 0.0000000000
119173  46.033  20.168  47.196 0.0000000000
75492  45.634  17.443  45.443 0.0000000000
82927  43.975  30.370  36.090 0.0000000000
106649  43.951  26.172  35.520 0.0000000000
81807  46.170  28.661  35.764 0.0000000000
80628  46.487  25.653  37.440 0.0000000000
80609  47.949  25.254  40.583 0.0000000000
82885  45.158  30.466  42.030 0.0000000000
81202  46.823  27.585  42.312 0.0000000000
80006  48.766  25.718  43.396 0.0000000000
79401  49.079  25.176  47.117 0.0000000000
78284  49.521  22.813  49.905 0.0000000000
91250  38.931  46.896  30.045 0.0000000000
90771  41.294  46.794  33.725 0.0000000000
90734  41.144  46.319  38.143 0.0000000000
89772  43.914  43.234  36.475 0.0000000000
87647  43.903  39.390  36.447 0.0000000000
85167  44.986  34.664  35.600 0.0000000000
117283  42.455  23.942  35.628 0.0000000000
105250  40.472  24.067  39.263 0.0000000000
77852  37.829  21.860  42.088 0.0000000000
77836  41.579  21.115  44.541 0.0000000000
81234  40.400  27.720  37.209 0.0000000000
80649  40.578  26.329  36.121 0.0000000000
80648  41.518  26.486  36.214 0.0000000000
82920  42.387  30.268  37.105 0.0000000000
83536  41.548  31.589  37.405 0.0000000000
82363  40.786  29.291  37.759 0.0000000000
108567  40.034  29.009  37.911 0.0000000000
76156  50.857  18.944  48.807 0.0000000000
76164  50.688  18.470  47.781 0.0000000000
75474  51.380  16.981  47.443 0.0000000000
77346  35.358  20.614  40.733 0.0000000000
85631  44.728  35.660  39.642 0.0000000000
84596  43.959  33.356  39.166 0.0000000000
85131  43.869  34.448  40.772 0.0000000000
99836  43.263  26.158  45.258 0.0000000000
80589  43.994  26.457  44.722 0.0000000000
87090  44.007  38.457  42.492 0.0000000000
88095  42.265  40.738  41.692 0.0000000000
86650  44.574  37.358  41.200 0.0000000000
98797  44.652  36.793  40.104 0.0000000000
78883  47.983  23.636  40.569 0.0000000000
100152  45.733  23.732  40.704 0.0000000000
99572  46.485  23.621  42.010 0.0000000000
80046  35.885  25.438  36.724 0.0000000000
80055  36.227  24.895  35.490 0.0000000000
78980  38.031  24.063  33.913 0.0000000000
78971  36.584  23.727  34.165 0.0000000000
99174  37.104  23.558  36.460 0.0000000000
78923  36.309  23.341  38.565 0.0000000000
78921  38.246  23.692  38.558 0.0000000000
87152  43.196  39.070  35.676 0.0000000000
88164  42.088  40.700  35.534 0.0000000000
86683  42.314  38.269  35.526 0.0000000000
81237  37.483  27.540  37.733 0.0000000000
81238  36.679  27.270  37.930 0.0000000000
104642  40.402  37.512  42.487 0.0000000000
85111  41.851  35.245  42.413 0.0000000000
85112  40.175  35.471  42.253 0.0000000000
86662  38.162  37.939  39.549 0.0000000000
87135  38.229  38.988  38.653 0.0000000000
87115  39.682  38.269  40.767 0.0000000000
87103  41.001  38.804  42.377 0.0000000000
78314  48.631  23.002  46.744 0.0000000000
78316  46.849  22.186  46.376 0.0000000000
102520  48.124  21.278  47.284 0.0000000000
74857  48.587  16.673  46.092 0.0000000000
75486  46.755  17.525  46.629 0.0000000000
117713  47.138  16.665  44.417 0.0000000000
83555  45.106  31.203  35.487 0.0000000000
82375  45.296  29.743  35.409 0.0000000000
82932  46.181  30.719  35.691 0.0000000000
81781  44.329  28.729  38.692 0.0000000000
109112  45.915  27.782  37.235 0.0000000000
80629  45.398  26.436  38.749 0.0000000000
80619  46.657  25.476  39.540 0.0000000000
80611  46.025  26.339  40.302 0.0000000000
83489  44.333  31.674  42.296 0.0000000000
83488  44.636  31.631  42.070 0.0000000000
99733  44.921  30.496  42.240 0.0000000000
80587  46.495  27.226  44.261 0.0000000000
81203  46.644  27.660  42.852 0.0000000000
81187  47.845  27.305  43.761 0.0000000000
81200  48.404  26.556  42.829 0.0000000000
100077  48.550  26.738  45.164 0.0000000000
117693  48.749  25.675  45.444 0.0000000000
80561  48.553  26.622  46.675 0.0000000000
79363  48.456  24.216  50.209 0.0000000000
79370  48.866  24.527  49.689 0.0000000000
90782  39.779  46.285  32.112 0.0000000000
91229  40.795  47.549  31.974 0.0000000000
90772  40.728  47.165  33.387 0.0000000000
106465  36.378  45.685  38.775 0.0000000000
90269  37.238  45.122  37.630 0.0000000000
90252  38.210  45.570  38.604 0.0000000000
89228  41.779  42.652  39.607 0.0000000000
90245  41.377  45.341  39.276 0.0000000000
118700  42.425  43.808  38.144 0.0000000000
90259  42.206  44.658  37.144 0.0000000000
88694  43.184  42.225  37.616 0.0000000000
102934  44.027  42.142  36.758 0.0000000000
88148  43.785  40.865  37.139 0.0000000000
85645  45.661  35.287  37.429 0.0000000000
86162  45.128  36.342  36.611 0.0000000000
102748  45.323  33.904  35.716 0.0000000000
84116  44.280  32.864  35.752 0.0000000000
80063  45.131  25.333  35.074 0.0000000000
80072  43.147  24.702  34.656 0.0000000000
78964  44.110  24.328  35.340 0.0000000000
78886  42.289  23.916  40.757 0.0000000000
78904  42.315  24.356  39.166 0.0000000000
78873  40.795  23.511  41.147 0.0000000000
78875  38.969  23.180  41.115 0.0000000000
103420  39.714  22.381  42.501 0.0000000000
77319  44.145  20.735  46.153 0.0000000000
77834  43.232  21.717  45.004 0.0000000000
77321  42.830  20.546  45.533 0.0000000000
81249  38.860  27.224  37.220 0.0000000000
80054  38.025  25.333  35.445 0.0000000000
80053  38.914  25.458  35.227 0.0000000000
80076  39.207  24.746  33.670 0.0000000000
78979  39.799  24.021  33.761 0.0000000000
85169  43.077  34.852  35.942 0.0000000000
105910  39.033  28.034  37.605 0.0000000000
77302  49.918  20.781  48.091 0.0000000000
77309  48.860  20.555  47.509 0.0000000000
76165  49.957  18.653  47.523 0.0000000000
75483  50.248  17.167  46.678 0.0000000000
84603  45.874  34.035  37.310 0.0000000000
100646  46.197  31.243  36.698 0.0000000000
83515  45.492  32.291  37.635 0.0000000000
82908  44.354  30.910  38.262 0.0000000000
82333  43.682  30.280  39.534 0.0000000000
81757  42.861  28.858  42.676 0.0000000000
81755  44.807  28.809  42.496 0.0000000000
81191  43.765  27.402  43.453 0.0000000000
114809  45.810  26.797  44.667 0.0000000000
99553  46.335  26.617  46.078 0.0000000000
80555  48.164  26.523  47.626 0.0000000000
79969  46.802  25.890  47.726 0.0000000000
79379  46.981  24.826  48.929 0.0000000000
78794  46.954  23.291  50.094 0.0000000000
89802  38.183  43.830  33.450 0.0000000000
88659  40.457  41.738  39.790 0.0000000000
89231  40.686  43.432  39.604 0.0000000000
88650  41.458  41.381  40.814 0.0000000000
88649  41.794  41.315  40.873 0.0000000000
87633  42.431  40.048  39.107 0.0000000000
102118  43.447  38.796  37.757 0.0000000000
86661  44.174  37.599  39.855 0.0000000000
85630  45.218  35.974  38.792 0.0000000000
78912  47.569  23.774  37.728 0.0000000000
100035  45.017  24.105  36.691 0.0000000000
78901  46.141  23.740  39.050 0.0000000000
100431  44.396  23.894  40.762 0.0000000000
78863  42.901  23.420  42.371 0.0000000000
75499  43.491  17.669  44.514 0.0000000000
76180  42.634  18.175  44.707 0.0000000000
78956  34.262  23.011  34.912 0.0000000000
79478  36.674  24.090  33.950 0.0000000000
78972  35.701  23.559  34.276 0.0000000000
78374  34.585  22.818  36.537 0.0000000000
78924  35.287  22.943  38.277 0.0000000000
78361  35.906  22.889  39.529 0.0000000000
77862  36.244  21.802  41.099 0.0000000000
89273  42.110  42.320  35.013 0.0000000000
118009  40.819  41.153  34.760 0.0000000000
117623  44.014  37.290  42.647 0.0000000000
85107  44.252  35.228  42.183 0.0000000000
85109  43.516  34.959  42.556 0.0000000000
105444  43.530  33.158  42.515 0.0000000000
105219  42.448  31.828  42.561 0.0000000000
82314  41.896  29.917  42.595 0.0000000000
81745  42.135  28.329  42.966 0.0000000000
89264  35.300  43.306  36.844 0.0000000000
90255  35.343  45.727  39.159 0.0000000000
89243  37.677  43.423  38.420 0.0000000000
88674  39.523  41.503  38.744 0.0000000000
87622  40.700  40.615  40.604 0.0000000000
87593  41.932  39.446  42.799 0.0000000000
78850  47.581  24.058  43.991 0.0000000000
78847  46.070  23.287  44.278 0.0000000000
78840  46.326  23.033  45.131 0.0000000000
77825  45.147  21.284  46.345 0.0000000000
76787  44.593  19.586  46.531 0.0000000000
107659  47.103  19.587  47.551 0.0000000000
76169  45.871  18.829  47.060 0.0000000000
75493  44.704  17.719  45.389 0.0000000000
82369  43.143  29.853  36.648 0.0000000000
81245  42.780  27.418  36.499 0.0000000000
81810  44.454  28.673  35.799 0.0000000000
81254  45.431  27.231  35.583 0.0000000000
80657  46.164  25.773  35.581 0.0000000000
82358  46.266  29.282  36.723 0.0000000000
107435  46.349  26.928  36.359 0.0000000000
80045  47.087  25.093  36.807 0.0000000000
80035  47.887  24.055  38.010 0.0000000000
79448  48.171  23.782  39.232 0.0000000000
79433  48.608  24.476  41.355 0.0000000000
84075  43.808  32.894  41.093 0.0000000000
82896  44.606  30.977  41.317 0.0000000000
114171  45.247  29.319  41.293 0.0000000000
102838  45.479  28.635  42.284 0.0000000000
112823  46.193  28.152  41.991 0.0000000000
98898  46.162  27.266  41.178 0.0000000000
80605  47.981  25.900  41.443 0.0000000000
80604  48.555  25.488  41.653 0.0000000000
79429  48.345  24.478  43.151 0.0000000000
79417  48.265  24.547  45.249 0.0000000000
78837  48.472  24.226  46.009 0.0000000000
118934  49.030  23.368  47.086 0.0000000000
79958  48.883  25.633  48.426 0.0000000000
78818  49.246  24.166  48.245 0.0000000000
78307  49.467  22.572  47.890 0.0000000000
77800  50.093  21.050  49.267 0.0000000000
91248  40.506  47.264  30.741 0.0000000000
90781  41.393  46.880  32.096 0.0000000000
90770  42.178  45.471  33.907 0.0000000000
116338  39.474  46.423  39.228 0.0000000000
91203  40.275  46.629  36.281 0.0000000000
103357  40.981  46.549  35.210 0.0000000000
90751  42.103  45.037  35.541 0.0000000000
111847  43.738  43.756  35.159 0.0000000000
117651  44.000  42.151  36.416 0.0000000000
88162  43.706  40.818  36.546 0.0000000000
109235  44.205  38.192  35.899 0.0000000000
87144  44.332  38.027  36.769 0.0000000000
86681  44.443  37.431  35.902 0.0000000000
86171  44.163  36.862  35.638 0.0000000000
84639  43.322  34.058  36.082 0.0000000000
115385  43.704  31.342  36.164 0.0000000000
80661  42.109  25.864  35.570 0.0000000000
78977  41.312  24.157  33.834 0.0000000000
78950  40.208  23.777  35.607 0.0000000000
100150  43.396  24.355  37.449 0.0000000000
100148  41.346  24.160  37.420 0.0000000000
100146  39.534  23.964  37.659 0.0000000000
112516  38.700  23.610  39.311 0.0000000000
78354  37.324  22.686  40.905 0.0000000000
78853  44.852  23.282  43.389 0.0000000000
78855  43.155  23.139  43.166 0.0000000000
102624  41.753  22.379  43.464 0.0000000000
76794  41.326  19.266  44.716 0.0000000000
77846  40.121  21.956  43.138 0.0000000000
74223  51.403  15.943  45.773 0.0000000000
74865  50.887  15.978  44.419 0.0000000000
81233  41.376  28.028  37.187 0.0000000000
81247  40.968  27.126  36.765 0.0000000000
81246  41.910  27.297  36.686 0.0000000000
82361  42.456  29.482  37.071 0.0000000000
82362  41.649  29.642  37.470 0.0000000000
111015  41.295  28.839  37.484 0.0000000000
75472  51.255  17.604  47.908 0.0000000000
85621  44.491  36.200  40.717 0.0000000000
85139  44.255  35.081  40.133 0.0000000000
85130  44.266  35.408  41.255 0.0000000000
86640  44.334  37.808  42.251 0.0000000000
87102  44.412  38.078  41.881 0.0000000000
117817  44.587  37.083  41.354 0.0000000000
102771  44.625  36.797  40.768 0.0000000000
78867  48.131  23.782  41.431 0.0000000000
119454  47.422  23.636  41.469 0.0000000000
78859  47.414  23.712  42.181 0.0000000000
80653  36.756  25.710  36.640 0.0000000000
78969  38.641  23.830  34.458 0.0000000000
78970  37.620  23.784  34.299 0.0000000000
78952  38.338  23.715  35.459 0.0000000000
100144  37.695  23.692  37.643 0.0000000000
100145  38.621  23.852  37.671 0.0000000000
109487  43.512  38.335  35.673 0.0000000000
113170  42.826  37.676  35.567 0.0000000000
80641  36.332  26.346  37.524 0.0000000000
85602  40.565  36.385  42.477 0.0000000000
86115  39.942  36.936  42.566 0.0000000000
86652  38.893  37.550  40.859 0.0000000000
87116  38.863  38.022  40.004 0.0000000000
86642  39.539  37.667  41.698 0.0000000000
86641  40.314  37.893  42.295 0.0000000000
77816  48.505  22.114  47.047 0.0000000000
74862  48.216  16.568  45.233 0.0000000000
84114  46.023  32.160  35.782 0.0000000000
83554  45.874  31.352  35.582 0.0000000000
83553  46.246  31.528  35.879 0.0000000000
118497  44.413  27.991  38.917 0.0000000000
81223  44.775  27.279  38.806 0.0000000000
80620  45.777  26.068  39.407 0.0000000000
81213  45.174  26.808  39.615 0.0000000000
82887  44.215  30.856  42.456 0.0000000000
101575  47.276  27.117  45.031 0.0000000000
101776  47.331  27.330  44.256 0.0000000000
81170  47.943  27.240  44.745 0.0000000000
81169  48.363  27.023  44.446 0.0000000000
106206  48.294  27.054  45.213 0.0000000000
80571  48.703  26.545  45.932 0.0000000000
81153  48.266  26.904  46.388 0.0000000000
78793  47.941  23.713  50.469 0.0000000000
113935  38.655  44.826  32.183 0.0000000000
90783  39.034  45.665  31.533 0.0000000000
103795  39.327  45.393  32.529 0.0000000000
90773  40.099  46.384  33.061 0.0000000000
90765  40.144  46.232  34.413 0.0000000000
89756  37.959  44.391  38.472 0.0000000000
90253  37.081  45.392  38.473 0.0000000000
89755  38.999  44.347  38.720 0.0000000000
88673  42.215  41.920  38.887 0.0000000000
89753  42.108  43.757  38.912 0.0000000000
89240  42.239  42.917  38.868 0.0000000000
103379  42.730  43.115  37.886 0.0000000000
88672  43.110  41.298  37.764 0.0000000000
84619  45.905  33.796  36.311 0.0000000000
85150  45.872  34.673  36.870 0.0000000000
116015  45.598  32.987  35.705 0.0000000000
79474  45.907  24.767  35.344 0.0000000000
79485  44.637  24.704  34.987 0.0000000000
78963  45.063  24.376  35.535 0.0000000000
78872  41.724  23.567  41.389 0.0000000000
114953  41.512  23.815  40.707 0.0000000000
78344  40.233  22.987  41.896 0.0000000000
77320  43.449  20.161  46.024 0.0000000000
77830  43.518  21.123  45.621 0.0000000000
76790  43.173  19.309  45.860 0.0000000000
80651  38.691  26.207  36.473 0.0000000000
119050  39.390  26.810  36.790 0.0000000000
80663  40.235  25.662  35.179 0.0000000000
80067  39.558  25.478  34.903 0.0000000000
106297  39.823  25.117  33.943 0.0000000000
79490  39.039  24.315  33.755 0.0000000000
80075  40.333  24.764  33.576 0.0000000000
84621  42.567  33.529  36.438 0.0000000000
85151  42.461  34.299  36.324 0.0000000000
82922  40.817  31.127  37.828 0.0000000000
83537  40.760  32.055  37.615 0.0000000000
81794  39.808  28.265  37.581 0.0000000000
82365  39.245  28.804  37.974 0.0000000000
77308  50.317  19.989  48.103 0.0000000000
106054  49.813  20.279  47.751 0.0000000000
76782  50.260  19.410  47.803 0.0000000000
75482  51.076  17.019  46.670 0.0000000000
75476  50.545  17.739  47.326 0.0000000000
74856  49.835  16.626  46.051 0.0000000000
90814  41.288  46.226  29.991 0.0000000000
90333  40.934  45.161  28.966 0.0000000000
85145  45.591  34.637  38.028 0.0000000000
84598  45.602  33.882  37.836 0.0000000000
113938  45.453  33.180  37.819 0.0000000000
84080  43.789  32.262  38.949 0.0000000000
83517  43.767  31.466  38.795 0.0000000000
82346  43.601  30.847  39.126 0.0000000000
82897  43.621  30.865  40.088 0.0000000000
81744  43.103  28.007  43.026 0.0000000000
80564  44.910  26.214  45.895 0.0000000000
80588  45.009  26.593  44.608 0.0000000000
80573  45.569  26.490  45.436 0.0000000000
80572  46.463  26.802  45.246 0.0000000000
80557  46.647  26.310  47.159 0.0000000000
80563  46.111  26.366  46.693 0.0000000000
79380  45.879  24.691  48.516 0.0000000000
79374  46.330  24.278  49.146 0.0000000000
79373  47.070  24.249  49.548 0.0000000000
78800  46.336  23.685  49.576 0.0000000000
88114  40.959  41.307  40.705 0.0000000000
88658  40.991  42.375  40.164 0.0000000000
88101  41.865  41.024  41.580 0.0000000000
87609  42.851  40.011  41.466 0.0000000000
88113  42.310  40.616  40.698 0.0000000000
99922  42.073  41.242  39.804 0.0000000000
87621  42.681  39.501  40.059 0.0000000000
87123  43.336  38.511  39.834 0.0000000000
113277  45.148  35.735  38.978 0.0000000000
86140  44.885  36.399  39.277 0.0000000000
85638  45.465  35.352  38.235 0.0000000000
101012  47.860  23.687  38.512 0.0000000000
78913  47.129  23.615  38.335 0.0000000000
78900  47.519  23.574  39.111 0.0000000000
78869  44.765  23.738  41.413 0.0000000000
78870  43.737  23.697  41.666 0.0000000000
78973  34.286  23.149  34.662 0.0000000000
107741  35.036  23.380  34.456 0.0000000000
80069  37.341  24.627  34.345 0.0000000000
78954  36.380  23.416  35.082 0.0000000000
78955  35.322  23.222  35.275 0.0000000000
78940  35.752  23.258  37.184 0.0000000000
78355  36.006  22.352  40.458 0.0000000000
78892  36.749  22.874  40.281 0.0000000000
89272  43.332  42.356  35.610 0.0000000000
88723  42.667  41.607  35.653 0.0000000000
87651  41.577  39.849  35.320 0.0000000000
88165  41.088  40.606  35.093 0.0000000000
87652  40.608  39.816  34.982 0.0000000000
87653  40.121  39.108  35.122 0.0000000000
86112  43.612  37.160  42.748 0.0000000000
85599  43.819  36.022  42.730 0.0000000000
109114  43.062  36.503  42.758 0.0000000000
85110  42.643  34.857  42.521 0.0000000000
84055  43.022  32.404  42.592 0.0000000000
105865  41.700  30.691  42.531 0.0000000000
81758  42.004  29.090  42.664 0.0000000000
89276  34.913  42.350  36.007 0.0000000000
89265  34.433  42.937  36.992 0.0000000000
102332  34.897  45.374  38.761 0.0000000000
89245  35.763  44.460  39.197 0.0000000000
89244  36.603  44.131  38.698 0.0000000000
87624  39.119  39.246  38.963 0.0000000000
87635  38.616  39.767  38.452 0.0000000000
110211  38.659  41.224  38.206 0.0000000000
88132  39.064  40.556  38.447 0.0000000000
88131  39.839  40.735  39.106 0.0000000000
87623  39.968  39.933  39.541 0.0000000000
86628  42.005  38.193  43.000 0.0000000000
87093  41.699  38.735  42.932 0.0000000000
86627  43.082  38.135  43.001 0.0000000000
78845  47.693  24.043  44.855 0.0000000000
78846  46.925  23.571  44.553 0.0000000000
78839  47.250  23.454  45.315 0.0000000000
77824  46.650  21.535  46.745 0.0000000000
78317  45.956  21.734  46.401 0.0000000000
77312  45.949  20.839  46.886 0.0000000000
77315  44.839  20.496  46.542 0.0000000000
76786  45.456  19.780  46.948 0.0000000000
76166  48.788  18.616  47.537 0.0000000000
106118  48.211  19.567  47.619 0.0000000000
76167  47.511  18.640  47.524 0.0000000000
75491  46.498  17.146  45.672 0.0000000000
76171  46.053  18.095  46.753 0.0000000000
75487  45.869  17.651  46.208 0.0000000000
76172  45.419  18.259  46.446 0.0000000000
75497  45.313  17.342  44.668 0.0000000000
82368  43.983  29.330  36.180 0.0000000000
81808  45.915  28.782  35.472 0.0000000000
81809  45.266  28.886  35.448 0.0000000000
108426  45.547  28.234  35.502 0.0000000000
80658  45.680  26.033  35.397 0.0000000000
81253  46.075  26.867  35.705 0.0000000000
83533  45.847  31.422  37.244 0.0000000000
100720  46.314  29.977  36.538 0.0000000000
82359  45.773  29.781  37.284 0.0000000000
113157  45.365  27.012  37.992 0.0000000000
81232  46.118  26.765  37.143 0.0000000000
80638  46.446  26.032  36.570 0.0000000000
80044  47.557  24.286  37.165 0.0000000000
80036  47.310  24.789  37.704 0.0000000000
80019  47.882  24.681  39.665 0.0000000000
80018  48.256  24.271  39.988 0.0000000000
80017  48.439  24.353  40.724 0.0000000000
80011  48.466  24.977  40.928 0.0000000000
84571  44.026  34.177  42.272 0.0000000000
85123  44.230  34.382  41.956 0.0000000000
84582  44.143  33.351  42.167 0.0000000000
82894  45.028  31.058  41.954 0.0000000000
83503  44.605  31.621  41.801 0.0000000000
82322  45.055  30.221  41.526 0.0000000000
81205  45.722  28.426  41.537 0.0000000000
81204  46.591  27.551  41.791 0.0000000000
80606  46.907  26.312  41.183 0.0000000000
100926  47.421  26.960  41.914 0.0000000000
80598  48.677  26.171  43.127 0.0000000000
80601  48.630  25.868  42.354 0.0000000000
107482  48.762  25.525  42.656 0.0000000000
80008  48.862  25.077  41.942 0.0000000000
100344  48.835  25.082  42.735 0.0000000000
79426  48.191  24.662  44.330 0.0000000000
79428  48.602  25.238  43.780 0.0000000000
79415  48.941  25.351  46.456 0.0000000000
79416  48.711  25.106  45.790 0.0000000000
79402  48.871  24.621  46.531 0.0000000000
78828  48.757  23.795  46.630 0.0000000000
78827  49.131  24.185  47.263 0.0000000000
80547  48.273  26.320  48.081 0.0000000000
80546  48.544  26.259  48.069 0.0000000000
79959  48.650  25.767  48.523 0.0000000000
78798  49.136  23.731  50.199 0.0000000000
78806  49.186  24.093  49.249 0.0000000000
108689  49.393  23.338  49.366 0.0000000000
104694  49.420  23.334  48.482 0.0000000000
78296  49.573  22.578  48.807 0.0000000000
112758  49.688  21.708  48.168 0.0000000000
90804  38.322  46.598  30.164 0.0000000000
91252  37.234  46.638  29.475 0.0000000000
91251  37.965  46.680  29.620 0.0000000000
91249  39.855  47.133  30.473 0.0000000000
107801  40.930  47.490  32.647 0.0000000000
91228  41.013  47.564  32.112 0.0000000000
108819  41.114  47.334  32.855 0.0000000000
90780  41.852  45.784  32.955 0.0000000000
89746  40.057  44.375  39.112 0.0000000000
89745  40.868  44.359  39.504 0.0000000000
90725  41.178  46.249  39.068 0.0000000000
90726  40.343  46.940  39.215 0.0000000000
91188  40.090  47.240  38.208 0.0000000000
91196  40.132  46.957  37.353 0.0000000000
104658  40.682  46.625  35.280 0.0000000000
90743  41.081  46.135  37.014 0.0000000000
89773  43.131  43.856  36.739 0.0000000000
90267  42.761  44.410  36.138 0.0000000000
90275  43.286  44.361  35.128 0.0000000000
90266  43.682  43.752  35.907 0.0000000000
89781  44.018  43.233  35.838 0.0000000000
89262  44.087  42.681  36.373 0.0000000000
88156  43.917  40.864  36.862 0.0000000000
88709  43.962  41.544  36.665 0.0000000000
118785  43.710  40.161  36.625 0.0000000000
87151  43.907  38.927  35.991 0.0000000000
86671  44.264  37.397  38.479 0.0000000000
87145  43.960  38.018  37.581 0.0000000000
114249  44.385  37.448  37.496 0.0000000000
85655  45.268  35.325  35.856 0.0000000000
86170  44.843  36.560  35.942 0.0000000000
109489  44.375  36.096  35.635 0.0000000000
85168  44.032  34.717  35.665 0.0000000000
102038  44.470  31.919  35.701 0.0000000000
82928  43.048  30.778  36.621 0.0000000000
80660  43.363  26.818  36.087 0.0000000000
80647  42.467  26.631  36.206 0.0000000000
104688  43.057  25.994  35.567 0.0000000000
113680  42.729  24.283  34.634 0.0000000000
79486  42.491  24.374  34.435 0.0000000000
78965  42.086  24.116  34.350 0.0000000000
78966  41.326  23.875  34.321 0.0000000000
78949  41.129  23.808  35.407 0.0000000000
100151  44.617  24.211  37.634 0.0000000000
78932  44.059  24.261  36.605 0.0000000000
78915  43.731  24.359  38.307 0.0000000000
78905  41.364  24.265  39.211 0.0000000000
78917  41.829  24.323  38.315 0.0000000000
78918  40.897  24.178  38.375 0.0000000000
100147  40.420  24.062  37.570 0.0000000000
78919  40.014  24.015  38.483 0.0000000000
78920  39.136  23.818  38.538 0.0000000000
105249  39.577  23.766  39.403 0.0000000000
78346  38.458  22.594  41.660 0.0000000000
78353  38.139  22.942  40.969 0.0000000000
103085  37.736  22.450  41.451 0.0000000000
78347  37.017  22.020  41.491 0.0000000000
77853  37.100  21.227  41.965 0.0000000000
117734  45.532  22.899  44.677 0.0000000000
78848  45.193  23.070  44.076 0.0000000000
77835  42.464  21.499  44.731 0.0000000000
78335  43.498  22.695  43.855 0.0000000000
78336  42.604  22.555  43.660 0.0000000000
77839  42.067  21.941  44.150 0.0000000000
76181  42.177  17.875  43.915 0.0000000000
76178  42.117  18.844  45.082 0.0000000000
76184  41.375  18.133  43.679 0.0000000000
81248  40.088  26.931  36.737 0.0000000000
80662  41.134  25.760  35.427 0.0000000000
83548  42.851  31.668  36.599 0.0000000000
83549  42.116  31.913  36.917 0.0000000000
83535  42.286  31.161  37.084 0.0000000000
82921  41.614  30.669  37.514 0.0000000000
106977  40.868  30.153  37.869 0.0000000000
114466  40.258  29.705  38.100 0.0000000000
81793  40.605  28.514  37.543 0.0000000000
76162  51.058  18.326  48.056 0.0000000000
75475  51.119  17.509  47.418 0.0000000000
75481  51.282  16.693  46.775 0.0000000000
112757  44.512  34.165  38.952 0.0000000000
107127  44.678  34.849  39.239 0.0000000000
85140  43.989  34.277  39.731 0.0000000000
84590  43.660  33.546  40.359 0.0000000000
80590  43.031  26.496  44.447 0.0000000000
81172  43.585  26.795  43.990 0.0000000000
79977  45.163  25.983  46.617 0.0000000000
87599  42.196  40.243  42.439 0.0000000000
115144  42.195  40.694  42.036 0.0000000000
87591  43.511  39.264  42.550 0.0000000000
87597  43.553  39.404  41.982 0.0000000000
86651  44.440  37.828  41.038 0.0000000000
106385  44.550  37.227  40.363 0.0000000000
108685  44.790  36.262  39.709 0.0000000000
102173  48.075  23.648  39.536 0.0000000000
78884  47.227  23.551  40.097 0.0000000000
78868  46.764  23.597  41.109 0.0000000000
100436  45.582  23.639  41.693 0.0000000000
80077  38.171  24.379  33.808 0.0000000000
79491  37.257  24.074  33.914 0.0000000000
78953  37.350  23.585  35.251 0.0000000000
78939  36.746  23.507  37.579 0.0000000000
78922  37.286  23.581  38.630 0.0000000000
87650  42.703  39.847  35.704 0.0000000000
87153  42.077  39.113  35.461 0.0000000000
112405  41.452  38.545  35.465 0.0000000000
81796  37.697  28.392  37.980 0.0000000000
81797  36.912  28.156  38.104 0.0000000000
81239  35.833  27.023  38.125 0.0000000000
80642  35.503  26.122  37.695 0.0000000000
86114  41.133  37.349  42.693 0.0000000000
85601  41.844  36.300  42.562 0.0000000000
114586  41.052  35.600  42.331 0.0000000000
87126  37.790  38.312  39.026 0.0000000000
87136  37.355  38.873  38.576 0.0000000000
87125  38.620  38.487  39.253 0.0000000000
87124  39.569  38.830  39.798 0.0000000000
117705  40.000  38.892  40.506 0.0000000000
87104  40.214  38.308  41.728 0.0000000000
86629  41.055  38.129  42.741 0.0000000000
78829  48.217  23.474  46.227 0.0000000000
78322  47.637  23.295  45.914 0.0000000000
78315  47.790  22.681  46.426 0.0000000000
77823  47.529  21.798  46.826 0.0000000000
77817  47.088  21.090  47.225 0.0000000000
75485  47.892  17.219  46.779 0.0000000000
75479  47.366  17.852  47.248 0.0000000000
75490  47.487  16.822  45.951 0.0000000000
74863  47.245  16.701  45.027 0.0000000000
75496  46.384  16.978  44.670 0.0000000000
82376  44.571  29.828  35.705 0.0000000000
82933  45.613  30.540  35.449 0.0000000000
110132  46.022  29.955  35.454 0.0000000000
82373  46.136  29.383  35.613 0.0000000000
82360  44.663  29.989  37.984 0.0000000000
81790  45.860  28.755  37.275 0.0000000000
81780  44.872  28.008  38.071 0.0000000000
119631  45.761  26.175  37.991 0.0000000000
80028  46.309  25.578  38.563 0.0000000000
80610  46.933  25.572  40.326 0.0000000000
84053  44.253  32.263  42.208 0.0000000000
82886  44.870  31.107  42.124 0.0000000000
81189  46.124  27.617  43.236 0.0000000000
81188  46.967  27.470  43.533 0.0000000000
100269  47.323  27.453  42.949 0.0000000000
106698  47.546  27.205  42.470 0.0000000000
81201  48.018  27.154  42.948 0.0000000000
81186  48.396  26.851  43.539 0.0000000000
80586  48.682  26.396  44.161 0.0000000000
80001  48.777  25.832  44.265 0.0000000000
79988  48.780  26.148  45.128 0.0000000000
79987  48.876  25.912  46.020 0.0000000000
79976  49.009  25.902  46.862 0.0000000000
79372  48.274  24.753  49.708 0.0000000000
79952  48.501  25.267  49.127 0.0000000000
79362  48.798  24.056  50.257 0.0000000000
90795  38.205  45.920  30.730 0.0000000000
90794  39.042  46.536  30.680 0.0000000000
91241  39.707  47.058  30.729 0.0000000000
91230  40.469  47.236  32.263 0.0000000000
91218  40.957  47.263  33.514 0.0000000000
90270  36.379  45.609  38.456 0.0000000000
105664  36.577  44.637  37.448 0.0000000000
90262  36.883  45.443  38.432 0.0000000000
90261  37.525  45.801  38.170 0.0000000000
89229  41.611  43.405  39.492 0.0000000000
115178  41.259  44.679  39.440 0.0000000000
89754  41.620  44.319  39.289 0.0000000000
90250  41.918  44.613  38.742 0.0000000000
90260  41.695  45.278  38.313 0.0000000000
90733  41.556  45.490  37.406 0.0000000000
90249  42.394  44.189  37.747 0.0000000000
89765  43.171  43.449  37.265 0.0000000000
89254  43.857  42.826  36.989 0.0000000000
88693  43.952  41.476  37.033 0.0000000000
87645  43.730  39.926  37.058 0.0000000000
86154  45.163  36.354  37.496 0.0000000000
86161  45.475  35.853  37.037 0.0000000000
85166  45.541  34.629  36.073 0.0000000000
84638  44.351  33.822  35.707 0.0000000000
114382  44.960  33.273  35.558 0.0000000000
84115  44.960  32.636  35.511 0.0000000000
118019  44.412  25.513  35.133 0.0000000000
111589  43.641  25.328  35.010 0.0000000000
80071  44.318  24.886  34.842 0.0000000000
79477  43.583  24.525  34.923 0.0000000000
78947  42.969  24.105  35.105 0.0000000000
105251  42.811  24.238  39.979 0.0000000000
105755  41.847  24.147  40.035 0.0000000000
78887  40.912  23.920  40.138 0.0000000000
111113  40.158  23.783  39.947 0.0000000000
78889  39.485  23.533  40.384 0.0000000000
78874  39.845  23.321  41.179 0.0000000000
78345  39.338  22.792  41.809 0.0000000000
78342  38.788  22.150  42.381 0.0000000000
78325  44.573  22.156  45.304 0.0000000000
78330  43.865  22.340  44.694 0.0000000000
78326  43.900  21.817  45.325 0.0000000000
77831  42.829  21.176  45.223 0.0000000000
77325  42.238  20.789  45.097 0.0000000000
80639  38.064  26.864  37.299 0.0000000000
80652  37.667  25.953  36.577 0.0000000000
80068  38.299  24.833  34.095 0.0000000000
80650  39.650  26.079  36.018 0.0000000000
109763  39.146  25.147  34.105 0.0000000000
112513  38.990  23.984  33.914 0.0000000000
78968  39.570  23.808  34.546 0.0000000000
85658  42.790  35.571  35.843 0.0000000000
112661  42.528  36.177  35.787 0.0000000000
85152  41.679  34.439  36.494 0.0000000000
84109  41.482  32.539  37.136 0.0000000000
82364  39.534  29.624  38.240 0.0000000000
81236  38.263  27.800  37.615 0.0000000000
87127  36.937  38.205  38.974 0.0000000000
86663  37.442  37.702  39.544 0.0000000000
118095  38.380  37.216  40.985 0.0000000000
109018  49.441  21.120  47.688 0.0000000000
76783  49.407  19.563  47.613 0.0000000000
75477  49.434  17.840  47.279 0.0000000000
75484  49.026  17.199  46.762 0.0000000000
74861  49.375  16.478  45.319 0.0000000000
84602  46.077  33.266  36.776 0.0000000000
83546  46.296  31.751  36.407 0.0000000000
84091  45.887  33.067  37.322 0.0000000000
83534  45.192  31.451  37.703 0.0000000000
84079  44.648  32.786  38.272 0.0000000000
83516  44.483  31.854  38.250 0.0000000000
114516  44.211  29.444  38.473 0.0000000000
82332  43.898  29.472  39.390 0.0000000000
81772  44.272  28.574  39.589 0.0000000000
118764  43.458  29.480  42.607 0.0000000000
82311  44.373  29.814  42.500 0.0000000000
81756  43.797  28.813  42.691 0.0000000000
81743  44.206  28.059  42.911 0.0000000000
81190  44.581  27.531  43.334 0.0000000000
81171  44.414  26.922  43.949 0.0000000000
109396  45.392  27.221  43.799 0.0000000000
81161  47.193  26.918  45.918 0.0000000000
81154  47.852  26.939  46.515 0.0000000000
108490  47.074  26.631  46.707 0.0000000000
80556  47.408  26.436  47.389 0.0000000000
79961  47.379  25.587  48.439 0.0000000000
103515  46.554  25.293  48.294 0.0000000000
111704  47.654  24.703  49.547 0.0000000000
78799  47.253  23.838  49.964 0.0000000000
78278  47.533  22.957  50.538 0.0000000000
90295  38.814  44.303  33.919 0.0000000000
110916  40.196  42.515  39.389 0.0000000000
89241  39.702  43.322  38.931 0.0000000000
88657  41.397  42.279  40.017 0.0000000000
88656  41.811  42.070  39.820 0.0000000000
87632  42.978  39.517  38.056 0.0000000000
87134  42.840  38.954  38.868 0.0000000000
87133  43.582  38.125  38.698 0.0000000000
86660  44.717  36.868  39.273 0.0000000000
86148  45.111  36.313  38.518 0.0000000000
86153  45.444  35.829  37.979 0.0000000000
78945  46.752  24.048  36.370 0.0000000000
113606  45.802  24.109  36.276 0.0000000000
78931  45.844  23.875  37.179 0.0000000000
78914  45.843  23.859  38.137 0.0000000000
78902  44.651  24.163  38.891 0.0000000000
105442  46.394  23.652  39.779 0.0000000000
105253  45.184  23.969  39.890 0.0000000000
105252  43.929  24.153  39.952 0.0000000000
78885  43.273  23.951  40.798 0.0000000000
78871  42.636  23.653  41.525 0.0000000000
78864  41.998  23.282  42.178 0.0000000000
76177  43.428  18.135  45.224 0.0000000000
103471  42.899  18.701  45.416 0.0000000000
75500  42.834  17.674  44.086 0.0000000000
78375  33.634  22.565  35.472 0.0000000000
100352  37.087  25.194  35.501 0.0000000000
118314  36.617  24.520  34.524 0.0000000000
79479  35.885  23.691  34.171 0.0000000000
78981  36.492  23.824  34.096 0.0000000000
78982  36.113  23.706  34.154 0.0000000000
106287  34.851  23.277  34.534 0.0000000000
78369  34.318  22.428  38.042 0.0000000000
77863  35.465  21.535  40.625 0.0000000000
88724  41.546  41.429  35.158 0.0000000000
86173  41.852  36.507  35.931 0.0000000000
86684  41.238  37.851  35.676 0.0000000000
86123  44.333  36.719  42.162 0.0000000000
85613  44.419  36.095  41.856 0.0000000000
85598  44.193  36.000  42.437 0.0000000000
85108  44.005  35.110  42.442 0.0000000000
84572  43.805  34.071  42.438 0.0000000000
85600  42.862  35.630  42.660 0.0000000000
84054  43.902  32.386  42.460 0.0000000000
83490  43.415  31.611  42.559 0.0000000000
108224  42.872  30.614  42.596 0.0000000000
82313  42.760  29.690  42.599 0.0000000000
81192  42.241  27.692  43.350 0.0000000000
89777  34.538  44.434  37.953 0.0000000000
117503  35.247  44.671  37.839 0.0000000000
89766  35.761  45.495  38.425 0.0000000000
90254  36.029  45.781  38.955 0.0000000000
113941  37.134  44.586  38.584 0.0000000000
88134  37.212  40.425  37.971 0.0000000000
88676  37.209  42.489  38.280 0.0000000000
88675  38.350  42.161  38.269 0.0000000000
110873  39.268  42.335  38.629 0.0000000000
88115  40.454  40.933  39.928 0.0000000000
87610  41.005  40.273  41.381 0.0000000000
87114  40.509  39.115  41.315 0.0000000000
87600  41.397  39.859  42.127 0.0000000000
87592  42.792  39.551  42.794 0.0000000000
103885  43.923  37.889  42.738 0.0000000000
99064  47.524  23.828  43.056 0.0000000000
78851  46.732  23.588  43.711 0.0000000000
78324  45.415  22.508  45.261 0.0000000000
78323  47.022  22.851  45.843 0.0000000000
100653  46.138  22.419  45.866 0.0000000000
77828  45.263  21.936  45.852 0.0000000000
116821  44.616  21.025  46.274 0.0000000000
77316  44.141  20.074  46.371 0.0000000000
76788  43.869  19.413  46.229 0.0000000000
77310  47.668  20.441  47.480 0.0000000000
77311  46.646  20.321  47.345 0.0000000000
76168  46.633  18.306  47.205 0.0000000000
109532  46.619  18.978  47.430 0.0000000000
76784  46.245  19.609  47.333 0.0000000000
104972  45.018  18.922  46.596 0.0000000000
76173  44.613  18.319  46.055 0.0000000000
76176  44.063  18.089  45.548 0.0000000000
75494  43.950  17.755  45.110 0.0000000000
81801  42.997  28.863  36.764 0.0000000000
81802  42.348  28.089  36.843 0.0000000000
81244  43.554  27.637  36.252 0.0000000000
111007  44.199  28.005  35.959 0.0000000000
102387  44.724  29.294  35.615 0.0000000000
107926  44.868  28.060  35.599 0.0000000000
81255  44.323  27.152  35.826 0.0000000000
80659  44.856  26.223  35.420 0.0000000000
80061  46.424  25.003  35.643 0.0000000000
82926  46.456  31.015  36.032 0.0000000000
110860  46.349  30.150  35.843 0.0000000000
82367  46.388  29.335  36.050 0.0000000000
81789  46.305  28.473  36.440 0.0000000000
81243  46.238  27.625  35.921 0.0000000000
80646  46.316  26.456  35.938 0.0000000000
110371  46.577  25.418  36.084 0.0000000000
80052  47.092  24.560  36.424 0.0000000000
79465  47.509  24.074  36.877 0.0000000000
79459  47.693  23.968  37.509 0.0000000000
79453  47.960  23.823  38.434 0.0000000000
80027  47.593  24.587  38.688 0.0000000000
80026  48.228  24.047  38.909 0.0000000000
79440  48.270  23.861  40.073 0.0000000000
78882  48.406  23.957  40.883 0.0000000000
78857  48.485  24.112  41.547 0.0000000000
84583  44.041  33.532  41.671 0.0000000000
84069  44.352  32.459  42.020 0.0000000000
108524  44.016  32.222  41.290 0.0000000000
83504  43.866  31.643  40.746 0.0000000000
82325  44.029  30.154  40.420 0.0000000000
82324  44.432  29.337  40.478 0.0000000000
81766  44.835  28.421  40.523 0.0000000000
82310  45.227  29.600  42.158 0.0000000000
81754  46.059  28.060  42.421 0.0000000000
81764  45.705  28.787  42.011 0.0000000000
82321  45.383  29.543  41.844 0.0000000000
81206  45.317  27.447  40.510 0.0000000000
80602  48.122  26.519  42.208 0.0000000000
80010  48.631  24.868  41.279 0.0000000000
79431  48.703  24.511  42.085 0.0000000000
79425  48.580  25.366  44.867 0.0000000000
78308  49.097  22.699  47.281 0.0000000000
80562  48.258  26.728  46.995 0.0000000000
80553  48.851  26.311  47.254 0.0000000000
79967  49.033  25.848  47.660 0.0000000000
79951  48.753  25.200  49.110 0.0000000000
79378  49.033  24.940  48.918 0.0000000000
79388  49.094  25.032  47.962 0.0000000000
78819  49.286  23.347  47.637 0.0000000000
77301  50.217  20.524  48.621 0.0000000000
76777  50.537  19.768  48.754 0.0000000000
91247  41.115  47.002  30.763 0.0000000000
91240  40.341  47.373  31.308 0.0000000000
91238  41.156  47.300  31.541 0.0000000000
90792  41.543  46.396  31.264 0.0000000000
90791  42.076  45.491  31.887 0.0000000000
90293  43.123  44.675  33.446 0.0000000000
90286  38.734  44.176  34.907 0.0000000000
90285  39.411  44.862  34.402 0.0000000000
90251  39.229  45.580  39.007 0.0000000000
90720  40.223  46.427  39.318 0.0000000000
90753  39.873  46.262  35.680 0.0000000000
91214  40.420  46.533  35.380 0.0000000000
91212  40.932  46.914  34.385 0.0000000000
90742  41.767  45.199  36.495 0.0000000000
119144  41.522  45.707  35.121 0.0000000000
90764  41.437  46.159  34.446 0.0000000000
90763  42.298  45.157  34.670 0.0000000000
90284  43.223  44.569  34.248 0.0000000000
90274  43.701  44.109  34.541 0.0000000000
88722  43.773  41.720  36.203 0.0000000000
87649  43.572  39.776  36.197 0.0000000000
86682  43.741  37.521  35.620 0.0000000000
87644  44.051  38.853  36.869 0.0000000000
86674  44.633  37.081  36.733 0.0000000000
87148  44.186  38.614  36.276 0.0000000000
118691  43.503  36.891  35.574 0.0000000000
85657  43.699  35.472  35.642 0.0000000000
84620  43.416  33.190  36.170 0.0000000000
83547  43.536  32.275  36.207 0.0000000000
80065  41.694  25.188  34.656 0.0000000000
80064  42.674  25.206  34.880 0.0000000000
80073  42.127  24.622  34.272 0.0000000000
80074  41.175  24.673  33.856 0.0000000000
78978  40.648  24.094  33.708 0.0000000000
78967  40.456  23.795  34.455 0.0000000000
78946  44.660  24.174  35.974 0.0000000000
78933  42.974  24.135  36.282 0.0000000000
78916  42.802  24.397  38.302 0.0000000000
100149  42.353  24.271  37.365 0.0000000000
78934  41.872  23.968  36.256 0.0000000000
78935  40.821  23.961  36.555 0.0000000000
78936  39.894  23.925  36.693 0.0000000000
78937  38.980  23.849  36.692 0.0000000000
78907  37.870  23.500  39.404 0.0000000000
78890  38.600  23.340  40.444 0.0000000000
78891  37.700  23.227  40.235 0.0000000000
104897  36.655  22.383  40.879 0.0000000000
101143  46.526  23.576  42.851 0.0000000000
78860  45.430  23.499  42.638 0.0000000000
111583  44.529  23.413  42.822 0.0000000000
78334  44.366  22.850  43.986 0.0000000000
78854  44.025  23.167  43.310 0.0000000000
78862  43.811  23.426  42.583 0.0000000000
78339  42.285  22.982  42.954 0.0000000000
78340  41.434  22.780  42.761 0.0000000000
76791  42.499  19.334  45.488 0.0000000000
76792  41.937  19.480  45.180 0.0000000000
77326  41.643  20.163  44.945 0.0000000000
76183  40.898  18.717  44.140 0.0000000000
77327  40.754  20.245  44.415 0.0000000000
77840  41.279  21.734  43.900 0.0000000000
78337  40.934  22.204  43.297 0.0000000000
78341  40.588  22.595  42.614 0.0000000000
77847  39.272  21.660  42.966 0.0000000000
74853  51.361  16.208  46.350 0.0000000000
74854  51.257  16.344  46.120 0.0000000000
74859  51.277  15.923  45.127 0.0000000000
116400  51.266  16.165  45.576 0.0000000000
75488  45.205  17.827  45.959 0.0000000000
75498  44.378  17.509  44.625 0.0000000000
76182  41.718  18.468  44.422 0.0000000000
76795  40.605  19.311  44.297 0.0000000000
77322  42.263  20.030  45.416 0.0000000000
77829  44.449  21.451  45.842 0.0000000000
77837  40.864  21.150  44.175 0.0000000000
78277  48.418  23.114  50.797 0.0000000000
78331  42.925  22.165  44.380 0.0000000000
78791  48.953  23.518  50.633 0.0000000000
78852  45.751  23.387  43.478 0.0000000000
78888  40.262  23.612  40.552 0.0000000000
78906  38.944  23.564  39.917 0.0000000000
78929  47.404  23.900  36.926 0.0000000000
78930  46.861  23.767  36.922 0.0000000000
78938  38.033  23.719  36.596 0.0000000000
78948  42.018  23.864  35.081 0.0000000000
79364  47.825  24.311  50.040 0.0000000000
79371  48.627  24.644  49.709 0.0000000000
79466  47.184  24.131  36.550 0.0000000000
79473  46.558  24.462  36.032 0.0000000000
79475  45.240  24.628  35.239 0.0000000000
79476  44.570  24.509  35.152 0.0000000000
79484  45.224  24.886  35.024 0.0000000000
79487  41.667  24.326  33.876 0.0000000000
79488  40.864  24.403  33.491 0.0000000000
79489  39.981  24.480  33.450 0.0000000000
79960  48.247  25.908  48.514 0.0000000000
79968  48.837  26.164  47.974 0.0000000000
80062  45.821  25.221  35.205 0.0000000000
80548  47.745  26.257  48.028 0.0000000000
80554  48.559  26.424  47.471 0.0000000000
80560  48.828  26.347  46.575 0.0000000000
80574  44.734  26.324  45.241 0.0000000000
81159  48.433  26.900  45.886 0.0000000000
81231  46.274  27.566  36.601 0.0000000000
81791  44.874  29.078  37.888 0.0000000000
81800  43.708  28.416  36.302 0.0000000000
82345  43.849  30.133  38.717 0.0000000000
82374  45.796  29.345  35.415 0.0000000000
82918  46.063  30.633  36.976 0.0000000000
82934  44.832  30.438  35.546 0.0000000000
83506  43.544  31.570  39.587 0.0000000000
83532  46.111  32.055  37.059 0.0000000000
84090  46.174  32.523  36.664 0.0000000000
84113  46.282  32.185  36.080 0.0000000000
84573  42.902  34.045  42.523 0.0000000000
84599  44.981  33.691  38.274 0.0000000000
85148  45.719  34.790  37.626 0.0000000000
85648  45.611  35.299  36.529 0.0000000000
85656  44.624  35.372  35.612 0.0000000000
86111  44.061  36.754  42.567 0.0000000000
86169  45.277  35.895  36.177 0.0000000000
86172  43.386  36.273  35.626 0.0000000000
86626  44.199  37.306  42.407 0.0000000000
86639  44.465  37.270  41.845 0.0000000000
86653  38.110  37.440  40.286 0.0000000000
87091  43.389  38.779  42.911 0.0000000000
87092  42.537  38.902  43.104 0.0000000000
87113  44.048  38.553  41.560 0.0000000000
87147  44.387  37.956  36.170 0.0000000000
87598  42.810  40.110  42.246 0.0000000000
87608  43.424  39.080  40.996 0.0000000000
87636  36.783  39.528  38.262 0.0000000000
88102  41.386  41.030  41.300 0.0000000000
88129  43.036  40.415  37.838 0.0000000000
88133  38.188  40.439  38.063 0.0000000000
89744  41.325  44.014  39.502 0.0000000000
89757  36.445  45.539  38.953 0.0000000000
89758  35.841  45.454  39.245 0.0000000000
90246  40.897  45.466  39.450 0.0000000000
90247  40.214  45.475  39.298 0.0000000000
90719  40.852  46.187  39.323 0.0000000000
90752  41.238  45.873  35.919 0.0000000000
90793  39.769  46.840  31.392 0.0000000000
90815  40.667  46.245  29.499 0.0000000000
91181  40.493  46.994  38.677 0.0000000000
91195  40.483  46.787  37.682 0.0000000000
91204  40.039  46.632  36.224 0.0000000000
91213  40.820  46.890  34.384 0.0000000000
91239  40.832  47.494  31.454 0.0000000000
91258  40.743  46.901  30.197 0.0000000000
99090  41.769  33.269  36.742 0.0000000000
101600  46.746  23.687  37.613 0.0000000000
102031  41.938  37.333  35.687 0.0000000000
104646  38.766  46.502  38.932 0.0000000000
104755  40.551  46.533  36.359 0.0000000000
104847  43.072  28.074  36.571 0.0000000000
105050  46.006  28.006  35.642 0.0000000000
105368  45.202  34.452  38.429 0.0000000000
106377  40.295  39.560  40.452 0.0000000000
106458  41.317  45.466  29.484 0.0000000000
107857  45.392  32.053  35.540 0.0000000000
107872  37.735  39.632  38.250 0.0000000000
108174  48.870  21.415  47.397 0.0000000000
108238  41.060  39.129  35.278 0.0000000000
109226  44.994  35.891  35.762 0.0000000000
110813  43.996  38.770  42.188 0.0000000000
111101  42.800  19.878  45.723 0.0000000000
111597  44.328  18.935  46.312 0.0000000000
112909  37.099  23.886  33.985 0.0000000000
113668  43.764  24.168  35.735 0.0000000000
113918  47.820  26.720  47.081 0.0000000000
114824  46.339  30.615  36.387 0.0000000000
115087  38.971  41.739  38.384 0.0000000000
115571  44.410  31.050  35.749 0.0000000000
116211  38.361  23.463  39.899 0.0000000000
116616  49.932  21.162  48.614 0.0000000000
117487  44.476  37.651  41.835 0.0000000000
117900  39.841  24.770  33.519 0.0000000000
117942  41.562  45.432  39.013 0.0000000000
118472  44.168  32.738  42.213 0.0000000000
119256  44.439  35.699  40.415 0.0000000000
