#!ascii label  , from subject sub-01 vox2ras=TkReg
1442
51219  46.097  -13.344  60.651 0.0000000000
105031  34.320  -18.786  82.024 0.0000000000
39874  26.607  -25.388  79.922 0.0000000000
35540  20.652  -30.814  80.519 0.0000000000
44334  30.936  -20.684  87.175 0.0000000000
119439  32.096  -26.801  81.470 0.0000000000
47575  40.293  -17.687  65.896 0.0000000000
99179  54.271  -12.492  57.298 0.0000000000
116850  44.636  -13.076  73.232 0.0000000000
46465  37.947  -18.095  74.533 0.0000000000
106431  32.084  -26.027  73.225 0.0000000000
38970  26.028  -26.047  84.737 0.0000000000
37421  24.085  -28.415  79.154 0.0000000000
109637  24.370  -29.785  85.263 0.0000000000
40746  29.495  -23.855  84.684 0.0000000000
51993  48.016  -12.853  70.648 0.0000000000
49994  35.366  -14.241  84.382 0.0000000000
48269  39.273  -15.969  82.308 0.0000000000
48312  41.547  -16.198  79.085 0.0000000000
45478  35.957  -18.256  77.590 0.0000000000
43611  34.011  -21.088  72.806 0.0000000000
42687  33.551  -22.063  77.539 0.0000000000
36484  29.045  -29.175  79.555 0.0000000000
36495  31.599  -29.835  79.275 0.0000000000
112962  50.394  -12.523  58.629 0.0000000000
50330  49.943  -13.877  53.698 0.0000000000
38287  28.426  -27.231  74.825 0.0000000000
37474  24.282  -27.883  72.867 0.0000000000
44380  34.853  -20.199  84.441 0.0000000000
41664  35.515  -23.948  81.972 0.0000000000
41641  33.930  -24.041  83.800 0.0000000000
41698  30.845  -23.924  79.519 0.0000000000
49352  42.672  -15.545  62.249 0.0000000000
35455  20.552  -30.360  87.380 0.0000000000
35501  16.828  -29.823  83.439 0.0000000000
53032  52.273  -11.727  63.327 0.0000000000
51147  48.737  -13.853  64.911 0.0000000000
50214  45.824  -14.730  66.803 0.0000000000
50177  42.805  -14.962  69.660 0.0000000000
101664  42.938  -18.182  71.982 0.0000000000
50972  45.984  -13.166  77.116 0.0000000000
119615  43.270  -17.465  75.163 0.0000000000
45544  40.103  -19.456  71.996 0.0000000000
43655  37.198  -21.536  70.627 0.0000000000
39066  33.139  -26.351  77.507 0.0000000000
39779  25.211  -25.660  87.765 0.0000000000
102080  25.567  -28.267  84.832 0.0000000000
37336  25.484  -28.124  87.615 0.0000000000
40725  26.496  -24.406  86.819 0.0000000000
47381  34.937  -16.710  84.092 0.0000000000
47387  36.058  -16.472  82.132 0.0000000000
47407  37.299  -17.311  80.169 0.0000000000
46409  35.119  -17.782  79.926 0.0000000000
45480  33.826  -19.844  77.203 0.0000000000
44439  33.974  -20.410  80.095 0.0000000000
110424  29.328  -30.349  78.727 0.0000000000
118870  30.439  -31.194  80.811 0.0000000000
52156  48.595  -12.584  59.350 0.0000000000
51246  48.443  -13.316  57.292 0.0000000000
51249  45.723  -13.924  57.521 0.0000000000
104750  27.683  -25.071  76.728 0.0000000000
116359  26.613  -26.447  73.699 0.0000000000
38263  25.295  -26.543  76.461 0.0000000000
119280  22.396  -29.847  79.905 0.0000000000
36516  22.215  -29.110  76.657 0.0000000000
35570  20.340  -30.346  77.846 0.0000000000
99283  18.611  -30.547  78.785 0.0000000000
47344  32.994  -17.655  85.927 0.0000000000
43479  33.213  -21.134  85.812 0.0000000000
42582  34.713  -22.670  85.106 0.0000000000
41605  32.190  -23.208  86.247 0.0000000000
40781  27.635  -24.339  81.568 0.0000000000
41655  29.736  -23.435  82.265 0.0000000000
105727  28.740  -23.959  79.184 0.0000000000
39926  29.642  -25.243  77.268 0.0000000000
107436  41.705  -16.561  63.983 0.0000000000
46672  40.778  -17.723  61.279 0.0000000000
45711  39.871  -19.170  63.116 0.0000000000
36432  14.938  -29.318  84.766 0.0000000000
50223  46.988  -14.520  65.809 0.0000000000
51109  48.437  -14.039  67.980 0.0000000000
51983  45.757  -12.492  71.798 0.0000000000
50160  44.896  -14.008  70.182 0.0000000000
51060  43.578  -13.705  71.700 0.0000000000
49257  41.617  -15.974  70.879 0.0000000000
49243  43.018  -15.979  72.884 0.0000000000
117082  38.876  -17.238  76.662 0.0000000000
48335  42.217  -16.460  76.498 0.0000000000
47461  40.382  -17.334  75.095 0.0000000000
46462  42.331  -18.542  74.020 0.0000000000
46503  38.801  -18.687  72.457 0.0000000000
44519  38.538  -20.521  70.902 0.0000000000
45567  36.824  -19.550  71.731 0.0000000000
42835  33.579  -23.058  70.775 0.0000000000
39855  34.903  -26.124  81.980 0.0000000000
40805  34.530  -24.850  79.716 0.0000000000
109828  33.219  -26.904  79.905 0.0000000000
35584  32.566  -30.268  77.470 0.0000000000
52205  57.629  -12.082  55.403 0.0000000000
104076  54.112  -12.313  55.804 0.0000000000
39000  26.101  -25.881  81.625 0.0000000000
38235  25.102  -27.146  79.099 0.0000000000
38205  25.247  -27.588  82.410 0.0000000000
36446  23.984  -29.276  82.211 0.0000000000
35508  22.148  -30.397  82.219 0.0000000000
110091  29.231  -22.094  87.668 0.0000000000
41607  30.761  -23.218  86.468 0.0000000000
41609  28.654  -23.151  86.912 0.0000000000
39812  27.092  -24.903  84.136 0.0000000000
51070  49.579  -12.667  70.220 0.0000000000
52905  46.759  -11.033  74.127 0.0000000000
118516  40.062  -16.646  80.727 0.0000000000
47430  38.466  -17.289  78.756 0.0000000000
46448  36.495  -18.490  75.815 0.0000000000
45531  35.578  -19.576  73.652 0.0000000000
45500  34.434  -19.603  75.624 0.0000000000
43593  33.260  -21.449  75.452 0.0000000000
41766  33.091  -23.987  75.135 0.0000000000
38223  30.002  -28.024  80.496 0.0000000000
38232  30.783  -27.977  80.518 0.0000000000
36469  29.854  -29.661  80.705 0.0000000000
52168  52.583  -12.465  58.166 0.0000000000
52199  52.330  -12.564  56.302 0.0000000000
115858  50.046  -12.984  56.810 0.0000000000
37439  23.971  -28.210  77.023 0.0000000000
101571  34.497  -16.770  84.755 0.0000000000
45428  35.074  -20.096  83.528 0.0000000000
43538  34.856  -21.557  81.623 0.0000000000
109230  35.704  -22.669  83.399 0.0000000000
40756  35.369  -24.832  83.328 0.0000000000
39840  33.551  -25.454  82.537 0.0000000000
118357  31.152  -23.585  84.642 0.0000000000
41665  32.085  -23.494  81.878 0.0000000000
39889  31.578  -25.195  80.583 0.0000000000
39047  30.138  -26.361  78.901 0.0000000000
38247  28.989  -27.747  77.296 0.0000000000
50276  44.010  -14.435  61.269 0.0000000000
50301  43.517  -14.770  58.414 0.0000000000
107811  42.222  -15.921  59.594 0.0000000000
35472  22.640  -30.560  85.685 0.0000000000
35497  20.625  -30.793  83.197 0.0000000000
35487  18.421  -30.372  85.009 0.0000000000
35525  18.698  -30.445  81.411 0.0000000000
53075  53.458  -11.323  60.401 0.0000000000
52138  50.949  -11.841  60.964 0.0000000000
103236  49.164  -12.434  61.518 0.0000000000
51184  47.496  -13.414  62.803 0.0000000000
50249  45.508  -14.467  63.502 0.0000000000
49331  44.724  -15.131  64.757 0.0000000000
48443  42.688  -15.920  65.889 0.0000000000
51102  47.125  -13.869  68.960 0.0000000000
49296  44.204  -15.089  67.978 0.0000000000
48426  41.596  -16.572  67.422 0.0000000000
47523  40.946  -17.118  68.911 0.0000000000
46536  41.785  -18.725  70.882 0.0000000000
50998  46.101  -13.614  75.646 0.0000000000
49187  43.649  -15.247  78.946 0.0000000000
48332  44.652  -15.925  76.627 0.0000000000
49226  44.812  -15.946  74.819 0.0000000000
111429  43.586  -18.268  73.647 0.0000000000
45543  43.222  -19.699  72.597 0.0000000000
44523  34.950  -20.729  71.430 0.0000000000
42665  34.534  -22.678  79.670 0.0000000000
40842  33.605  -24.797  77.464 0.0000000000
101611  32.773  -25.765  75.808 0.0000000000
37427  31.799  -28.577  78.346 0.0000000000
100443  32.193  -28.610  75.856 0.0000000000
38956  25.625  -26.779  87.489 0.0000000000
38940  24.763  -26.442  88.574 0.0000000000
47382  34.690  -17.484  83.216 0.0000000000
47388  35.193  -16.797  82.763 0.0000000000
47397  34.836  -17.595  81.495 0.0000000000
47408  35.526  -17.399  80.847 0.0000000000
46401  34.645  -17.971  80.817 0.0000000000
110405  33.949  -19.405  79.351 0.0000000000
45448  34.046  -19.486  80.518 0.0000000000
51218  46.749  -13.079  59.996 0.0000000000
118716  46.401  -13.382  58.608 0.0000000000
51230  46.130  -13.320  59.236 0.0000000000
39909  26.672  -25.316  78.178 0.0000000000
39069  26.045  -25.894  76.859 0.0000000000
39048  25.842  -26.001  77.899 0.0000000000
35539  21.295  -30.568  80.226 0.0000000000
36499  21.739  -29.924  78.686 0.0000000000
117181  20.477  -30.452  78.491 0.0000000000
35571  19.548  -30.585  77.711 0.0000000000
99284  19.225  -30.687  79.487 0.0000000000
45362  29.989  -19.815  87.305 0.0000000000
45360  30.968  -19.591  87.320 0.0000000000
45379  31.542  -19.065  87.036 0.0000000000
110821  31.728  -21.292  86.821 0.0000000000
43480  32.507  -21.819  86.360 0.0000000000
105826  31.923  -22.185  86.735 0.0000000000
39873  27.054  -24.894  80.424 0.0000000000
40792  28.036  -24.006  80.754 0.0000000000
39891  27.331  -24.750  79.503 0.0000000000
40829  28.369  -24.477  77.895 0.0000000000
114588  40.748  -17.317  64.568 0.0000000000
47600  40.431  -17.728  62.965 0.0000000000
46617  39.868  -18.429  64.173 0.0000000000
100560  51.024  -13.537  67.784 0.0000000000
115153  48.786  -14.118  67.321 0.0000000000
99725  49.683  -13.795  68.034 0.0000000000
51968  45.001  -12.658  72.283 0.0000000000
51059  44.470  -13.236  71.517 0.0000000000
51047  44.189  -13.229  72.385 0.0000000000
50147  42.988  -14.396  72.246 0.0000000000
51048  43.638  -13.816  72.987 0.0000000000
46447  37.881  -17.808  75.614 0.0000000000
47462  39.478  -17.353  75.470 0.0000000000
46464  38.977  -17.976  74.101 0.0000000000
116654  39.600  -18.006  73.924 0.0000000000
46485  38.421  -18.342  73.442 0.0000000000
45546  38.191  -19.124  71.849 0.0000000000
45529  37.024  -18.926  73.057 0.0000000000
38997  33.653  -26.544  81.791 0.0000000000
39029  34.211  -26.436  80.834 0.0000000000
39010  33.393  -26.826  81.024 0.0000000000
100212  56.214  -12.374  56.412 0.0000000000
99634  54.070  -12.564  56.607 0.0000000000
38988  26.056  -26.069  83.034 0.0000000000
39001  25.573  -26.774  81.751 0.0000000000
38979  25.796  -26.793  83.568 0.0000000000
36428  25.161  -28.855  84.591 0.0000000000
37380  24.818  -28.874  83.601 0.0000000000
36438  24.257  -29.332  83.168 0.0000000000
36457  23.423  -29.618  81.697 0.0000000000
35494  23.178  -30.083  83.651 0.0000000000
115216  28.020  -22.091  88.035 0.0000000000
41597  29.050  -22.735  87.187 0.0000000000
41598  28.229  -22.792  87.716 0.0000000000
39802  26.380  -25.384  85.246 0.0000000000
39801  26.962  -24.860  84.950 0.0000000000
39813  26.485  -25.428  84.375 0.0000000000
39826  26.596  -25.362  83.409 0.0000000000
49138  38.849  -15.561  82.759 0.0000000000
49137  39.405  -14.902  82.907 0.0000000000
49136  39.736  -15.759  82.159 0.0000000000
48278  40.829  -15.828  81.328 0.0000000000
48280  39.585  -16.265  81.749 0.0000000000
117101  36.526  -17.775  78.671 0.0000000000
113627  38.058  -17.489  78.958 0.0000000000
46425  37.281  -17.825  77.858 0.0000000000
46436  37.170  -17.862  77.073 0.0000000000
46437  36.417  -18.271  76.763 0.0000000000
46449  35.776  -18.872  75.503 0.0000000000
112894  35.443  -18.621  76.944 0.0000000000
44459  33.616  -20.475  77.535 0.0000000000
44465  33.588  -20.416  76.598 0.0000000000
110413  33.230  -21.859  75.943 0.0000000000
42737  33.203  -22.333  75.307 0.0000000000
42724  33.339  -22.565  76.145 0.0000000000
38224  29.721  -28.725  80.351 0.0000000000
37406  29.863  -28.854  80.510 0.0000000000
36470  29.701  -29.879  80.670 0.0000000000
52170  51.203  -12.555  58.366 0.0000000000
52183  51.299  -12.795  57.384 0.0000000000
51236  49.969  -12.918  57.891 0.0000000000
51262  47.861  -13.776  55.770 0.0000000000
37462  28.263  -28.224  74.902 0.0000000000
37463  27.825  -28.557  74.165 0.0000000000
38236  24.623  -27.884  79.591 0.0000000000
38249  24.406  -27.852  77.702 0.0000000000
37429  23.832  -28.509  77.824 0.0000000000
36529  20.911  -29.490  75.459 0.0000000000
36528  21.810  -29.039  75.588 0.0000000000
46364  33.911  -18.372  85.402 0.0000000000
47361  33.424  -16.779  85.692 0.0000000000
46363  34.345  -18.132  84.899 0.0000000000
46373  34.532  -18.274  84.446 0.0000000000
45403  34.904  -19.796  84.108 0.0000000000
44390  35.334  -20.944  83.661 0.0000000000
115933  35.406  -21.604  84.187 0.0000000000
41630  34.561  -23.883  84.600 0.0000000000
41629  35.209  -23.890  84.460 0.0000000000
40745  34.679  -24.294  84.244 0.0000000000
39825  34.931  -25.307  83.168 0.0000000000
40769  33.785  -24.551  83.115 0.0000000000
108354  30.039  -23.648  85.529 0.0000000000
41633  30.843  -23.665  85.498 0.0000000000
103454  30.364  -23.690  84.649 0.0000000000
102648  30.471  -23.409  80.734 0.0000000000
99417  31.389  -23.271  81.811 0.0000000000
41681  31.227  -23.860  80.105 0.0000000000
40780  32.255  -24.000  81.391 0.0000000000
40807  31.293  -24.355  79.842 0.0000000000
39031  30.624  -26.303  79.909 0.0000000000
39046  30.570  -25.242  78.735 0.0000000000
39090  28.863  -26.332  75.757 0.0000000000
38261  29.391  -26.744  77.078 0.0000000000
38262  29.063  -27.128  76.218 0.0000000000
49358  43.251  -15.047  61.663 0.0000000000
50287  43.228  -14.754  60.597 0.0000000000
49360  42.100  -15.790  60.907 0.0000000000
102893  41.591  -18.270  60.323 0.0000000000
99285  21.186  -30.601  86.512 0.0000000000
35484  21.271  -30.770  84.471 0.0000000000
35485  20.335  -30.683  84.653 0.0000000000
35489  16.795  -29.897  84.289 0.0000000000
35500  17.652  -30.214  83.629 0.0000000000
35499  18.508  -30.511  83.514 0.0000000000
35513  17.491  -30.056  82.754 0.0000000000
35526  17.645  -30.012  81.298 0.0000000000
35527  16.771  -29.780  81.613 0.0000000000
113778  54.042  -11.307  59.804 0.0000000000
53062  52.354  -11.509  61.592 0.0000000000
52104  51.361  -11.768  61.809 0.0000000000
52124  50.452  -12.101  61.483 0.0000000000
52105  50.620  -12.143  62.411 0.0000000000
51162  49.268  -13.450  64.186 0.0000000000
51182  49.225  -12.876  63.167 0.0000000000
51163  47.573  -13.728  63.620 0.0000000000
50248  46.804  -13.931  63.439 0.0000000000
50247  47.353  -14.093  64.265 0.0000000000
50224  46.073  -14.719  66.065 0.0000000000
50235  45.523  -14.789  64.960 0.0000000000
49324  44.982  -15.115  65.491 0.0000000000
115982  43.635  -15.579  64.992 0.0000000000
49318  44.599  -15.194  66.668 0.0000000000
51071  48.395  -12.993  70.234 0.0000000000
51087  47.792  -13.449  69.650 0.0000000000
51072  47.513  -13.204  70.314 0.0000000000
115664  43.776  -14.749  69.273 0.0000000000
50176  44.692  -14.406  69.408 0.0000000000
50190  43.835  -15.054  68.513 0.0000000000
49310  42.942  -15.588  67.436 0.0000000000
49298  42.654  -15.609  68.249 0.0000000000
48409  41.534  -16.507  68.206 0.0000000000
107968  41.462  -16.281  69.064 0.0000000000
48375  41.996  -16.480  71.723 0.0000000000
48385  41.453  -16.883  70.864 0.0000000000
112591  41.716  -17.855  71.108 0.0000000000
45563  43.032  -19.408  71.602 0.0000000000
50985  46.282  -13.192  76.407 0.0000000000
48298  42.260  -15.778  79.463 0.0000000000
49178  43.352  -15.095  79.432 0.0000000000
48311  42.456  -15.869  78.693 0.0000000000
48343  43.042  -17.008  75.730 0.0000000000
48333  44.011  -16.182  76.717 0.0000000000
48342  43.873  -16.803  75.967 0.0000000000
49218  45.183  -15.838  75.594 0.0000000000
47470  44.214  -17.149  74.795 0.0000000000
48363  44.143  -16.888  73.878 0.0000000000
47471  43.794  -17.759  74.248 0.0000000000
117794  41.312  -19.247  72.935 0.0000000000
45527  42.855  -19.489  73.174 0.0000000000
45528  42.417  -19.820  72.865 0.0000000000
44503  43.114  -20.337  72.236 0.0000000000
44505  41.005  -20.456  72.198 0.0000000000
108908  40.209  -20.806  71.542 0.0000000000
44536  37.799  -21.001  70.630 0.0000000000
43653  38.469  -21.287  70.837 0.0000000000
44492  34.422  -20.528  73.422 0.0000000000
44506  35.362  -20.121  72.087 0.0000000000
43622  34.275  -21.147  71.816 0.0000000000
42834  34.585  -22.736  70.496 0.0000000000
42647  35.344  -23.051  81.489 0.0000000000
42634  34.979  -22.275  81.101 0.0000000000
41679  35.243  -23.670  80.905 0.0000000000
39906  33.733  -25.841  78.862 0.0000000000
108675  33.766  -25.137  78.273 0.0000000000
39924  33.521  -25.695  77.921 0.0000000000
39950  33.119  -25.421  76.347 0.0000000000
39087  32.961  -26.066  76.601 0.0000000000
37418  31.220  -29.109  79.411 0.0000000000
109817  31.853  -27.916  78.933 0.0000000000
112839  31.782  -29.382  78.243 0.0000000000
36514  32.399  -29.812  76.849 0.0000000000
37449  32.166  -29.126  75.124 0.0000000000
106973  51.008  -12.548  54.878 0.0000000000
52210  51.617  -12.386  54.439 0.0000000000
49384  44.081  -15.489  57.336 0.0000000000
38963  25.916  -26.039  85.650 0.0000000000
104814  25.696  -27.526  84.253 0.0000000000
101844  25.741  -26.816  86.249 0.0000000000
37348  25.672  -28.475  86.583 0.0000000000
37359  25.246  -29.152  86.185 0.0000000000
39778  25.729  -24.829  87.167 0.0000000000
100389  35.257  -15.576  84.513 0.0000000000
49993  36.210  -14.252  84.057 0.0000000000
48260  36.052  -15.759  83.357 0.0000000000
48271  36.833  -15.978  82.583 0.0000000000
118166  37.882  -16.233  82.238 0.0000000000
47395  38.662  -16.816  81.135 0.0000000000
114078  36.688  -17.219  80.680 0.0000000000
47418  36.184  -17.429  79.998 0.0000000000
46410  34.938  -18.213  79.031 0.0000000000
46416  34.801  -18.589  77.943 0.0000000000
45467  34.059  -19.186  78.354 0.0000000000
114768  33.817  -19.834  78.634 0.0000000000
43569  33.848  -21.301  78.902 0.0000000000
36496  28.970  -29.595  79.176 0.0000000000
35554  29.651  -30.170  80.564 0.0000000000
34657  29.640  -30.630  79.379 0.0000000000
52155  49.464  -12.387  59.496 0.0000000000
51237  49.033  -13.055  57.881 0.0000000000
51238  48.139  -13.177  57.997 0.0000000000
51248  46.609  -13.700  57.433 0.0000000000
39953  27.933  -25.391  75.930 0.0000000000
39116  27.837  -26.782  74.271 0.0000000000
39992  27.274  -25.794  74.874 0.0000000000
39118  25.989  -26.253  74.281 0.0000000000
38289  25.015  -26.754  74.775 0.0000000000
36485  23.092  -29.212  78.920 0.0000000000
36497  23.220  -29.009  77.937 0.0000000000
36498  22.526  -29.488  78.344 0.0000000000
36511  20.964  -29.838  77.253 0.0000000000
35589  18.735  -30.527  77.198 0.0000000000
46347  32.986  -18.742  85.821 0.0000000000
44367  34.005  -20.373  85.403 0.0000000000
110820  34.748  -21.731  85.055 0.0000000000
43493  34.124  -21.464  85.476 0.0000000000
42583  33.980  -22.996  85.532 0.0000000000
41631  32.873  -23.502  85.301 0.0000000000
40759  28.155  -24.260  83.154 0.0000000000
41644  29.849  -23.682  83.520 0.0000000000
103588  28.977  -23.658  81.995 0.0000000000
41684  28.876  -23.588  80.533 0.0000000000
102319  29.666  -23.870  78.904 0.0000000000
39925  30.097  -24.886  77.944 0.0000000000
40828  29.085  -24.169  78.360 0.0000000000
40844  28.433  -25.146  76.510 0.0000000000
101862  42.239  -16.122  63.654 0.0000000000
48475  41.330  -16.526  62.056 0.0000000000
47609  40.844  -17.176  62.418 0.0000000000
46647  40.212  -18.580  62.437 0.0000000000
36421  15.489  -29.478  85.699 0.0000000000
35490  16.058  -29.724  84.013 0.0000000000
36449  15.915  -29.619  81.882 0.0000000000
36451  14.857  -29.263  82.973 0.0000000000
51130  49.156  -13.871  65.477 0.0000000000
108866  47.894  -14.154  64.906 0.0000000000
50211  48.450  -14.218  66.464 0.0000000000
50212  47.486  -14.421  66.506 0.0000000000
102411  47.176  -14.445  67.176 0.0000000000
51056  47.304  -12.879  70.926 0.0000000000
51073  46.727  -13.371  70.394 0.0000000000
51057  46.301  -12.984  71.026 0.0000000000
51075  44.185  -13.757  70.782 0.0000000000
114630  43.352  -14.602  70.067 0.0000000000
49270  42.043  -15.376  70.254 0.0000000000
50162  42.659  -14.752  70.699 0.0000000000
49244  42.384  -15.733  72.144 0.0000000000
48374  42.736  -16.628  72.490 0.0000000000
48325  39.773  -16.719  77.835 0.0000000000
100748  41.497  -16.300  77.343 0.0000000000
47448  40.280  -16.790  76.342 0.0000000000
48345  40.864  -16.942  75.644 0.0000000000
47460  41.523  -17.435  74.975 0.0000000000
47473  42.570  -17.975  74.511 0.0000000000
47474  40.771  -17.749  74.431 0.0000000000
46483  40.669  -18.619  73.207 0.0000000000
46502  39.676  -18.849  72.354 0.0000000000
45564  39.499  -20.103  71.418 0.0000000000
45545  39.146  -19.275  71.736 0.0000000000
45566  37.522  -19.617  71.397 0.0000000000
44521  36.702  -20.124  71.056 0.0000000000
42771  33.207  -22.444  73.521 0.0000000000
43623  33.663  -21.681  72.177 0.0000000000
41840  32.903  -23.203  71.813 0.0000000000
40911  33.068  -24.537  71.176 0.0000000000
40021  33.945  -25.524  70.939 0.0000000000
39869  35.237  -25.481  81.617 0.0000000000
40790  34.952  -24.281  80.347 0.0000000000
39887  34.451  -25.814  80.299 0.0000000000
39030  33.858  -26.426  79.965 0.0000000000
105746  33.383  -26.616  79.081 0.0000000000
35567  32.356  -30.322  78.563 0.0000000000
35551  32.993  -30.745  79.197 0.0000000000
53118  57.319  -11.534  56.455 0.0000000000
52196  56.334  -12.263  55.743 0.0000000000
53126  54.924  -11.782  53.967 0.0000000000
39859  26.445  -25.510  80.833 0.0000000000
39033  25.678  -26.454  79.508 0.0000000000
39014  25.846  -26.303  80.896 0.0000000000
105150  25.354  -27.107  80.824 0.0000000000
38226  24.730  -27.969  80.606 0.0000000000
37390  25.065  -28.323  83.007 0.0000000000
37399  24.765  -28.311  82.136 0.0000000000
37409  23.678  -29.066  80.560 0.0000000000
106616  23.395  -29.439  80.959 0.0000000000
35521  22.210  -30.253  80.967 0.0000000000
101656  21.449  -30.633  80.937 0.0000000000
43466  30.432  -21.562  87.306 0.0000000000
42559  30.804  -22.449  87.026 0.0000000000
42561  29.475  -22.482  87.258 0.0000000000
118541  29.347  -23.100  86.599 0.0000000000
40734  29.267  -23.691  85.491 0.0000000000
41610  27.847  -23.368  87.262 0.0000000000
40735  28.440  -23.898  85.509 0.0000000000
40747  28.651  -24.034  84.730 0.0000000000
40760  27.402  -24.715  83.428 0.0000000000
39858  26.945  -24.857  82.000 0.0000000000
46591  39.927  -18.140  66.372 0.0000000000
117738  39.473  -19.116  65.558 0.0000000000
45665  39.489  -19.757  65.954 0.0000000000
51085  50.528  -12.768  69.730 0.0000000000
52924  48.053  -11.696  71.607 0.0000000000
111803  46.992  -11.511  72.326 0.0000000000
51967  45.953  -12.049  72.612 0.0000000000
51952  45.946  -12.007  73.706 0.0000000000
48288  41.166  -16.070  80.716 0.0000000000
105464  40.499  -16.560  79.591 0.0000000000
47405  38.979  -16.851  80.498 0.0000000000
47414  39.291  -16.832  80.033 0.0000000000
48313  39.731  -16.651  78.872 0.0000000000
47440  38.377  -17.306  77.876 0.0000000000
47451  37.806  -17.645  76.575 0.0000000000
46466  37.172  -18.284  75.275 0.0000000000
46487  36.710  -18.777  73.937 0.0000000000
46467  36.440  -18.743  74.870 0.0000000000
45512  35.325  -19.466  74.442 0.0000000000
102349  34.120  -20.450  74.343 0.0000000000
45490  34.185  -19.541  76.551 0.0000000000
44481  33.937  -20.231  75.199 0.0000000000
44482  33.468  -21.028  74.786 0.0000000000
42751  33.193  -22.433  74.412 0.0000000000
41791  32.819  -23.874  74.235 0.0000000000
40888  32.689  -24.664  74.572 0.0000000000
38212  31.560  -27.011  81.228 0.0000000000
38221  31.497  -27.347  80.786 0.0000000000
37405  30.162  -28.198  80.479 0.0000000000
36482  30.253  -28.976  80.458 0.0000000000
36481  30.860  -29.577  80.400 0.0000000000
115837  30.340  -30.749  81.115 0.0000000000
35535  31.293  -30.834  81.427 0.0000000000
52180  53.394  -12.478  57.740 0.0000000000
52188  53.308  -12.684  57.161 0.0000000000
52182  51.993  -12.727  57.360 0.0000000000
52191  50.867  -12.804  56.763 0.0000000000
51260  49.378  -13.249  55.211 0.0000000000
51253  48.565  -13.410  56.478 0.0000000000
51261  48.578  -13.547  55.483 0.0000000000
38240  25.003  -26.934  78.104 0.0000000000
38264  24.505  -27.478  76.721 0.0000000000
38278  23.827  -27.858  74.907 0.0000000000
37431  22.990  -28.856  77.030 0.0000000000
37464  23.231  -28.376  74.504 0.0000000000
48236  34.729  -15.928  84.838 0.0000000000
48249  34.883  -16.374  84.463 0.0000000000
46383  34.631  -18.136  83.648 0.0000000000
45429  34.583  -19.350  82.788 0.0000000000
45439  34.336  -19.717  81.737 0.0000000000
44401  34.938  -20.452  82.739 0.0000000000
102279  35.652  -22.353  82.951 0.0000000000
42620  35.769  -23.057  82.934 0.0000000000
42596  35.615  -22.442  84.002 0.0000000000
41640  35.755  -23.620  83.338 0.0000000000
105403  35.678  -24.408  82.675 0.0000000000
39824  35.255  -25.319  82.892 0.0000000000
39839  34.292  -25.834  82.649 0.0000000000
105821  32.977  -26.126  82.056 0.0000000000
41606  31.479  -23.258  86.391 0.0000000000
110553  32.059  -23.558  85.953 0.0000000000
112947  32.878  -23.406  83.913 0.0000000000
41654  30.709  -23.254  82.535 0.0000000000
41653  31.700  -23.251  82.737 0.0000000000
41651  33.230  -23.777  83.120 0.0000000000
40770  32.960  -24.039  82.316 0.0000000000
39856  32.760  -25.089  81.928 0.0000000000
38999  31.880  -26.694  81.434 0.0000000000
39013  30.599  -27.189  80.661 0.0000000000
38233  29.988  -27.310  80.061 0.0000000000
101741  29.523  -27.482  79.015 0.0000000000
39907  30.050  -25.583  77.854 0.0000000000
113502  29.326  -27.311  77.915 0.0000000000
37420  28.768  -28.972  78.783 0.0000000000
36508  28.750  -29.458  78.125 0.0000000000
51204  44.680  -14.005  60.776 0.0000000000
51232  44.415  -13.891  59.790 0.0000000000
108469  43.549  -14.389  59.794 0.0000000000
111727  41.431  -16.968  60.178 0.0000000000
46691  42.032  -17.953  59.747 0.0000000000
44631  39.636  -19.783  64.145 0.0000000000
38149  24.689  -27.102  88.537 0.0000000000
37337  24.736  -28.427  87.936 0.0000000000
36419  24.142  -29.952  86.230 0.0000000000
35471  23.244  -30.309  86.641 0.0000000000
35482  23.502  -30.191  85.451 0.0000000000
35495  22.343  -30.483  83.665 0.0000000000
35509  21.333  -30.708  82.682 0.0000000000
35510  20.384  -30.754  82.252 0.0000000000
35476  19.070  -30.292  85.850 0.0000000000
118731  19.584  -30.652  84.222 0.0000000000
113228  19.449  -30.641  82.255 0.0000000000
112789  19.313  -30.671  81.231 0.0000000000
35557  18.329  -30.436  79.793 0.0000000000
53097  55.043  -11.481  58.752 0.0000000000
53098  54.154  -11.575  59.007 0.0000000000
52152  52.558  -11.905  58.934 0.0000000000
52153  51.804  -11.869  59.431 0.0000000000
53060  54.328  -10.896  61.656 0.0000000000
53076  52.524  -11.473  60.715 0.0000000000
52154  50.284  -12.250  59.596 0.0000000000
52139  49.648  -12.290  60.279 0.0000000000
52140  48.247  -12.548  60.412 0.0000000000
52127  47.681  -12.766  61.185 0.0000000000
52085  49.975  -12.482  62.909 0.0000000000
51200  47.996  -12.906  62.055 0.0000000000
51202  46.300  -13.426  61.527 0.0000000000
51186  45.722  -13.876  62.081 0.0000000000
50264  45.192  -14.356  62.660 0.0000000000
49350  44.106  -15.038  63.202 0.0000000000
109762  46.258  -14.541  64.782 0.0000000000
50236  45.117  -14.801  64.143 0.0000000000
49342  43.685  -15.386  63.670 0.0000000000
49333  43.119  -15.727  64.272 0.0000000000
103516  42.284  -16.266  65.267 0.0000000000
48435  41.788  -16.590  65.885 0.0000000000
51100  49.003  -13.648  68.632 0.0000000000
50201  47.381  -14.211  68.001 0.0000000000
50202  46.450  -14.503  67.560 0.0000000000
51089  46.255  -13.765  69.886 0.0000000000
110486  45.310  -14.462  68.685 0.0000000000
49308  44.680  -15.011  67.401 0.0000000000
49309  43.920  -15.366  67.236 0.0000000000
102830  42.258  -16.040  66.793 0.0000000000
47563  40.944  -17.121  66.300 0.0000000000
47550  40.418  -17.677  67.552 0.0000000000
111592  40.525  -17.773  68.370 0.0000000000
99150  41.104  -16.894  69.872 0.0000000000
115684  40.849  -17.634  69.745 0.0000000000
51937  46.076  -12.399  74.666 0.0000000000
51013  45.694  -13.316  74.887 0.0000000000
50070  45.264  -14.362  78.045 0.0000000000
48322  42.576  -16.063  77.597 0.0000000000
49197  44.726  -15.315  77.950 0.0000000000
49196  45.404  -15.007  77.468 0.0000000000
109893  45.737  -14.978  75.903 0.0000000000
49225  45.265  -15.111  75.157 0.0000000000
50118  44.401  -13.940  73.906 0.0000000000
49234  43.696  -15.941  73.542 0.0000000000
48368  43.646  -16.897  73.331 0.0000000000
47497  43.385  -18.289  72.467 0.0000000000
46461  43.293  -18.457  74.008 0.0000000000
46480  43.432  -18.788  73.344 0.0000000000
46520  43.382  -18.966  72.055 0.0000000000
45562  43.415  -19.730  72.089 0.0000000000
44518  39.335  -20.917  71.124 0.0000000000
43636  39.152  -21.758  71.299 0.0000000000
45548  36.550  -19.353  72.484 0.0000000000
44522  35.749  -20.410  71.201 0.0000000000
44538  36.189  -20.903  70.646 0.0000000000
42814  34.157  -22.142  70.776 0.0000000000
43657  34.988  -21.904  70.552 0.0000000000
43549  34.458  -21.411  80.640 0.0000000000
105388  34.200  -21.954  79.448 0.0000000000
42686  33.986  -22.379  78.608 0.0000000000
108979  34.669  -23.996  79.608 0.0000000000
41715  34.014  -23.456  78.343 0.0000000000
111475  33.772  -22.855  77.774 0.0000000000
40875  33.361  -24.099  76.012 0.0000000000
40860  33.035  -24.884  75.612 0.0000000000
39115  32.220  -26.202  74.202 0.0000000000
38231  31.657  -27.716  79.922 0.0000000000
38230  32.619  -27.271  79.156 0.0000000000
38238  32.439  -27.581  78.036 0.0000000000
36494  32.121  -29.701  77.534 0.0000000000
117180  32.250  -28.233  77.419 0.0000000000
38245  32.528  -27.647  77.086 0.0000000000
99681  32.382  -27.132  75.627 0.0000000000
39104  32.110  -27.128  74.568 0.0000000000
52198  53.270  -12.429  55.973 0.0000000000
53128  53.050  -11.930  54.238 0.0000000000
52232  52.911  -12.599  52.985 0.0000000000
107635  44.811  -13.955  58.300 0.0000000000
46389  34.482  -18.292  82.791 0.0000000000
47389  34.737  -17.507  82.292 0.0000000000
46395  34.504  -18.122  81.730 0.0000000000
46402  34.276  -18.728  81.086 0.0000000000
111226  45.918  -13.384  59.917 0.0000000000
39892  26.687  -25.321  79.083 0.0000000000
103348  26.055  -25.877  78.827 0.0000000000
35556  20.774  -30.655  79.734 0.0000000000
107141  20.106  -30.650  79.094 0.0000000000
35541  19.949  -30.824  80.045 0.0000000000
118146  30.595  -19.942  87.353 0.0000000000
45361  30.470  -19.505  87.344 0.0000000000
44353  31.539  -20.156  86.924 0.0000000000
43465  31.281  -21.899  87.059 0.0000000000
39908  27.419  -24.754  78.481 0.0000000000
47574  40.874  -17.183  65.395 0.0000000000
110004  40.140  -17.906  64.915 0.0000000000
51099  50.917  -13.301  68.566 0.0000000000
47475  38.758  -17.672  75.039 0.0000000000
46486  37.502  -18.520  73.692 0.0000000000
46504  37.863  -18.722  72.726 0.0000000000
38998  32.745  -26.659  81.692 0.0000000000
39011  32.287  -27.016  81.242 0.0000000000
52179  55.294  -12.198  57.520 0.0000000000
52187  55.247  -12.508  56.842 0.0000000000
38978  26.042  -25.983  83.891 0.0000000000
38971  25.855  -26.668  84.289 0.0000000000
36429  24.526  -29.430  84.270 0.0000000000
36439  23.921  -29.720  83.625 0.0000000000
42563  27.679  -22.396  88.148 0.0000000000
49125  38.960  -15.006  83.073 0.0000000000
110826  39.341  -15.449  82.628 0.0000000000
108068  39.816  -15.071  82.517 0.0000000000
46415  35.734  -18.079  78.379 0.0000000000
46414  37.351  -17.663  78.637 0.0000000000
46426  36.651  -17.959  78.075 0.0000000000
119532  36.714  -18.024  77.494 0.0000000000
100603  33.405  -21.212  77.108 0.0000000000
43577  33.314  -21.910  76.645 0.0000000000
42705  33.522  -22.731  76.985 0.0000000000
37413  29.371  -28.959  80.065 0.0000000000
37407  29.672  -29.348  80.459 0.0000000000
36483  29.346  -29.644  80.117 0.0000000000
118334  50.867  -12.796  57.879 0.0000000000
111856  24.102  -28.315  78.377 0.0000000000
111749  23.636  -28.744  78.633 0.0000000000
114213  21.256  -29.312  74.804 0.0000000000
45390  34.466  -19.763  84.949 0.0000000000
100705  34.266  -18.993  85.176 0.0000000000
45404  34.607  -19.126  84.518 0.0000000000
44379  35.268  -20.765  84.022 0.0000000000
99953  33.866  -23.672  84.619 0.0000000000
40758  34.596  -24.776  83.586 0.0000000000
41682  30.734  -23.634  80.092 0.0000000000
40808  30.848  -24.504  79.134 0.0000000000
38275  28.772  -26.926  75.397 0.0000000000
37450  28.580  -27.786  75.583 0.0000000000
49359  42.508  -15.507  61.489 0.0000000000
35454  21.456  -30.469  87.578 0.0000000000
35474  21.124  -30.700  85.410 0.0000000000
35475  20.163  -30.462  85.920 0.0000000000
111158  17.352  -29.952  82.063 0.0000000000
35514  16.626  -29.763  82.565 0.0000000000
53916  54.953  -10.461  61.217 0.0000000000
53901  55.368  -9.981  61.716 0.0000000000
53046  52.908  -11.486  62.963 0.0000000000
53047  52.238  -11.621  62.469 0.0000000000
101072  51.467  -11.913  62.871 0.0000000000
50233  48.209  -13.737  64.157 0.0000000000
49317  45.239  -15.002  66.196 0.0000000000
105475  44.511  -15.321  65.963 0.0000000000
49307  45.137  -14.898  66.905 0.0000000000
49283  43.116  -15.175  68.766 0.0000000000
112797  41.945  -15.915  68.430 0.0000000000
48396  42.157  -15.544  69.154 0.0000000000
47507  42.135  -17.527  71.628 0.0000000000
46521  42.576  -18.455  71.536 0.0000000000
47458  43.781  -17.334  75.126 0.0000000000
47457  44.304  -16.821  75.496 0.0000000000
47472  43.311  -17.771  74.654 0.0000000000
111896  40.444  -19.038  72.565 0.0000000000
104042  41.195  -19.729  72.600 0.0000000000
44504  42.281  -20.410  72.587 0.0000000000
43654  37.806  -21.573  70.740 0.0000000000
42831  37.346  -22.069  70.768 0.0000000000
44507  34.667  -20.569  72.437 0.0000000000
107782  33.380  -26.285  78.344 0.0000000000
39949  33.335  -25.550  77.069 0.0000000000
51266  50.337  -13.157  53.959 0.0000000000
39789  25.630  -25.808  86.681 0.0000000000
38159  25.496  -27.371  87.976 0.0000000000
38171  25.900  -27.670  87.075 0.0000000000
49127  35.421  -15.949  84.032 0.0000000000
49126  36.024  -15.125  83.993 0.0000000000
48261  35.399  -16.383  83.483 0.0000000000
113021  35.865  -16.236  82.857 0.0000000000
47396  37.294  -16.610  81.804 0.0000000000
109133  36.417  -16.920  81.338 0.0000000000
46408  35.836  -17.744  79.181 0.0000000000
110935  34.383  -18.726  78.900 0.0000000000
44450  33.816  -20.413  79.183 0.0000000000
44451  33.711  -20.513  78.361 0.0000000000
35586  29.013  -29.958  78.518 0.0000000000
35568  29.272  -30.127  79.639 0.0000000000
52172  48.624  -12.867  58.481 0.0000000000
51228  47.880  -12.984  58.797 0.0000000000
51240  46.261  -13.566  58.039 0.0000000000
51239  47.159  -13.352  58.207 0.0000000000
50304  45.187  -14.559  56.883 0.0000000000
39973  27.844  -25.783  75.208 0.0000000000
39974  27.124  -25.572  75.487 0.0000000000
39091  26.232  -25.792  75.878 0.0000000000
39108  25.606  -26.286  75.347 0.0000000000
101098  22.986  -29.461  79.770 0.0000000000
36486  22.433  -29.665  79.201 0.0000000000
36500  21.024  -30.070  78.196 0.0000000000
36510  21.771  -29.685  77.857 0.0000000000
36518  20.491  -29.793  76.249 0.0000000000
35587  20.075  -30.239  77.012 0.0000000000
35602  19.704  -30.160  76.110 0.0000000000
117703  18.873  -30.635  78.042 0.0000000000
100754  17.972  -30.487  77.004 0.0000000000
35572  18.046  -30.374  77.848 0.0000000000
47346  31.535  -17.558  86.555 0.0000000000
45378  32.037  -19.752  86.552 0.0000000000
111927  32.262  -19.095  86.416 0.0000000000
45377  32.898  -19.854  85.833 0.0000000000
45391  33.984  -19.323  85.420 0.0000000000
42571  32.472  -22.672  86.371 0.0000000000
42570  33.427  -22.335  85.927 0.0000000000
42584  33.076  -23.104  85.928 0.0000000000
41617  33.645  -23.457  85.252 0.0000000000
41618  32.745  -23.401  85.795 0.0000000000
40771  28.254  -24.048  82.245 0.0000000000
41656  28.953  -23.890  82.849 0.0000000000
103375  28.387  -23.930  79.985 0.0000000000
40810  29.274  -23.643  79.684 0.0000000000
39928  27.553  -24.843  77.546 0.0000000000
114012  28.479  -24.777  77.080 0.0000000000
47599  41.434  -16.672  63.094 0.0000000000
117184  40.928  -17.184  63.067 0.0000000000
46632  39.971  -18.514  63.376 0.0000000000
44642  40.821  -19.703  62.123 0.0000000000
45710  40.271  -19.393  62.542 0.0000000000
106934  15.309  -29.476  85.049 0.0000000000
35479  15.942  -29.708  84.923 0.0000000000
36431  15.402  -29.538  84.410 0.0000000000
36440  15.491  -29.534  83.609 0.0000000000
36441  14.895  -29.354  83.982 0.0000000000
50210  49.318  -14.004  66.097 0.0000000000
50200  47.925  -14.275  67.224 0.0000000000
51982  46.575  -12.294  71.680 0.0000000000
114377  44.917  -13.518  70.809 0.0000000000
98860  44.069  -14.307  70.055 0.0000000000
50161  43.428  -14.186  70.740 0.0000000000
102829  42.965  -14.324  71.393 0.0000000000
50134  42.699  -15.137  72.454 0.0000000000
50148  42.508  -14.903  71.718 0.0000000000
114590  39.790  -16.839  76.979 0.0000000000
112541  40.516  -16.554  77.173 0.0000000000
118320  40.058  -17.055  75.746 0.0000000000
48344  41.885  -16.915  75.689 0.0000000000
46484  39.544  -18.365  73.234 0.0000000000
47486  40.236  -18.071  73.848 0.0000000000
116751  40.056  -18.664  72.772 0.0000000000
45547  37.325  -19.178  72.175 0.0000000000
42772  32.887  -23.115  72.930 0.0000000000
42791  33.212  -22.418  72.530 0.0000000000
40022  33.235  -25.367  71.197 0.0000000000
40027  33.675  -24.761  70.779 0.0000000000
39870  34.737  -26.022  81.174 0.0000000000
52197  55.207  -12.386  56.026 0.0000000000
52207  54.539  -11.950  55.035 0.0000000000
52206  55.736  -11.976  54.963 0.0000000000
38213  25.016  -27.670  81.518 0.0000000000
116798  25.700  -27.717  84.967 0.0000000000
37379  25.347  -28.315  83.919 0.0000000000
37391  24.535  -28.871  82.652 0.0000000000
37400  24.258  -28.821  81.795 0.0000000000
37408  24.156  -28.698  80.963 0.0000000000
36456  23.771  -29.182  81.359 0.0000000000
36448  22.941  -29.992  82.190 0.0000000000
112651  22.699  -30.010  81.464 0.0000000000
118574  21.989  -30.420  81.458 0.0000000000
104471  28.775  -21.766  87.741 0.0000000000
44337  28.880  -21.165  87.444 0.0000000000
44336  29.502  -20.864  87.370 0.0000000000
43467  29.601  -21.520  87.503 0.0000000000
42560  29.952  -22.188  87.322 0.0000000000
41621  29.748  -23.419  86.127 0.0000000000
41622  29.001  -23.455  86.166 0.0000000000
40712  26.992  -23.603  87.520 0.0000000000
40724  27.321  -24.032  86.539 0.0000000000
40736  27.569  -24.299  85.616 0.0000000000
40748  27.754  -24.409  84.712 0.0000000000
104023  28.066  -24.354  83.992 0.0000000000
113640  27.584  -24.612  84.059 0.0000000000
39842  26.420  -25.478  82.379 0.0000000000
39841  26.945  -24.988  82.732 0.0000000000
115998  26.558  -25.293  81.614 0.0000000000
46592  39.553  -18.895  66.451 0.0000000000
51965  47.887  -10.917  72.275 0.0000000000
52913  47.170  -10.771  73.258 0.0000000000
51966  46.535  -11.414  73.419 0.0000000000
118059  36.926  -14.641  83.680 0.0000000000
48289  40.458  -16.381  81.050 0.0000000000
104429  40.585  -16.509  80.432 0.0000000000
47403  39.916  -16.716  80.239 0.0000000000
47406  38.227  -17.180  80.372 0.0000000000
47415  38.584  -17.171  79.646 0.0000000000
47429  39.054  -16.897  79.277 0.0000000000
47439  38.991  -16.905  78.342 0.0000000000
99678  37.138  -18.049  76.186 0.0000000000
45499  35.108  -19.253  75.204 0.0000000000
45513  34.607  -19.785  74.791 0.0000000000
45479  34.192  -19.279  77.473 0.0000000000
100867  34.679  -18.988  76.999 0.0000000000
44472  33.466  -20.721  75.687 0.0000000000
43602  33.374  -21.739  74.110 0.0000000000
119146  33.240  -21.759  74.817 0.0000000000
41765  33.308  -23.265  75.627 0.0000000000
41790  33.127  -23.174  74.771 0.0000000000
38222  30.767  -27.444  80.699 0.0000000000
36468  30.464  -30.173  80.965 0.0000000000
34643  29.653  -30.444  80.250 0.0000000000
34631  30.060  -30.657  80.897 0.0000000000
35520  31.322  -31.111  81.543 0.0000000000
105546  31.991  -31.237  81.602 0.0000000000
52181  52.593  -12.684  57.545 0.0000000000
51244  50.437  -12.919  57.353 0.0000000000
51251  50.080  -12.854  56.011 0.0000000000
39128  27.199  -26.762  73.598 0.0000000000
38303  27.548  -27.501  73.583 0.0000000000
38304  27.064  -27.213  73.096 0.0000000000
39049  25.512  -26.473  78.702 0.0000000000
110556  24.014  -27.863  75.982 0.0000000000
38277  24.379  -27.342  75.159 0.0000000000
36509  22.473  -29.285  77.516 0.0000000000
36540  21.818  -29.019  74.556 0.0000000000
37452  22.558  -28.668  75.061 0.0000000000
37465  22.399  -28.771  73.950 0.0000000000
48227  32.633  -16.834  86.107 0.0000000000
119069  32.971  -16.447  85.924 0.0000000000
47360  34.188  -17.166  85.070 0.0000000000
48237  34.074  -16.183  85.281 0.0000000000
45416  34.867  -19.469  83.915 0.0000000000
46382  34.679  -18.345  83.960 0.0000000000
45417  34.709  -18.992  83.613 0.0000000000
43515  35.521  -21.712  83.725 0.0000000000
43524  35.539  -21.734  83.309 0.0000000000
42581  35.227  -22.095  84.618 0.0000000000
42597  35.252  -23.033  84.600 0.0000000000
40744  35.496  -24.285  83.867 0.0000000000
104686  35.685  -24.339  83.198 0.0000000000
40768  35.554  -24.936  82.830 0.0000000000
114797  34.291  -25.247  83.047 0.0000000000
38987  33.558  -26.274  82.195 0.0000000000
119079  31.024  -22.960  86.700 0.0000000000
41619  31.257  -23.569  86.048 0.0000000000
41632  31.855  -23.628  85.234 0.0000000000
41642  31.836  -23.354  83.881 0.0000000000
41652  32.524  -23.498  82.793 0.0000000000
110872  32.094  -25.082  81.280 0.0000000000
39857  32.326  -26.177  81.668 0.0000000000
39871  31.661  -26.255  81.280 0.0000000000
39872  31.134  -26.335  80.762 0.0000000000
39068  29.681  -25.924  77.115 0.0000000000
38239  29.014  -28.144  78.365 0.0000000000
37428  28.690  -28.697  77.715 0.0000000000
118954  43.939  -14.227  60.451 0.0000000000
49368  42.499  -15.456  60.182 0.0000000000
50288  42.976  -14.924  59.801 0.0000000000
47622  40.916  -17.130  61.583 0.0000000000
48484  41.437  -16.512  61.035 0.0000000000
103368  41.096  -17.176  60.911 0.0000000000
46692  41.551  -17.617  60.019 0.0000000000
107786  42.738  -18.295  59.592 0.0000000000
45679  39.514  -19.710  64.964 0.0000000000
119580  39.547  -19.371  64.430 0.0000000000
44616  39.873  -20.296  64.575 0.0000000000
38941  24.231  -26.362  88.624 0.0000000000
37327  24.444  -27.900  88.231 0.0000000000
36401  24.282  -29.183  87.584 0.0000000000
36409  24.632  -29.493  86.742 0.0000000000
36410  23.871  -29.843  87.246 0.0000000000
35483  22.762  -30.410  84.581 0.0000000000
99774  20.758  -30.831  83.930 0.0000000000
35496  21.478  -30.747  83.600 0.0000000000
35477  17.641  -30.141  85.501 0.0000000000
35467  17.803  -30.050  86.379 0.0000000000
103217  18.310  -30.203  85.851 0.0000000000
35486  19.401  -30.532  84.970 0.0000000000
35498  18.883  -30.549  84.228 0.0000000000
100856  18.762  -30.469  82.177 0.0000000000
35511  18.970  -30.609  82.868 0.0000000000
116818  19.188  -30.583  81.724 0.0000000000
35542  19.086  -30.651  80.534 0.0000000000
35543  17.668  -30.061  80.355 0.0000000000
53085  55.496  -10.890  59.254 0.0000000000
53086  54.761  -11.146  59.620 0.0000000000
53074  54.386  -10.939  60.577 0.0000000000
53087  53.345  -11.586  59.391 0.0000000000
53088  52.562  -11.581  59.831 0.0000000000
53902  54.965  -10.427  62.253 0.0000000000
110936  53.874  -11.157  62.243 0.0000000000
53077  51.661  -11.613  60.885 0.0000000000
52137  51.113  -11.891  60.091 0.0000000000
102181  50.358  -12.125  60.586 0.0000000000
115068  49.032  -12.387  60.797 0.0000000000
52126  48.482  -12.571  61.376 0.0000000000
111026  50.808  -12.364  63.382 0.0000000000
51183  48.369  -13.083  62.868 0.0000000000
51201  47.152  -13.176  61.828 0.0000000000
51185  46.555  -13.621  62.441 0.0000000000
118217  46.149  -14.285  63.677 0.0000000000
50263  45.978  -14.077  62.976 0.0000000000
50265  44.239  -14.710  62.362 0.0000000000
50250  44.758  -14.737  63.318 0.0000000000
50222  47.624  -14.340  65.393 0.0000000000
50234  47.026  -14.461  64.963 0.0000000000
49341  44.410  -15.128  63.952 0.0000000000
49332  44.006  -15.407  64.502 0.0000000000
49325  43.652  -15.557  65.752 0.0000000000
49326  42.949  -15.826  65.137 0.0000000000
105609  50.125  -13.357  69.005 0.0000000000
51086  49.041  -13.285  69.492 0.0000000000
51101  48.077  -13.734  68.764 0.0000000000
50188  46.621  -14.240  68.394 0.0000000000
51074  45.759  -13.580  70.438 0.0000000000
50175  45.556  -14.092  69.640 0.0000000000
50189  44.443  -14.763  68.642 0.0000000000
50204  44.813  -14.809  68.059 0.0000000000
50203  45.457  -14.701  67.659 0.0000000000
48425  42.146  -15.996  67.733 0.0000000000
111305  41.543  -16.686  66.717 0.0000000000
47549  40.963  -17.129  67.130 0.0000000000
47533  41.018  -17.138  67.942 0.0000000000
117627  40.309  -18.469  68.625 0.0000000000
47534  40.581  -18.060  69.200 0.0000000000
48397  41.451  -16.045  70.013 0.0000000000
47517  41.203  -17.732  70.458 0.0000000000
47524  40.884  -18.436  70.046 0.0000000000
51921  46.410  -12.534  75.939 0.0000000000
51012  46.246  -12.887  75.503 0.0000000000
49177  43.881  -14.786  79.042 0.0000000000
50071  44.563  -14.394  78.618 0.0000000000
49186  44.312  -15.056  78.571 0.0000000000
48320  44.286  -15.652  77.385 0.0000000000
49208  44.947  -15.517  77.228 0.0000000000
50087  45.939  -14.547  76.593 0.0000000000
48331  45.341  -15.514  76.486 0.0000000000
50104  45.174  -14.204  74.669 0.0000000000
110263  44.635  -15.032  74.430 0.0000000000
50119  43.939  -14.916  73.733 0.0000000000
49233  44.277  -15.943  74.169 0.0000000000
47485  43.867  -17.680  73.622 0.0000000000
110782  43.456  -17.520  72.892 0.0000000000
47496  43.632  -18.317  73.098 0.0000000000
45526  43.325  -19.304  72.998 0.0000000000
46501  43.504  -18.889  72.694 0.0000000000
45542  43.404  -19.357  72.432 0.0000000000
44516  42.563  -21.057  72.226 0.0000000000
43637  38.140  -21.900  70.979 0.0000000000
42813  38.454  -22.322  71.588 0.0000000000
45511  36.020  -19.151  74.194 0.0000000000
45530  36.277  -19.223  73.360 0.0000000000
43638  35.356  -21.135  70.735 0.0000000000
42815  33.460  -22.337  71.523 0.0000000000
43640  33.990  -21.695  71.353 0.0000000000
41869  35.132  -23.356  70.456 0.0000000000
42833  35.510  -22.502  70.490 0.0000000000
44413  34.675  -20.800  81.996 0.0000000000
44426  34.349  -20.579  81.082 0.0000000000
100682  34.556  -22.095  80.206 0.0000000000
40825  33.885  -24.365  78.224 0.0000000000
41716  33.687  -23.681  77.437 0.0000000000
41744  33.485  -23.415  76.477 0.0000000000
112056  33.511  -24.167  76.777 0.0000000000
39971  32.566  -25.511  74.882 0.0000000000
110868  32.427  -26.352  75.205 0.0000000000
38220  32.459  -27.208  80.432 0.0000000000
118772  32.000  -29.943  78.136 0.0000000000
37437  32.291  -29.324  76.151 0.0000000000
105074  32.080  -29.047  77.256 0.0000000000
110188  32.280  -28.440  76.666 0.0000000000
101544  32.710  -26.925  76.681 0.0000000000
38260  32.368  -27.827  76.188 0.0000000000
37461  32.008  -28.821  74.196 0.0000000000
38274  32.016  -28.150  75.048 0.0000000000
100038  53.100  -12.650  56.702 0.0000000000
52218  52.356  -12.167  53.908 0.0000000000
115915  53.289  -12.107  53.352 0.0000000000
50295  43.831  -14.205  59.002 0.0000000000
51242  44.638  -13.845  58.842 0.0000000000
50300  44.269  -14.318  58.205 0.0000000000
38948  25.179  -26.603  88.254 0.0000000000
38148  25.122  -27.076  88.479 0.0000000000
118270  34.909  -16.918  83.585 0.0000000000
107628  35.352  -17.076  81.806 0.0000000000
45457  34.386  -18.512  79.912 0.0000000000
52141  47.656  -12.800  59.676 0.0000000000
51229  47.017  -13.126  59.089 0.0000000000
51241  45.485  -13.641  58.445 0.0000000000
39954  26.948  -25.409  76.322 0.0000000000
39929  26.759  -25.367  77.243 0.0000000000
35555  21.654  -30.205  79.578 0.0000000000
35569  20.977  -30.403  78.953 0.0000000000
114733  19.971  -30.629  78.346 0.0000000000
115551  19.376  -30.673  78.588 0.0000000000
46332  30.931  -18.890  87.316 0.0000000000
46349  31.476  -18.261  86.847 0.0000000000
44352  32.239  -20.689  86.342 0.0000000000
108513  27.459  -24.489  80.835 0.0000000000
40793  27.682  -24.391  80.189 0.0000000000
115520  28.012  -24.266  79.545 0.0000000000
40811  28.141  -24.355  78.818 0.0000000000
47588  41.008  -17.134  63.782 0.0000000000
47589  40.305  -17.806  63.957 0.0000000000
46618  39.643  -19.124  63.901 0.0000000000
50199  49.603  -13.986  67.022 0.0000000000
50133  43.181  -14.935  73.046 0.0000000000
47450  38.649  -17.439  76.101 0.0000000000
47449  39.428  -17.103  76.360 0.0000000000
99583  39.724  -17.677  74.527 0.0000000000
39009  34.238  -26.453  81.558 0.0000000000
53110  56.867  -11.688  57.193 0.0000000000
118921  25.951  -26.173  82.295 0.0000000000
38989  25.679  -26.833  82.727 0.0000000000
36447  23.533  -29.735  82.752 0.0000000000
35507  22.691  -30.213  82.914 0.0000000000
44338  28.132  -21.777  87.878 0.0000000000
42562  28.582  -22.318  87.822 0.0000000000
40737  26.800  -24.739  85.840 0.0000000000
111840  38.032  -14.910  83.300 0.0000000000
50002  39.139  -14.238  83.183 0.0000000000
49153  40.387  -15.331  81.885 0.0000000000
48279  40.163  -16.120  81.629 0.0000000000
48290  39.881  -16.554  81.195 0.0000000000
47417  36.876  -17.558  79.336 0.0000000000
47416  37.795  -17.432  79.510 0.0000000000
99983  37.885  -17.583  78.277 0.0000000000
46438  35.860  -18.639  76.230 0.0000000000
45489  35.005  -19.005  76.128 0.0000000000
43584  33.281  -21.219  76.217 0.0000000000
98819  51.822  -12.311  58.614 0.0000000000
52169  51.783  -12.713  57.885 0.0000000000
51255  46.919  -13.858  56.705 0.0000000000
51254  47.742  -13.604  56.611 0.0000000000
39130  26.023  -26.556  73.472 0.0000000000
38241  24.530  -27.798  78.667 0.0000000000
36517  21.368  -29.462  76.394 0.0000000000
111758  33.869  -17.601  85.372 0.0000000000
46362  34.429  -17.554  84.679 0.0000000000
99446  34.677  -19.026  84.191 0.0000000000
110513  35.129  -20.225  83.869 0.0000000000
41616  34.559  -23.403  84.905 0.0000000000
115698  35.088  -24.340  84.270 0.0000000000
40757  35.110  -24.694  83.818 0.0000000000
41620  30.462  -23.481  86.118 0.0000000000
41667  30.580  -23.263  81.517 0.0000000000
41666  31.380  -23.598  80.944 0.0000000000
40791  31.707  -24.176  80.584 0.0000000000
39890  31.126  -25.256  79.733 0.0000000000
39951  29.343  -25.570  76.733 0.0000000000
39089  29.302  -26.192  76.444 0.0000000000
37438  28.626  -28.335  76.622 0.0000000000
103270  28.258  -28.988  75.868 0.0000000000
49367  42.682  -15.263  60.966 0.0000000000
49369  41.879  -16.219  60.184 0.0000000000
45734  40.952  -18.517  61.021 0.0000000000
35464  21.958  -30.649  86.936 0.0000000000
35473  21.892  -30.765  86.002 0.0000000000
100963  21.942  -30.699  85.048 0.0000000000
35478  16.810  -29.969  85.192 0.0000000000
35488  17.556  -30.194  84.597 0.0000000000
106023  18.175  -30.414  84.162 0.0000000000
35512  18.230  -30.397  82.810 0.0000000000
103446  18.078  -30.198  81.998 0.0000000000
117490  18.191  -30.230  81.386 0.0000000000
53926  55.170  -10.619  60.203 0.0000000000
118226  53.890  -11.076  61.022 0.0000000000
104857  53.117  -11.405  62.291 0.0000000000
52106  49.739  -12.346  62.045 0.0000000000
52084  50.112  -12.881  63.798 0.0000000000
116133  48.626  -13.341  63.553 0.0000000000
108254  48.053  -13.469  63.397 0.0000000000
99481  46.592  -14.343  64.243 0.0000000000
98790  46.238  -14.624  65.387 0.0000000000
118114  45.581  -14.837  65.649 0.0000000000
102408  44.291  -15.376  65.260 0.0000000000
113321  44.025  -15.421  66.441 0.0000000000
51088  46.920  -13.606  69.747 0.0000000000
49297  43.487  -15.347  68.034 0.0000000000
50997  46.330  -13.387  75.978 0.0000000000
48287  42.034  -15.558  80.213 0.0000000000
49165  42.788  -15.027  80.090 0.0000000000
49179  42.848  -15.354  79.594 0.0000000000
49188  43.103  -15.546  79.063 0.0000000000
118042  43.503  -15.459  78.708 0.0000000000
48334  43.220  -16.346  76.629 0.0000000000
111257  44.383  -16.478  76.140 0.0000000000
48341  44.833  -16.300  75.898 0.0000000000
48354  44.658  -16.540  75.190 0.0000000000
48362  44.400  -16.690  74.500 0.0000000000
47484  44.131  -17.318  74.190 0.0000000000
46482  42.001  -19.113  73.491 0.0000000000
44517  41.330  -21.333  72.019 0.0000000000
99992  40.200  -21.492  71.524 0.0000000000
44491  35.124  -20.059  73.078 0.0000000000
40917  34.097  -24.266  70.524 0.0000000000
41870  34.259  -23.584  70.477 0.0000000000
42633  35.386  -22.453  82.185 0.0000000000
42648  34.950  -22.859  80.564 0.0000000000
41680  34.816  -23.454  80.035 0.0000000000
40806  34.029  -24.973  78.908 0.0000000000
39088  32.650  -26.459  76.028 0.0000000000
37417  31.263  -28.473  79.687 0.0000000000
35599  32.818  -30.342  76.645 0.0000000000
52200  51.629  -12.451  55.510 0.0000000000
49381  42.919  -15.402  58.617 0.0000000000
50306  43.899  -14.906  57.818 0.0000000000
49385  43.421  -15.454  57.943 0.0000000000
107446  25.741  -26.969  85.099 0.0000000000
117355  25.781  -27.898  85.774 0.0000000000
37358  25.520  -28.744  85.552 0.0000000000
36417  25.006  -29.299  85.304 0.0000000000
40713  26.185  -23.879  87.782 0.0000000000
39788  26.142  -25.209  86.175 0.0000000000
49116  35.462  -14.849  84.531 0.0000000000
48259  36.981  -15.261  83.285 0.0000000000
49139  37.924  -15.648  82.745 0.0000000000
48270  38.702  -16.131  82.314 0.0000000000
48281  39.050  -16.429  81.774 0.0000000000
48282  38.324  -16.600  81.729 0.0000000000
98796  37.667  -17.053  81.075 0.0000000000
45468  33.809  -19.812  77.913 0.0000000000
43570  33.638  -21.331  78.022 0.0000000000
34642  30.051  -30.955  80.094 0.0000000000
34656  30.296  -31.224  79.041 0.0000000000
52171  49.422  -12.635  58.647 0.0000000000
51247  47.536  -13.483  57.395 0.0000000000
39105  28.321  -26.421  75.078 0.0000000000
39106  27.718  -26.158  74.702 0.0000000000
39117  27.108  -26.140  74.232 0.0000000000
39107  26.546  -25.824  74.968 0.0000000000
38305  25.318  -26.826  73.795 0.0000000000
38290  24.510  -27.354  74.298 0.0000000000
37415  23.574  -28.995  79.637 0.0000000000
113003  21.772  -29.481  77.142 0.0000000000
117053  18.896  -30.526  76.631 0.0000000000
46348  32.150  -18.298  86.549 0.0000000000
44366  34.638  -20.740  84.942 0.0000000000
110342  34.240  -22.316  85.484 0.0000000000
41645  28.860  -24.043  83.839 0.0000000000
41668  28.512  -23.759  81.382 0.0000000000
108572  29.548  -23.409  81.219 0.0000000000
41683  29.854  -23.453  80.246 0.0000000000
41699  30.196  -23.690  79.482 0.0000000000
40809  30.376  -24.071  78.922 0.0000000000
40827  29.910  -24.365  78.338 0.0000000000
40843  29.350  -24.670  77.562 0.0000000000
39927  29.081  -25.072  76.806 0.0000000000
39952  28.832  -25.609  76.196 0.0000000000
39972  28.424  -25.873  75.573 0.0000000000
48466  42.052  -16.043  62.671 0.0000000000
106559  41.950  -15.939  61.725 0.0000000000
47610  40.511  -17.763  62.002 0.0000000000
46658  40.531  -18.323  61.676 0.0000000000
45724  40.508  -18.999  61.778 0.0000000000
36420  16.169  -29.724  85.880 0.0000000000
35502  16.156  -29.650  83.298 0.0000000000
36450  15.703  -29.545  82.757 0.0000000000
50221  48.399  -14.126  65.563 0.0000000000
104159  47.778  -14.344  65.885 0.0000000000
50213  46.662  -14.586  66.628 0.0000000000
51058  45.322  -13.004  71.280 0.0000000000
49256  42.067  -15.464  71.261 0.0000000000
47506  42.745  -17.434  72.232 0.0000000000
51902  45.522  -12.760  77.703 0.0000000000
48324  40.743  -16.435  78.307 0.0000000000
105502  41.187  -16.553  76.377 0.0000000000
47459  42.623  -17.474  75.150 0.0000000000
117724  41.688  -17.967  74.374 0.0000000000
46463  41.260  -18.296  73.896 0.0000000000
45565  38.447  -19.774  71.246 0.0000000000
44520  37.668  -20.268  70.846 0.0000000000
44537  37.020  -20.857  70.615 0.0000000000
43612  33.508  -21.750  73.180 0.0000000000
41856  33.052  -23.794  71.181 0.0000000000
41871  33.537  -23.983  70.718 0.0000000000
40779  35.575  -24.897  82.157 0.0000000000
40789  35.338  -24.603  81.258 0.0000000000
110836  34.940  -25.200  80.703 0.0000000000
39888  34.138  -25.608  79.521 0.0000000000
35552  32.126  -30.490  79.942 0.0000000000
35566  33.114  -30.740  77.925 0.0000000000
52195  57.030  -12.197  55.886 0.0000000000
52186  56.968  -12.108  56.562 0.0000000000
53136  54.309  -11.814  53.196 0.0000000000
39032  26.200  -25.817  79.506 0.0000000000
104881  26.073  -26.025  80.152 0.0000000000
39015  25.648  -26.629  80.261 0.0000000000
38225  25.212  -27.218  79.976 0.0000000000
37414  24.154  -28.578  80.064 0.0000000000
38198  25.515  -27.608  83.305 0.0000000000
38214  24.580  -28.341  81.400 0.0000000000
36471  23.334  -29.342  80.329 0.0000000000
36472  22.806  -29.769  80.618 0.0000000000
116983  23.160  -29.676  81.182 0.0000000000
35538  21.966  -30.231  80.373 0.0000000000
44335  30.149  -20.474  87.415 0.0000000000
42572  30.328  -22.743  86.849 0.0000000000
41608  29.919  -22.999  86.625 0.0000000000
41599  27.481  -23.001  88.092 0.0000000000
40723  28.173  -23.695  86.321 0.0000000000
40772  27.529  -24.534  82.510 0.0000000000
111518  26.998  -24.890  81.216 0.0000000000
46601  39.767  -18.397  65.660 0.0000000000
44601  39.777  -20.372  65.461 0.0000000000
52001  50.799  -12.253  70.204 0.0000000000
111918  49.900  -12.092  70.624 0.0000000000
51992  48.819  -12.560  70.687 0.0000000000
51980  49.020  -11.957  71.100 0.0000000000
51981  48.152  -12.480  71.073 0.0000000000
117061  47.405  -12.192  71.495 0.0000000000
51953  45.352  -12.433  73.117 0.0000000000
51033  45.409  -12.695  73.938 0.0000000000
49166  42.097  -15.120  80.625 0.0000000000
48299  41.438  -16.243  79.988 0.0000000000
47394  39.334  -16.637  81.184 0.0000000000
47404  39.592  -16.718  80.644 0.0000000000
48300  39.644  -16.737  79.690 0.0000000000
98969  39.059  -17.043  77.273 0.0000000000
47441  37.789  -17.615  77.480 0.0000000000
113448  38.389  -17.336  76.984 0.0000000000
115461  37.153  -18.465  74.488 0.0000000000
46468  35.736  -19.090  74.834 0.0000000000
45532  34.872  -19.968  73.965 0.0000000000
44493  33.752  -21.108  73.806 0.0000000000
44471  33.912  -20.074  75.929 0.0000000000
42752  33.028  -23.155  73.879 0.0000000000
40897  32.481  -24.524  73.626 0.0000000000
35553  31.267  -30.259  80.729 0.0000000000
35537  30.038  -30.332  80.940 0.0000000000
34630  30.687  -31.100  81.308 0.0000000000
35536  30.689  -30.795  81.271 0.0000000000
98992  54.387  -11.993  58.083 0.0000000000
52189  52.522  -12.731  57.036 0.0000000000
52190  51.767  -12.739  56.930 0.0000000000
112526  51.494  -12.626  56.377 0.0000000000
52201  50.856  -12.607  55.792 0.0000000000
51259  50.256  -12.861  54.843 0.0000000000
51245  49.450  -13.137  57.193 0.0000000000
51252  49.341  -13.198  56.252 0.0000000000
38288  28.053  -27.650  74.296 0.0000000000
37473  27.499  -28.375  73.344 0.0000000000
39070  25.385  -26.498  77.326 0.0000000000
38248  24.871  -27.079  77.263 0.0000000000
38276  24.736  -26.992  75.754 0.0000000000
38291  23.896  -27.971  73.768 0.0000000000
37430  23.526  -28.612  77.295 0.0000000000
37440  23.489  -28.482  76.520 0.0000000000
37441  22.746  -28.732  76.073 0.0000000000
37451  23.358  -28.373  75.548 0.0000000000
37475  23.559  -28.322  72.816 0.0000000000
49984  34.249  -14.897  84.998 0.0000000000
49983  34.888  -14.810  84.835 0.0000000000
49104  34.989  -15.285  84.847 0.0000000000
47374  34.575  -17.381  84.390 0.0000000000
108790  34.725  -17.518  84.001 0.0000000000
43537  35.292  -21.513  82.635 0.0000000000
44400  35.309  -20.985  83.260 0.0000000000
99062  35.576  -23.253  82.327 0.0000000000
43504  35.130  -21.142  84.505 0.0000000000
41628  35.659  -23.405  83.949 0.0000000000
41650  35.752  -23.769  82.850 0.0000000000
39854  35.301  -25.511  82.388 0.0000000000
39838  34.883  -25.801  82.558 0.0000000000
38986  34.301  -26.288  82.170 0.0000000000
105898  31.613  -22.746  86.698 0.0000000000
41643  30.932  -23.393  83.660 0.0000000000
117890  32.219  -23.343  83.284 0.0000000000
39012  31.236  -26.903  81.094 0.0000000000
38234  29.529  -28.189  80.078 0.0000000000
37419  29.114  -28.519  79.403 0.0000000000
40826  30.399  -24.576  78.573 0.0000000000
38246  29.745  -26.498  77.898 0.0000000000
36515  28.539  -29.268  77.027 0.0000000000
35601  28.846  -29.863  77.391 0.0000000000
51220  45.309  -13.634  60.288 0.0000000000
51231  45.292  -13.558  59.414 0.0000000000
50296  43.153  -14.756  59.138 0.0000000000
47632  41.170  -17.688  60.587 0.0000000000
48498  41.984  -16.517  59.537 0.0000000000
47646  41.866  -17.216  59.535 0.0000000000
107535  39.556  -18.847  64.774 0.0000000000
45696  39.791  -19.610  63.569 0.0000000000
118308  40.057  -20.178  63.681 0.0000000000
38160  25.069  -27.686  88.291 0.0000000000
37349  25.101  -28.867  87.168 0.0000000000
36418  24.793  -29.623  85.933 0.0000000000
36430  23.756  -29.975  84.445 0.0000000000
113139  21.963  -30.670  84.261 0.0000000000
100230  22.004  -30.567  83.018 0.0000000000
35522  21.322  -30.675  81.799 0.0000000000
35523  20.574  -30.830  81.317 0.0000000000
99344  20.056  -30.746  83.745 0.0000000000
112710  19.273  -30.658  83.562 0.0000000000
104372  19.766  -30.732  82.968 0.0000000000
35524  19.769  -30.742  81.601 0.0000000000
100307  19.872  -30.865  80.875 0.0000000000
101519  18.280  -30.324  80.812 0.0000000000
52166  55.361  -11.774  58.106 0.0000000000
53096  55.857  -11.268  58.447 0.0000000000
52167  53.379  -11.999  58.504 0.0000000000
107174  51.093  -12.232  59.099 0.0000000000
53061  53.388  -11.297  61.425 0.0000000000
112475  51.896  -11.627  60.182 0.0000000000
117844  49.890  -12.410  59.081 0.0000000000
118050  48.978  -12.370  60.066 0.0000000000
52125  49.740  -12.301  61.116 0.0000000000
114479  47.444  -12.801  60.446 0.0000000000
102894  46.892  -13.026  60.950 0.0000000000
117446  49.447  -12.563  62.586 0.0000000000
52107  48.890  -12.622  62.242 0.0000000000
51203  45.488  -13.716  61.176 0.0000000000
50275  44.906  -14.212  61.709 0.0000000000
49351  43.464  -15.213  62.726 0.0000000000
110147  45.854  -14.537  64.229 0.0000000000
49343  42.855  -15.636  63.225 0.0000000000
48453  42.324  -16.207  64.543 0.0000000000
48454  41.536  -16.741  64.786 0.0000000000
50174  46.239  -14.068  69.108 0.0000000000
113038  46.012  -14.418  68.288 0.0000000000
49319  43.239  -15.583  66.586 0.0000000000
47564  40.363  -17.631  66.731 0.0000000000
51951  46.444  -11.623  74.449 0.0000000000
51014  45.042  -13.395  74.137 0.0000000000
50962  45.030  -13.789  78.399 0.0000000000
50973  45.464  -13.528  77.845 0.0000000000
48323  41.768  -16.154  78.223 0.0000000000
48310  43.220  -15.689  78.335 0.0000000000
48321  43.539  -15.850  77.488 0.0000000000
49198  43.912  -15.466  78.244 0.0000000000
49185  44.925  -14.916  78.219 0.0000000000
50080  45.795  -14.115  77.326 0.0000000000
50079  46.140  -13.790  76.741 0.0000000000
50093  46.225  -13.823  76.312 0.0000000000
50094  46.147  -14.148  75.992 0.0000000000
50103  45.703  -14.237  75.431 0.0000000000
117963  43.226  -16.779  72.931 0.0000000000
46481  42.949  -19.068  73.572 0.0000000000
45549  35.809  -19.629  72.743 0.0000000000
45568  36.117  -19.763  71.817 0.0000000000
111033  36.560  -21.433  70.563 0.0000000000
43639  34.586  -21.413  70.954 0.0000000000
43656  35.848  -21.669  70.524 0.0000000000
43561  34.091  -21.271  79.758 0.0000000000
41697  34.439  -23.348  79.171 0.0000000000
40824  34.285  -24.149  78.965 0.0000000000
40859  33.368  -24.840  76.550 0.0000000000
39991  32.325  -25.335  73.898 0.0000000000
39045  32.991  -26.810  78.277 0.0000000000
39067  32.788  -27.029  77.520 0.0000000000
106265  32.014  -26.952  73.559 0.0000000000
52209  52.500  -12.187  55.063 0.0000000000
52208  53.522  -12.017  55.066 0.0000000000
53127  53.873  -11.785  54.095 0.0000000000
53144  54.084  -12.074  52.857 0.0000000000
51273  50.641  -13.443  53.605 0.0000000000
50299  44.943  -14.134  57.756 0.0000000000
50305  44.480  -14.742  57.446 0.0000000000
39129  26.557  -26.832  73.156 0.0000000000
45695  40.044  -19.719  63.130 0.0000000000
52185  57.405  -11.983  56.008 0.0000000000
119124  43.276  -15.299  79.268 0.0000000000
