#!ascii label  , from subject sub-01 vox2ras=TkReg
1030
114408  20.974  -18.136  77.888 0.0000000000
55451  31.533  -8.277  80.433 0.0000000000
55688  39.701  -6.285  59.712 0.0000000000
54690  30.357  -10.204  67.462 0.0000000000
52908  35.441  -10.656  73.071 0.0000000000
61360  46.536  -0.554  48.850 0.0000000000
54730  39.375  -8.479  63.092 0.0000000000
55622  33.954  -6.869  61.940 0.0000000000
41718  17.131  -21.926  77.772 0.0000000000
118203  25.818  -13.153  79.491 0.0000000000
52886  28.006  -10.187  75.774 0.0000000000
46473  24.036  -17.023  74.499 0.0000000000
58957  43.407  -2.795  53.706 0.0000000000
47392  24.924  -15.875  82.242 0.0000000000
44406  20.121  -19.281  82.494 0.0000000000
56500  43.662  -5.315  57.851 0.0000000000
102470  16.176  -20.493  82.149 0.0000000000
44408  11.678  -19.427  82.359 0.0000000000
57249  32.469  -5.409  65.327 0.0000000000
54662  33.830  -10.253  69.948 0.0000000000
49275  33.557  -15.599  70.775 0.0000000000
50110  31.326  -13.455  73.677 0.0000000000
56408  38.819  -6.737  63.534 0.0000000000
114187  37.321  -7.283  62.711 0.0000000000
56410  36.537  -6.173  63.537 0.0000000000
57253  41.234  -5.987  63.646 0.0000000000
44475  19.615  -19.300  75.717 0.0000000000
102061  17.715  -22.429  76.601 0.0000000000
44456  18.593  -19.522  78.120 0.0000000000
46420  24.402  -16.848  78.194 0.0000000000
48339  25.374  -15.656  76.648 0.0000000000
45494  22.901  -17.613  76.421 0.0000000000
44485  20.865  -19.766  73.702 0.0000000000
57313  39.375  -5.552  57.642 0.0000000000
55672  41.862  -7.026  60.707 0.0000000000
56493  41.013  -5.667  58.549 0.0000000000
58117  41.112  -4.516  56.749 0.0000000000
43496  19.733  -19.817  84.697 0.0000000000
42625  17.580  -20.677  82.290 0.0000000000
42604  17.266  -20.563  83.948 0.0000000000
45371  12.548  -18.508  86.726 0.0000000000
44385  13.320  -19.144  84.515 0.0000000000
45410  10.885  -18.443  84.341 0.0000000000
46369  9.404  -17.905  84.909 0.0000000000
101267  9.680  -16.948  87.078 0.0000000000
56364  33.989  -8.132  72.308 0.0000000000
53791  35.266  -10.635  71.177 0.0000000000
110722  34.347  -12.407  69.613 0.0000000000
50151  34.971  -14.009  71.962 0.0000000000
51042  26.126  -12.951  73.181 0.0000000000
51931  30.108  -11.668  74.857 0.0000000000
106220  27.780  -12.630  72.457 0.0000000000
50167  28.175  -14.486  70.312 0.0000000000
56389  30.283  -6.703  66.462 0.0000000000
55585  30.532  -7.222  63.975 0.0000000000
53857  28.825  -10.174  65.090 0.0000000000
63813  47.674  1.647  45.933 0.0000000000
60589  46.489  -1.748  46.613 0.0000000000
55638  40.206  -7.485  61.850 0.0000000000
54791  37.692  -7.108  61.354 0.0000000000
111706  41.257  -7.660  61.782 0.0000000000
54556  27.924  -8.924  79.589 0.0000000000
54584  30.454  -8.805  77.593 0.0000000000
114339  26.273  -10.723  77.841 0.0000000000
49230  27.136  -15.618  74.963 0.0000000000
47503  24.560  -16.589  73.195 0.0000000000
58138  46.103  -4.285  55.686 0.0000000000
59758  45.364  -2.256  53.602 0.0000000000
59774  45.255  -1.647  52.283 0.0000000000
59789  45.067  -2.740  49.325 0.0000000000
45461  23.651  -17.416  79.554 0.0000000000
44444  20.717  -18.600  80.132 0.0000000000
45444  22.587  -17.789  81.676 0.0000000000
108533  25.559  -14.381  81.168 0.0000000000
58129  43.731  -4.412  56.720 0.0000000000
43553  18.509  -20.283  80.704 0.0000000000
41671  16.835  -21.232  80.101 0.0000000000
43554  15.078  -20.476  80.249 0.0000000000
43511  14.976  -19.872  84.348 0.0000000000
115412  13.665  -19.560  82.208 0.0000000000
49087  6.886  -15.137  88.978 0.0000000000
57232  36.113  -4.829  65.170 0.0000000000
56382  30.750  -7.357  68.904 0.0000000000
56373  32.059  -7.136  70.811 0.0000000000
54678  32.170  -9.773  68.956 0.0000000000
52024  33.462  -12.142  68.000 0.0000000000
49301  31.941  -14.690  69.002 0.0000000000
102000  30.988  -15.816  68.602 0.0000000000
53744  31.326  -10.035  75.845 0.0000000000
51914  32.777  -11.468  74.897 0.0000000000
51019  33.882  -13.386  73.825 0.0000000000
49249  32.295  -15.479  72.469 0.0000000000
48390  30.037  -15.061  69.623 0.0000000000
56413  33.094  -6.259  63.721 0.0000000000
55643  31.404  -8.294  61.536 0.0000000000
57244  38.822  -5.489  64.370 0.0000000000
56409  37.530  -6.349  63.599 0.0000000000
56395  37.398  -5.565  64.209 0.0000000000
57243  39.654  -5.697  64.171 0.0000000000
44468  19.496  -18.997  76.679 0.0000000000
44463  18.630  -19.564  77.135 0.0000000000
44462  19.393  -18.865  77.734 0.0000000000
45484  22.806  -17.663  78.197 0.0000000000
114394  23.966  -17.273  77.277 0.0000000000
105373  22.365  -17.673  77.235 0.0000000000
116927  21.104  -18.163  76.107 0.0000000000
56482  39.000  -5.917  58.448 0.0000000000
55687  40.466  -6.316  59.835 0.0000000000
55673  41.652  -6.462  59.893 0.0000000000
100392  40.648  -6.015  59.137 0.0000000000
57312  40.330  -5.264  57.689 0.0000000000
45356  11.861  -18.097  86.776 0.0000000000
45385  11.680  -18.341  85.709 0.0000000000
45386  10.862  -17.900  85.785 0.0000000000
45398  10.064  -18.079  84.654 0.0000000000
46368  10.150  -17.848  85.403 0.0000000000
46358  9.203  -17.697  85.585 0.0000000000
54627  35.444  -9.608  72.420 0.0000000000
52926  35.482  -10.444  72.087 0.0000000000
115366  34.618  -12.171  71.509 0.0000000000
51971  34.812  -11.650  72.258 0.0000000000
54553  32.636  -8.568  79.491 0.0000000000
49254  25.139  -15.161  72.177 0.0000000000
51973  26.905  -12.169  72.890 0.0000000000
51066  25.617  -13.275  71.301 0.0000000000
51079  25.867  -13.499  69.951 0.0000000000
55565  30.070  -8.397  67.481 0.0000000000
54701  29.371  -8.953  66.103 0.0000000000
61357  46.780  -0.568  49.856 0.0000000000
62149  48.618  0.294  49.638 0.0000000000
62154  47.167  0.065  48.452 0.0000000000
62155  46.725  -0.068  47.379 0.0000000000
61362  46.454  -0.553  48.022 0.0000000000
54770  39.699  -7.917  62.474 0.0000000000
55658  38.361  -6.861  61.072 0.0000000000
54771  39.004  -7.685  62.387 0.0000000000
55621  35.728  -6.972  61.926 0.0000000000
55640  35.310  -7.112  61.089 0.0000000000
55641  34.155  -7.278  60.801 0.0000000000
103399  40.330  -8.132  63.155 0.0000000000
55597  40.463  -8.374  62.995 0.0000000000
55637  41.004  -7.802  61.797 0.0000000000
42711  17.404  -21.856  77.524 0.0000000000
117149  16.723  -21.884  78.243 0.0000000000
108424  26.761  -10.367  80.102 0.0000000000
54557  27.600  -9.177  78.705 0.0000000000
51890  25.951  -12.158  78.761 0.0000000000
46471  24.760  -16.316  75.412 0.0000000000
48351  25.742  -15.616  75.736 0.0000000000
47480  25.041  -16.217  74.717 0.0000000000
48367  25.969  -15.815  74.203 0.0000000000
46494  23.776  -17.277  73.674 0.0000000000
45535  22.705  -18.349  73.372 0.0000000000
51122  32.207  -13.984  67.205 0.0000000000
58139  44.834  -3.636  55.349 0.0000000000
106719  45.653  -2.773  54.528 0.0000000000
58956  44.348  -2.616  53.901 0.0000000000
59767  43.994  -2.228  52.123 0.0000000000
59782  44.137  -2.395  50.501 0.0000000000
60567  44.655  -2.024  50.181 0.0000000000
45451  24.185  -17.081  80.431 0.0000000000
107516  23.158  -17.520  80.980 0.0000000000
45442  23.714  -17.002  81.817 0.0000000000
48284  25.106  -15.462  81.502 0.0000000000
46406  24.568  -16.901  79.923 0.0000000000
57320  44.641  -4.725  57.000 0.0000000000
57321  43.739  -4.910  57.378 0.0000000000
58131  41.190  -4.240  55.860 0.0000000000
44430  20.739  -18.618  81.062 0.0000000000
44432  19.090  -19.619  80.296 0.0000000000
43552  19.279  -19.724  81.262 0.0000000000
118353  17.074  -20.709  82.402 0.0000000000
42640  17.189  -20.744  81.539 0.0000000000
101921  16.332  -20.744  80.891 0.0000000000
42656  15.825  -20.845  79.973 0.0000000000
113604  15.717  -20.545  80.852 0.0000000000
114877  15.060  -19.796  85.327 0.0000000000
44396  12.039  -18.967  83.412 0.0000000000
101032  13.494  -19.375  82.959 0.0000000000
44407  12.718  -19.483  82.131 0.0000000000
44434  12.959  -20.094  80.581 0.0000000000
58015  31.250  -5.707  69.201 0.0000000000
55536  34.150  -9.321  70.957 0.0000000000
56365  33.048  -7.623  72.005 0.0000000000
55537  33.277  -8.814  70.617 0.0000000000
55551  32.152  -8.632  69.637 0.0000000000
54663  33.125  -9.885  69.661 0.0000000000
53829  32.783  -11.122  68.600 0.0000000000
53820  33.957  -11.190  68.921 0.0000000000
49274  33.901  -15.025  70.499 0.0000000000
50193  33.499  -13.409  69.672 0.0000000000
49286  33.236  -15.268  70.230 0.0000000000
48412  31.494  -15.094  69.155 0.0000000000
48402  31.560  -15.175  69.571 0.0000000000
113992  29.464  -9.597  76.287 0.0000000000
53729  31.036  -9.252  76.709 0.0000000000
109161  30.110  -10.536  75.686 0.0000000000
51023  30.906  -12.869  74.210 0.0000000000
51929  31.725  -11.930  74.806 0.0000000000
51003  32.115  -12.612  74.565 0.0000000000
51001  33.515  -12.690  74.265 0.0000000000
50108  32.700  -14.192  73.918 0.0000000000
50123  33.155  -14.574  73.601 0.0000000000
49239  31.231  -14.556  72.694 0.0000000000
49288  28.147  -15.172  69.037 0.0000000000
114205  29.845  -14.784  70.292 0.0000000000
57233  33.915  -4.857  65.246 0.0000000000
56398  33.793  -5.723  64.163 0.0000000000
56399  32.738  -5.836  64.503 0.0000000000
54733  29.770  -8.816  62.897 0.0000000000
101022  30.926  -7.588  62.853 0.0000000000
62161  47.657  0.346  44.492 0.0000000000
55580  39.600  -8.077  63.298 0.0000000000
54731  38.816  -8.000  62.978 0.0000000000
55582  38.138  -7.284  63.253 0.0000000000
55601  36.640  -6.882  62.860 0.0000000000
55602  35.510  -6.528  62.870 0.0000000000
57241  41.127  -5.671  64.237 0.0000000000
56406  40.156  -6.835  63.241 0.0000000000
43587  18.525  -20.697  75.796 0.0000000000
43581  17.768  -21.360  77.054 0.0000000000
43575  17.676  -20.817  78.034 0.0000000000
49193  25.565  -15.009  78.754 0.0000000000
104712  25.529  -14.859  77.933 0.0000000000
47444  24.829  -16.330  77.409 0.0000000000
46453  24.439  -16.713  76.123 0.0000000000
45504  23.275  -17.486  75.670 0.0000000000
45518  21.977  -18.478  74.463 0.0000000000
113756  21.735  -18.321  75.123 0.0000000000
103337  19.791  -19.543  74.834 0.0000000000
104274  42.331  -3.141  53.492 0.0000000000
47385  24.404  -16.286  83.147 0.0000000000
56471  42.234  -6.506  60.060 0.0000000000
102282  42.776  -5.813  58.875 0.0000000000
56491  43.062  -5.496  58.285 0.0000000000
57309  42.993  -5.091  57.683 0.0000000000
57311  41.412  -5.334  58.121 0.0000000000
57324  40.156  -4.973  56.712 0.0000000000
43519  19.650  -19.691  83.511 0.0000000000
43530  18.980  -20.178  82.598 0.0000000000
113894  18.792  -20.282  83.464 0.0000000000
42615  17.589  -20.645  83.527 0.0000000000
42617  16.419  -20.431  83.633 0.0000000000
44360  13.795  -19.327  85.605 0.0000000000
44361  13.088  -18.860  85.665 0.0000000000
102479  12.396  -18.798  84.662 0.0000000000
45423  11.364  -18.736  83.775 0.0000000000
45424  10.392  -18.818  83.404 0.0000000000
54636  35.070  -9.542  71.864 0.0000000000
103918  35.057  -10.512  70.745 0.0000000000
52959  34.645  -11.302  69.356 0.0000000000
102188  34.841  -11.541  70.439 0.0000000000
51987  34.479  -12.863  71.200 0.0000000000
49261  34.155  -15.214  71.143 0.0000000000
102477  27.527  -10.954  74.979 0.0000000000
52895  29.644  -10.873  75.295 0.0000000000
51946  28.229  -11.304  74.282 0.0000000000
51041  28.385  -12.345  73.186 0.0000000000
50128  28.932  -13.345  72.797 0.0000000000
50141  30.114  -14.330  72.098 0.0000000000
50142  28.649  -13.656  72.015 0.0000000000
50182  26.917  -14.334  69.334 0.0000000000
117094  30.978  -6.091  65.888 0.0000000000
101118  31.247  -6.481  64.690 0.0000000000
56401  30.341  -7.021  64.815 0.0000000000
54716  29.324  -8.499  63.868 0.0000000000
63005  47.808  1.534  46.917 0.0000000000
103840  46.718  -0.178  46.099 0.0000000000
109047  39.598  -6.586  60.476 0.0000000000
55690  37.782  -6.505  58.991 0.0000000000
55675  38.639  -6.647  60.187 0.0000000000
54773  37.108  -7.189  61.532 0.0000000000
55660  35.895  -7.201  60.635 0.0000000000
57251  42.481  -5.312  64.019 0.0000000000
56420  41.748  -6.125  62.325 0.0000000000
56443  42.264  -6.219  61.368 0.0000000000
55635  41.589  -7.379  61.127 0.0000000000
55656  40.887  -7.277  61.215 0.0000000000
114082  30.696  -8.243  80.489 0.0000000000
116349  31.122  -8.449  79.612 0.0000000000
54571  29.662  -8.605  78.522 0.0000000000
54572  28.297  -8.932  77.828 0.0000000000
53747  27.090  -10.269  76.295 0.0000000000
50977  26.319  -13.649  77.243 0.0000000000
51917  26.461  -12.772  76.643 0.0000000000
52887  26.557  -11.507  75.873 0.0000000000
50113  26.862  -14.445  74.760 0.0000000000
49253  25.669  -15.665  73.228 0.0000000000
47511  24.365  -16.768  72.168 0.0000000000
59764  46.389  -1.779  53.354 0.0000000000
59759  44.602  -2.302  53.219 0.0000000000
59766  44.882  -1.956  52.698 0.0000000000
60556  46.138  -1.536  52.665 0.0000000000
60561  45.741  -1.355  51.872 0.0000000000
61353  46.084  -1.081  50.378 0.0000000000
61358  45.821  -1.307  49.190 0.0000000000
60576  45.778  -2.258  48.185 0.0000000000
45474  22.341  -17.869  78.774 0.0000000000
44454  20.650  -18.444  79.218 0.0000000000
45463  22.165  -17.894  79.486 0.0000000000
119087  21.939  -17.884  80.937 0.0000000000
44416  21.445  -18.449  82.148 0.0000000000
45421  23.164  -17.373  83.361 0.0000000000
44393  20.831  -18.889  83.407 0.0000000000
44384  20.934  -18.909  84.239 0.0000000000
55436  31.202  -7.958  81.264 0.0000000000
54545  29.354  -8.323  81.577 0.0000000000
53695  27.469  -9.539  81.362 0.0000000000
113287  26.120  -11.926  80.268 0.0000000000
51852  26.294  -12.403  81.682 0.0000000000
49169  25.593  -14.210  79.887 0.0000000000
47422  25.131  -16.426  79.171 0.0000000000
45471  24.069  -17.274  78.897 0.0000000000
58128  45.870  -4.688  56.237 0.0000000000
113701  45.475  -4.256  55.831 0.0000000000
58140  44.057  -3.536  55.435 0.0000000000
58116  42.116  -4.311  56.616 0.0000000000
58130  42.243  -3.763  55.681 0.0000000000
58944  41.781  -3.476  54.408 0.0000000000
44455  19.440  -18.959  78.842 0.0000000000
102450  18.288  -20.277  79.566 0.0000000000
42670  17.406  -21.176  79.418 0.0000000000
42638  18.106  -20.684  81.039 0.0000000000
42653  17.588  -21.070  80.267 0.0000000000
41704  16.890  -21.562  78.763 0.0000000000
42671  16.137  -21.839  78.580 0.0000000000
42672  15.124  -21.851  78.497 0.0000000000
42606  16.231  -20.275  84.151 0.0000000000
42628  15.921  -20.289  83.098 0.0000000000
43522  14.310  -19.604  83.259 0.0000000000
43531  14.960  -19.931  82.041 0.0000000000
43545  14.678  -20.061  81.076 0.0000000000
48210  8.442  -16.076  88.289 0.0000000000
58048  37.157  -4.913  64.991 0.0000000000
58037  32.488  -4.617  67.123 0.0000000000
57228  30.696  -5.989  67.676 0.0000000000
56383  30.394  -6.906  68.042 0.0000000000
55564  30.622  -8.767  68.214 0.0000000000
56377  31.707  -7.677  69.992 0.0000000000
55557  31.773  -8.993  69.113 0.0000000000
53830  31.285  -10.588  67.995 0.0000000000
102099  32.130  -10.918  68.381 0.0000000000
52025  32.713  -12.422  67.516 0.0000000000
51112  32.759  -13.540  67.649 0.0000000000
51104  33.920  -12.757  69.065 0.0000000000
50194  33.162  -13.435  68.735 0.0000000000
49314  32.043  -14.608  68.041 0.0000000000
48429  31.492  -15.498  67.890 0.0000000000
115903  30.805  -16.159  67.737 0.0000000000
52901  35.191  -10.908  73.639 0.0000000000
54569  32.185  -8.679  78.677 0.0000000000
53715  32.430  -8.973  77.695 0.0000000000
52867  33.012  -10.110  75.979 0.0000000000
52894  30.604  -11.234  75.248 0.0000000000
52882  32.429  -10.720  75.373 0.0000000000
52881  33.247  -10.758  75.292 0.0000000000
51912  33.851  -11.318  74.776 0.0000000000
108539  34.031  -11.716  74.272 0.0000000000
51958  34.346  -12.405  73.216 0.0000000000
51038  34.549  -13.304  72.926 0.0000000000
50138  34.133  -14.818  72.621 0.0000000000
49263  32.671  -15.833  71.722 0.0000000000
49252  30.129  -14.892  71.823 0.0000000000
48380  30.573  -14.814  70.543 0.0000000000
48388  31.695  -15.254  70.309 0.0000000000
48403  30.306  -15.715  68.820 0.0000000000
56396  35.989  -5.675  63.976 0.0000000000
56411  35.464  -6.073  63.488 0.0000000000
55604  33.365  -6.719  62.757 0.0000000000
56425  32.144  -6.681  63.441 0.0000000000
55605  32.515  -6.947  62.796 0.0000000000
100363  32.261  -7.888  61.322 0.0000000000
59802  46.378  -3.044  47.526 0.0000000000
58046  38.598  -4.810  65.078 0.0000000000
57245  38.020  -5.236  64.607 0.0000000000
58045  39.457  -4.910  64.899 0.0000000000
45486  20.305  -18.417  77.287 0.0000000000
45485  21.808  -17.911  78.144 0.0000000000
108343  21.227  -17.949  76.979 0.0000000000
56483  38.139  -6.280  58.436 0.0000000000
56481  39.954  -5.982  59.166 0.0000000000
45373  11.394  -17.986  86.270 0.0000000000
46343  10.762  -17.666  86.362 0.0000000000
46357  10.114  -17.730  86.051 0.0000000000
53775  35.661  -10.090  72.827 0.0000000000
52916  35.471  -10.425  72.519 0.0000000000
52917  35.334  -10.948  72.041 0.0000000000
51970  35.165  -11.102  72.582 0.0000000000
55434  32.633  -8.027  81.056 0.0000000000
55450  32.285  -8.340  80.358 0.0000000000
49268  24.808  -15.283  71.118 0.0000000000
50157  25.119  -14.193  71.203 0.0000000000
50170  24.855  -14.553  70.296 0.0000000000
54686  29.870  -9.221  67.142 0.0000000000
61356  47.934  -0.316  50.167 0.0000000000
62150  47.557  -0.070  49.328 0.0000000000
54748  39.804  -8.425  62.783 0.0000000000
54749  39.252  -8.091  62.801 0.0000000000
117999  34.838  -6.904  61.613 0.0000000000
55663  33.360  -8.069  60.224 0.0000000000
55642  33.184  -7.544  61.131 0.0000000000
99801  40.118  -8.406  63.415 0.0000000000
54729  39.957  -8.704  63.178 0.0000000000
54747  40.292  -8.566  62.840 0.0000000000
41733  17.062  -22.756  77.148 0.0000000000
101509  16.582  -22.650  77.477 0.0000000000
41719  16.791  -22.060  77.897 0.0000000000
51874  26.051  -11.748  79.515 0.0000000000
52844  26.384  -10.700  79.454 0.0000000000
117849  25.908  -12.394  79.269 0.0000000000
46454  24.269  -16.771  75.298 0.0000000000
107487  25.351  -15.955  74.972 0.0000000000
46472  24.574  -16.559  74.696 0.0000000000
109210  24.337  -16.863  74.096 0.0000000000
45516  23.379  -17.583  74.079 0.0000000000
58942  44.151  -3.062  54.702 0.0000000000
58941  44.961  -2.984  54.683 0.0000000000
116395  24.387  -16.568  81.479 0.0000000000
117581  24.167  -16.967  81.081 0.0000000000
48273  25.007  -15.696  81.856 0.0000000000
46398  24.726  -16.399  80.914 0.0000000000
56490  44.113  -5.590  58.216 0.0000000000
56499  44.386  -5.240  57.648 0.0000000000
44418  20.051  -19.205  81.659 0.0000000000
43542  19.453  -19.770  82.191 0.0000000000
42641  16.708  -20.642  81.827 0.0000000000
42642  15.835  -20.458  81.562 0.0000000000
43490  14.547  -19.618  85.704 0.0000000000
101352  12.577  -19.206  82.928 0.0000000000
117274  11.922  -19.727  81.743 0.0000000000
54646  34.249  -9.893  70.452 0.0000000000
55549  33.574  -9.590  70.253 0.0000000000
54676  33.381  -10.565  69.323 0.0000000000
53803  34.238  -10.795  69.605 0.0000000000
116270  33.008  -15.779  70.524 0.0000000000
49287  32.193  -15.107  70.028 0.0000000000
48401  32.405  -15.684  70.558 0.0000000000
52885  29.031  -10.189  75.696 0.0000000000
50111  30.413  -13.248  73.645 0.0000000000
51022  31.721  -13.083  74.187 0.0000000000
51021  32.443  -13.394  74.197 0.0000000000
50109  32.058  -13.874  73.849 0.0000000000
50124  32.439  -14.629  73.541 0.0000000000
50125  31.690  -14.229  73.313 0.0000000000
57234  33.128  -4.871  65.595 0.0000000000
57248  33.384  -5.303  64.867 0.0000000000
55581  38.877  -7.454  63.340 0.0000000000
104323  38.324  -6.809  63.465 0.0000000000
55583  37.135  -6.761  63.230 0.0000000000
55584  36.152  -6.446  63.186 0.0000000000
58043  41.578  -5.087  64.999 0.0000000000
56393  39.102  -6.276  63.745 0.0000000000
57242  40.356  -6.012  63.867 0.0000000000
56392  39.732  -6.443  63.599 0.0000000000
56407  39.472  -7.149  63.359 0.0000000000
43574  17.994  -20.315  77.568 0.0000000000
104173  18.073  -20.292  78.548 0.0000000000
46418  24.918  -16.318  78.294 0.0000000000
47443  25.025  -16.083  77.706 0.0000000000
46430  24.458  -16.761  77.496 0.0000000000
45492  24.242  -17.070  76.752 0.0000000000
45493  23.729  -17.362  76.620 0.0000000000
105903  24.011  -17.122  75.938 0.0000000000
45505  22.392  -17.873  75.370 0.0000000000
45507  20.265  -18.938  75.332 0.0000000000
56459  41.983  -6.949  60.652 0.0000000000
102496  41.428  -6.067  59.168 0.0000000000
56480  42.187  -6.125  59.311 0.0000000000
56492  42.036  -5.672  58.612 0.0000000000
57310  42.195  -5.207  57.976 0.0000000000
57325  39.209  -5.578  56.533 0.0000000000
43508  19.707  -19.734  84.102 0.0000000000
43520  19.136  -20.059  83.230 0.0000000000
42601  19.216  -20.032  83.725 0.0000000000
42603  17.970  -20.517  83.884 0.0000000000
42616  16.961  -20.652  83.572 0.0000000000
42605  16.715  -20.465  84.032 0.0000000000
44347  13.115  -18.784  86.524 0.0000000000
101969  13.410  -19.006  86.150 0.0000000000
45396  11.672  -18.500  84.974 0.0000000000
44374  12.408  -18.699  85.383 0.0000000000
45409  11.680  -18.638  84.400 0.0000000000
44387  12.020  -18.786  84.095 0.0000000000
45411  9.732  -18.581  83.869 0.0000000000
47339  9.418  -17.320  86.391 0.0000000000
47356  8.426  -17.275  86.157 0.0000000000
47340  8.755  -16.871  86.918 0.0000000000
54635  35.418  -9.878  71.921 0.0000000000
55523  35.240  -9.176  72.352 0.0000000000
118539  35.293  -9.976  71.512 0.0000000000
54645  34.881  -9.949  71.054 0.0000000000
53792  35.031  -10.906  70.556 0.0000000000
52937  35.044  -11.108  70.766 0.0000000000
51063  34.798  -13.216  71.788 0.0000000000
50165  34.753  -13.919  71.465 0.0000000000
50152  34.557  -14.649  71.828 0.0000000000
51948  26.433  -11.825  74.152 0.0000000000
51947  27.077  -11.287  74.180 0.0000000000
51960  26.908  -11.686  73.530 0.0000000000
51052  26.685  -12.571  71.972 0.0000000000
51972  27.516  -11.967  73.105 0.0000000000
51024  29.443  -12.962  73.495 0.0000000000
51064  27.622  -13.104  71.470 0.0000000000
50169  26.523  -13.506  70.074 0.0000000000
56400  30.681  -6.530  65.448 0.0000000000
100564  29.922  -7.226  65.899 0.0000000000
54702  28.959  -9.311  65.366 0.0000000000
55573  29.092  -8.458  64.910 0.0000000000
54717  28.869  -9.315  64.412 0.0000000000
63002  47.334  0.793  47.081 0.0000000000
61366  46.465  -0.898  46.634 0.0000000000
61365  46.739  -1.352  45.936 0.0000000000
118511  40.203  -6.901  61.193 0.0000000000
55657  39.475  -6.872  61.245 0.0000000000
55659  37.084  -6.892  60.371 0.0000000000
101157  36.043  -7.165  59.871 0.0000000000
54732  38.059  -7.642  62.837 0.0000000000
54751  37.510  -7.376  62.291 0.0000000000
55661  34.756  -7.510  60.121 0.0000000000
105807  35.132  -7.744  59.517 0.0000000000
57252  41.905  -5.586  63.942 0.0000000000
56404  41.365  -6.021  63.302 0.0000000000
55617  40.981  -7.358  62.002 0.0000000000
56421  41.110  -6.495  62.637 0.0000000000
56433  41.610  -6.765  61.759 0.0000000000
55674  40.380  -6.669  60.573 0.0000000000
102463  29.689  -8.321  80.571 0.0000000000
54555  30.190  -8.408  79.571 0.0000000000
102158  29.062  -8.502  79.608 0.0000000000
53716  26.656  -10.023  78.507 0.0000000000
54573  27.394  -9.341  77.889 0.0000000000
53731  27.822  -9.286  77.196 0.0000000000
52869  26.353  -10.877  76.994 0.0000000000
49206  25.467  -15.313  77.288 0.0000000000
50085  25.863  -14.225  77.795 0.0000000000
102686  25.775  -14.836  77.122 0.0000000000
49223  26.670  -15.376  75.590 0.0000000000
108594  26.220  -14.797  76.417 0.0000000000
50098  26.667  -13.870  76.384 0.0000000000
50989  26.607  -12.620  75.805 0.0000000000
109287  26.835  -13.556  75.712 0.0000000000
51005  26.466  -12.568  74.943 0.0000000000
47492  25.250  -16.231  73.891 0.0000000000
48372  25.565  -16.079  73.624 0.0000000000
47502  24.977  -16.286  73.340 0.0000000000
102810  24.729  -16.398  72.775 0.0000000000
47504  23.885  -17.232  72.297 0.0000000000
45519  21.316  -18.840  74.459 0.0000000000
44484  21.567  -19.252  73.621 0.0000000000
58929  46.667  -4.290  55.614 0.0000000000
58954  46.394  -2.799  54.713 0.0000000000
59757  46.021  -2.230  53.901 0.0000000000
59756  46.608  -2.148  54.054 0.0000000000
58964  42.726  -2.881  52.515 0.0000000000
58963  43.706  -2.483  52.838 0.0000000000
59775  44.347  -1.966  51.636 0.0000000000
59765  45.709  -1.851  53.129 0.0000000000
60566  45.398  -1.399  50.885 0.0000000000
60571  45.274  -1.717  49.802 0.0000000000
45473  22.959  -17.693  78.863 0.0000000000
45462  22.989  -17.611  79.518 0.0000000000
45445  22.000  -18.041  81.604 0.0000000000
44429  21.426  -18.295  81.385 0.0000000000
45434  22.078  -18.159  82.288 0.0000000000
46386  23.945  -16.583  82.866 0.0000000000
98683  22.906  -17.793  84.067 0.0000000000
44404  21.488  -18.485  82.877 0.0000000000
44392  21.647  -18.523  83.642 0.0000000000
55437  30.358  -8.089  81.401 0.0000000000
53696  26.840  -10.493  80.865 0.0000000000
50036  25.829  -13.766  81.665 0.0000000000
105067  26.031  -13.197  81.253 0.0000000000
49170  25.475  -14.727  80.434 0.0000000000
49181  25.557  -15.014  79.585 0.0000000000
48292  25.436  -15.559  80.144 0.0000000000
45460  24.166  -17.188  79.665 0.0000000000
46413  24.499  -16.974  79.046 0.0000000000
45472  23.568  -17.497  78.908 0.0000000000
118533  45.320  -4.585  56.391 0.0000000000
106006  44.551  -4.184  56.095 0.0000000000
58141  43.460  -3.796  55.967 0.0000000000
57322  42.141  -4.727  57.363 0.0000000000
58142  40.539  -4.417  54.931 0.0000000000
58930  41.232  -3.841  55.046 0.0000000000
44445  19.840  -19.043  79.803 0.0000000000
116348  17.808  -20.778  79.347 0.0000000000
42652  17.940  -20.872  80.072 0.0000000000
42624  18.255  -20.540  82.184 0.0000000000
42654  17.214  -21.124  80.435 0.0000000000
41687  17.187  -21.312  79.507 0.0000000000
41688  16.973  -21.376  79.588 0.0000000000
41705  16.786  -21.485  79.126 0.0000000000
109798  15.785  -21.424  79.164 0.0000000000
43565  15.067  -21.137  79.223 0.0000000000
43566  14.204  -20.935  79.362 0.0000000000
43500  15.340  -19.915  84.836 0.0000000000
43510  15.677  -20.086  84.260 0.0000000000
43521  15.963  -20.213  83.780 0.0000000000
111357  15.390  -20.022  83.688 0.0000000000
44372  13.779  -19.408  84.978 0.0000000000
43512  14.161  -19.588  84.413 0.0000000000
43532  14.354  -19.650  82.568 0.0000000000
109625  15.101  -19.845  82.976 0.0000000000
44419  14.200  -19.736  81.714 0.0000000000
48198  8.827  -15.632  89.061 0.0000000000
48199  7.745  -15.499  88.829 0.0000000000
119166  34.387  -4.218  66.091 0.0000000000
57227  31.541  -5.240  67.080 0.0000000000
58022  31.893  -4.745  67.850 0.0000000000
57224  30.740  -6.290  68.645 0.0000000000
55559  30.422  -7.889  68.144 0.0000000000
56372  32.809  -7.911  71.103 0.0000000000
55556  32.507  -9.436  69.382 0.0000000000
55563  31.363  -9.335  68.580 0.0000000000
54684  31.711  -10.162  68.497 0.0000000000
52975  33.400  -11.430  68.439 0.0000000000
52976  32.654  -11.627  68.040 0.0000000000
108824  33.062  -12.929  67.736 0.0000000000
52946  34.796  -11.776  69.321 0.0000000000
52004  34.604  -12.192  69.078 0.0000000000
50181  33.132  -14.234  69.799 0.0000000000
49300  32.581  -14.123  68.756 0.0000000000
50207  32.853  -13.783  68.067 0.0000000000
48413  31.257  -15.675  68.313 0.0000000000
48414  30.294  -16.290  67.824 0.0000000000
54570  30.772  -8.582  78.665 0.0000000000
118818  31.527  -8.593  78.876 0.0000000000
54583  31.507  -8.798  77.819 0.0000000000
53728  31.867  -9.377  76.723 0.0000000000
53727  32.670  -9.578  76.682 0.0000000000
52868  32.044  -10.105  75.856 0.0000000000
51915  31.994  -11.478  75.004 0.0000000000
52880  33.924  -10.681  75.248 0.0000000000
51913  33.553  -11.407  74.787 0.0000000000
51943  33.905  -12.413  73.995 0.0000000000
51942  34.134  -12.090  73.800 0.0000000000
51018  34.178  -12.943  73.494 0.0000000000
112678  34.324  -13.847  73.284 0.0000000000
50139  32.908  -15.168  73.116 0.0000000000
108626  33.646  -14.812  73.145 0.0000000000
49248  33.174  -15.474  72.344 0.0000000000
50154  29.477  -14.427  71.591 0.0000000000
48379  31.412  -15.286  70.872 0.0000000000
48389  30.901  -14.972  69.900 0.0000000000
110061  36.520  -5.329  64.486 0.0000000000
57246  35.501  -5.214  64.623 0.0000000000
56397  34.915  -5.663  64.044 0.0000000000
56412  34.262  -6.052  63.569 0.0000000000
56423  33.775  -6.400  63.222 0.0000000000
114017  31.255  -6.703  64.030 0.0000000000
56414  32.067  -6.325  64.221 0.0000000000
55606  31.153  -7.131  63.397 0.0000000000
55625  31.174  -7.874  62.264 0.0000000000
98810  31.664  -7.221  62.820 0.0000000000
55624  31.967  -7.458  62.116 0.0000000000
55623  32.865  -7.183  62.048 0.0000000000
63011  47.835  1.134  44.539 0.0000000000
63010  48.167  0.787  43.925 0.0000000000
63020  48.729  1.279  43.454 0.0000000000
56394  38.273  -6.038  63.847 0.0000000000
114862  36.820  -5.777  63.917 0.0000000000
44469  18.876  -19.852  76.172 0.0000000000
45483  23.865  -17.261  77.924 0.0000000000
101866  24.259  -17.014  77.537 0.0000000000
105724  23.403  -17.472  77.463 0.0000000000
45495  21.820  -17.899  76.051 0.0000000000
45496  20.424  -18.555  76.191 0.0000000000
102357  41.093  -6.772  60.431 0.0000000000
116568  41.043  -6.327  59.695 0.0000000000
56494  40.045  -5.649  58.470 0.0000000000
43509  19.230  -20.070  84.211 0.0000000000
43497  19.165  -20.140  84.759 0.0000000000
45397  10.945  -18.076  85.150 0.0000000000
46344  10.195  -17.418  86.611 0.0000000000
54626  35.520  -9.554  72.794 0.0000000000
53776  35.535  -10.064  72.203 0.0000000000
53783  35.455  -10.582  71.771 0.0000000000
52936  35.270  -10.980  71.424 0.0000000000
52927  35.398  -11.017  71.883 0.0000000000
51986  35.001  -11.402  71.729 0.0000000000
51051  34.694  -12.413  72.047 0.0000000000
50143  25.846  -13.809  72.924 0.0000000000
51974  26.413  -12.519  72.750 0.0000000000
51053  25.849  -12.893  72.187 0.0000000000
51065  26.033  -12.769  71.379 0.0000000000
51078  26.655  -12.948  70.992 0.0000000000
115349  25.946  -13.093  70.643 0.0000000000
109768  25.108  -14.239  69.739 0.0000000000
110817  29.877  -7.552  66.752 0.0000000000
55569  29.641  -8.174  66.490 0.0000000000
61352  47.114  -0.675  50.807 0.0000000000
61351  48.120  -0.541  50.909 0.0000000000
62998  47.702  0.795  48.151 0.0000000000
61363  46.268  -1.082  47.322 0.0000000000
54789  39.274  -7.412  61.878 0.0000000000
54790  38.536  -7.335  61.818 0.0000000000
55620  36.615  -7.117  62.348 0.0000000000
55639  36.406  -7.159  61.653 0.0000000000
55578  40.325  -7.362  62.903 0.0000000000
56405  40.786  -6.620  62.912 0.0000000000
55596  40.554  -7.590  62.582 0.0000000000
55618  40.901  -8.001  62.395 0.0000000000
111533  41.113  -7.841  62.019 0.0000000000
55619  40.733  -8.187  62.516 0.0000000000
54769  40.327  -8.167  62.444 0.0000000000
42692  16.138  -22.446  77.813 0.0000000000
53702  27.349  -9.620  80.361 0.0000000000
53703  27.049  -9.779  79.504 0.0000000000
52855  26.120  -11.190  78.676 0.0000000000
107933  26.111  -11.758  77.827 0.0000000000
109614  25.013  -16.045  75.730 0.0000000000
48352  25.631  -15.747  75.235 0.0000000000
48360  26.095  -15.739  74.641 0.0000000000
49231  26.922  -15.916  74.523 0.0000000000
107245  25.476  -16.021  74.421 0.0000000000
47493  24.819  -16.488  74.099 0.0000000000
46493  24.147  -16.940  73.384 0.0000000000
46511  23.538  -17.573  72.744 0.0000000000
45534  23.161  -17.953  73.081 0.0000000000
110594  32.516  -13.189  67.317 0.0000000000
109013  45.632  -3.627  55.280 0.0000000000
58940  46.269  -3.609  55.208 0.0000000000
58955  45.028  -2.551  54.017 0.0000000000
59768  43.142  -2.752  51.642 0.0000000000
59776  43.578  -2.700  50.853 0.0000000000
60562  44.809  -1.678  51.281 0.0000000000
59790  44.559  -3.213  49.615 0.0000000000
45452  23.707  -17.325  80.294 0.0000000000
45453  23.084  -17.524  80.238 0.0000000000
45443  23.161  -17.468  81.740 0.0000000000
101181  25.271  -15.039  81.107 0.0000000000
47411  25.266  -16.025  80.392 0.0000000000
47401  24.977  -16.198  80.694 0.0000000000
103391  45.231  -5.163  57.383 0.0000000000
44431  19.959  -19.142  80.720 0.0000000000
114362  16.871  -20.877  80.951 0.0000000000
42655  16.400  -21.273  79.635 0.0000000000
108818  15.557  -19.992  85.177 0.0000000000
44386  12.740  -18.900  84.016 0.0000000000
44394  13.666  -19.378  83.803 0.0000000000
44395  12.919  -19.101  83.483 0.0000000000
44420  13.301  -19.731  81.442 0.0000000000
58014  31.888  -4.905  68.766 0.0000000000
57222  31.068  -6.554  69.450 0.0000000000
55524  34.431  -9.053  71.783 0.0000000000
55525  33.640  -8.516  71.420 0.0000000000
55538  32.473  -8.255  70.318 0.0000000000
55550  32.863  -9.140  69.927 0.0000000000
54677  32.726  -10.078  69.278 0.0000000000
113402  32.592  -10.529  68.893 0.0000000000
108326  33.239  -10.995  68.894 0.0000000000
52974  34.007  -11.677  68.343 0.0000000000
50180  33.727  -13.854  70.369 0.0000000000
51093  33.881  -12.985  70.051 0.0000000000
105789  32.518  -14.587  69.599 0.0000000000
54585  29.383  -8.921  77.387 0.0000000000
53730  30.206  -9.223  76.725 0.0000000000
53745  30.535  -9.878  75.994 0.0000000000
51945  29.977  -12.517  74.257 0.0000000000
51930  31.041  -11.801  74.919 0.0000000000
51004  31.425  -12.376  74.563 0.0000000000
51928  32.414  -12.045  74.722 0.0000000000
51927  33.172  -12.033  74.596 0.0000000000
51002  32.834  -12.781  74.481 0.0000000000
51020  33.237  -13.711  74.066 0.0000000000
51040  33.782  -14.254  73.530 0.0000000000
49238  31.971  -15.083  73.088 0.0000000000
49278  27.814  -14.803  69.580 0.0000000000
49267  29.163  -14.718  70.563 0.0000000000
49277  28.616  -14.977  69.680 0.0000000000
48391  29.292  -15.082  69.630 0.0000000000
48404  29.389  -15.660  68.697 0.0000000000
48416  28.582  -16.317  67.845 0.0000000000
113010  34.873  -4.587  65.455 0.0000000000
57247  34.413  -5.219  64.697 0.0000000000
55607  30.255  -7.842  63.390 0.0000000000
55626  30.486  -8.310  62.533 0.0000000000
62157  47.142  0.064  45.137 0.0000000000
63008  47.461  0.979  45.162 0.0000000000
55598  39.589  -8.516  63.387 0.0000000000
55599  38.998  -8.034  63.215 0.0000000000
55600  38.355  -7.721  63.063 0.0000000000
111979  37.649  -7.286  63.023 0.0000000000
112363  35.935  -6.826  62.500 0.0000000000
111048  35.066  -6.699  62.298 0.0000000000
57240  41.831  -5.405  64.443 0.0000000000
57254  40.722  -6.220  63.585 0.0000000000
103422  40.632  -6.592  63.145 0.0000000000
55579  40.084  -7.896  63.306 0.0000000000
43588  18.115  -21.594  75.950 0.0000000000
43580  18.226  -20.550  76.584 0.0000000000
109128  17.310  -21.327  78.544 0.0000000000
50066  25.649  -13.723  79.237 0.0000000000
112689  25.768  -13.752  78.530 0.0000000000
102904  25.372  -15.444  78.142 0.0000000000
48328  25.251  -15.731  77.508 0.0000000000
47453  25.115  -16.057  76.972 0.0000000000
46442  24.503  -16.779  76.887 0.0000000000
46452  24.679  -16.438  76.303 0.0000000000
45503  23.626  -17.243  75.025 0.0000000000
45517  22.771  -17.879  74.530 0.0000000000
45506  21.026  -18.462  75.368 0.0000000000
45520  20.572  -19.176  74.607 0.0000000000
46392  24.539  -16.249  82.319 0.0000000000
48264  25.181  -15.519  83.379 0.0000000000
105637  43.337  -6.120  60.430 0.0000000000
101107  43.035  -6.064  59.551 0.0000000000
56479  43.568  -5.774  58.804 0.0000000000
57323  41.235  -4.913  57.529 0.0000000000
43528  20.178  -19.325  83.165 0.0000000000
43529  19.563  -19.707  82.909 0.0000000000
42613  18.588  -20.434  83.033 0.0000000000
42602  18.683  -20.305  83.820 0.0000000000
42614  18.264  -20.512  83.471 0.0000000000
99746  17.958  -20.721  83.001 0.0000000000
42626  17.297  -20.787  83.050 0.0000000000
42627  16.637  -20.640  82.908 0.0000000000
44346  14.051  -19.405  86.211 0.0000000000
44373  13.130  -18.999  85.136 0.0000000000
45435  10.998  -19.041  82.851 0.0000000000
45436  9.952  -19.536  82.654 0.0000000000
55515  34.956  -8.754  72.583 0.0000000000
117485  34.666  -9.497  71.416 0.0000000000
54661  34.574  -10.401  70.276 0.0000000000
53802  34.766  -10.891  70.071 0.0000000000
52945  34.872  -11.375  70.000 0.0000000000
52003  34.770  -11.977  69.819 0.0000000000
51996  34.886  -11.446  71.102 0.0000000000
51997  34.613  -12.017  70.743 0.0000000000
51092  34.325  -12.527  70.394 0.0000000000
51077  34.203  -13.401  70.817 0.0000000000
50166  34.350  -14.492  71.011 0.0000000000
52896  28.443  -10.545  75.308 0.0000000000
51932  28.896  -11.084  74.828 0.0000000000
112845  29.276  -11.734  74.444 0.0000000000
51025  28.895  -12.087  73.891 0.0000000000
50126  30.993  -13.757  72.956 0.0000000000
50127  30.046  -13.679  72.767 0.0000000000
116712  29.471  -13.962  72.273 0.0000000000
50155  28.467  -13.960  71.079 0.0000000000
50156  27.479  -13.590  70.655 0.0000000000
57236  31.634  -5.567  65.999 0.0000000000
103998  31.718  -6.034  65.119 0.0000000000
55572  29.496  -7.796  65.423 0.0000000000
55586  29.683  -7.704  64.391 0.0000000000
63006  47.177  0.874  46.006 0.0000000000
60599  47.361  -1.908  45.458 0.0000000000
55689  38.822  -6.373  59.405 0.0000000000
55676  37.440  -6.736  59.703 0.0000000000
54750  38.539  -7.707  62.643 0.0000000000
54772  38.121  -7.446  62.071 0.0000000000
54792  36.755  -7.088  60.802 0.0000000000
57261  41.818  -5.739  63.283 0.0000000000
118677  41.912  -6.822  61.050 0.0000000000
56444  41.987  -6.959  60.731 0.0000000000
55654  41.703  -7.337  60.900 0.0000000000
55636  41.432  -7.628  61.386 0.0000000000
55655  41.454  -7.471  60.965 0.0000000000
115693  28.576  -8.734  78.717 0.0000000000
119047  28.967  -8.727  78.101 0.0000000000
54597  28.622  -9.193  76.950 0.0000000000
53746  28.114  -9.688  76.345 0.0000000000
51906  26.027  -12.643  78.218 0.0000000000
115137  26.251  -12.722  77.481 0.0000000000
50090  26.167  -14.384  77.008 0.0000000000
104214  26.292  -11.790  76.825 0.0000000000
112562  26.559  -10.970  76.278 0.0000000000
53757  27.262  -10.582  75.658 0.0000000000
51933  26.612  -11.629  74.960 0.0000000000
51027  26.302  -12.942  74.170 0.0000000000
111120  27.014  -15.332  74.414 0.0000000000
110840  26.261  -15.213  73.720 0.0000000000
111564  25.631  -14.745  72.805 0.0000000000
48381  24.776  -16.229  71.917 0.0000000000
45536  22.162  -18.780  73.532 0.0000000000
53843  30.874  -11.101  67.488 0.0000000000
60551  46.992  -1.705  53.467 0.0000000000
60555  46.830  -1.426  52.833 0.0000000000
60560  46.601  -1.108  52.206 0.0000000000
60565  46.342  -0.986  51.392 0.0000000000
45475  21.110  -18.187  78.563 0.0000000000
45464  21.609  -18.113  79.014 0.0000000000
105184  21.358  -18.225  79.655 0.0000000000
45454  22.350  -17.735  80.255 0.0000000000
44443  21.532  -18.137  80.407 0.0000000000
44417  20.761  -18.754  81.950 0.0000000000
44405  20.771  -18.831  82.695 0.0000000000
46393  24.007  -16.629  82.209 0.0000000000
45420  23.520  -16.955  82.685 0.0000000000
45433  22.644  -17.789  82.437 0.0000000000
46377  23.442  -17.315  84.096 0.0000000000
45422  22.724  -17.752  83.272 0.0000000000
43518  20.229  -19.361  83.838 0.0000000000
43507  20.223  -19.447  84.535 0.0000000000
44371  20.693  -19.066  84.996 0.0000000000
43483  20.188  -19.543  85.172 0.0000000000
55435  31.936  -7.980  81.146 0.0000000000
54546  28.392  -8.667  80.716 0.0000000000
52829  26.396  -11.171  80.238 0.0000000000
52818  26.450  -11.566  81.112 0.0000000000
51863  26.123  -12.523  80.715 0.0000000000
50946  25.846  -13.351  80.134 0.0000000000
49192  25.571  -14.460  79.208 0.0000000000
48303  25.522  -15.716  79.086 0.0000000000
46419  24.743  -16.643  78.669 0.0000000000
46412  24.887  -16.680  79.504 0.0000000000
101626  24.134  -17.119  78.270 0.0000000000
99768  23.472  -17.472  78.340 0.0000000000
58127  46.394  -4.722  56.177 0.0000000000
58943  43.060  -3.295  54.780 0.0000000000
103823  42.968  -4.625  57.095 0.0000000000
58115  42.926  -4.147  56.497 0.0000000000
58958  41.447  -3.586  53.412 0.0000000000
45476  20.312  -18.428  78.285 0.0000000000
118104  18.632  -19.690  78.956 0.0000000000
44446  19.006  -19.472  79.523 0.0000000000
42669  17.691  -20.814  78.857 0.0000000000
41703  17.093  -21.488  78.671 0.0000000000
43543  18.760  -20.258  81.724 0.0000000000
42639  17.662  -20.778  81.282 0.0000000000
43501  14.549  -19.657  85.055 0.0000000000
106507  14.631  -19.752  83.743 0.0000000000
102627  15.590  -20.226  82.258 0.0000000000
43544  15.355  -20.269  81.397 0.0000000000
43555  14.166  -20.287  80.118 0.0000000000
44433  13.840  -19.922  80.818 0.0000000000
47329  9.050  -16.521  87.716 0.0000000000
48222  8.113  -16.516  87.505 0.0000000000
48223  7.238  -16.551  87.231 0.0000000000
58047  37.922  -4.710  65.218 0.0000000000
58035  33.852  -4.446  65.864 0.0000000000
57235  32.358  -4.947  66.180 0.0000000000
112495  30.838  -5.968  66.704 0.0000000000
57229  30.385  -6.575  67.258 0.0000000000
58023  31.223  -5.408  68.230 0.0000000000
56386  30.126  -7.338  67.374 0.0000000000
54685  30.707  -9.574  67.958 0.0000000000
56374  31.457  -6.760  70.137 0.0000000000
56378  31.198  -7.278  69.589 0.0000000000
55552  31.407  -8.092  69.333 0.0000000000
55558  30.991  -8.449  68.751 0.0000000000
53842  31.769  -11.357  67.833 0.0000000000
113818  32.538  -13.938  67.710 0.0000000000
52960  34.467  -11.754  68.823 0.0000000000
52010  34.127  -12.260  68.481 0.0000000000
51105  33.552  -12.845  68.263 0.0000000000
114929  33.118  -13.369  68.033 0.0000000000
49313  32.510  -14.143  68.001 0.0000000000
48430  30.906  -16.498  67.018 0.0000000000
54554  31.900  -8.528  79.593 0.0000000000
54568  32.939  -8.772  78.592 0.0000000000
53726  33.492  -9.549  76.874 0.0000000000
52884  30.920  -10.775  75.487 0.0000000000
51916  31.306  -11.419  75.117 0.0000000000
52883  31.629  -10.832  75.347 0.0000000000
116143  32.518  -10.123  75.901 0.0000000000
52866  33.733  -10.022  76.002 0.0000000000
52865  34.365  -9.936  76.016 0.0000000000
51926  33.754  -11.873  74.399 0.0000000000
51924  34.380  -11.457  74.208 0.0000000000
51941  34.589  -11.572  73.593 0.0000000000
51956  35.026  -11.221  73.140 0.0000000000
51957  34.673  -11.727  72.871 0.0000000000
51037  34.570  -12.537  72.581 0.0000000000
110026  34.836  -13.380  72.325 0.0000000000
51039  34.159  -14.455  73.056 0.0000000000
50153  33.920  -15.227  72.092 0.0000000000
49262  33.467  -15.626  71.546 0.0000000000
49276  32.948  -16.040  70.971 0.0000000000
50140  30.669  -14.158  72.422 0.0000000000
49251  30.643  -14.864  72.217 0.0000000000
49250  31.386  -15.228  72.363 0.0000000000
49266  30.016  -14.785  71.078 0.0000000000
49265  30.832  -15.112  71.537 0.0000000000
49264  31.780  -15.657  71.688 0.0000000000
48378  32.175  -15.971  71.029 0.0000000000
108479  31.120  -15.212  69.392 0.0000000000
48415  29.522  -16.382  67.832 0.0000000000
56422  34.799  -6.279  63.177 0.0000000000
55603  34.394  -6.521  62.757 0.0000000000
56424  32.977  -6.610  63.229 0.0000000000
61361  45.990  -1.225  48.143 0.0000000000
60581  46.154  -2.052  47.328 0.0000000000
45432  23.125  -17.378  82.561 0.0000000000
46387  23.536  -16.980  83.328 0.0000000000
46399  24.517  -16.750  80.674 0.0000000000
46405  24.871  -16.575  80.282 0.0000000000
46429  24.587  -16.576  77.854 0.0000000000
46441  24.662  -16.553  77.077 0.0000000000
47384  24.901  -15.911  83.053 0.0000000000
47400  24.988  -15.848  81.120 0.0000000000
47412  25.188  -16.391  79.950 0.0000000000
47421  25.402  -16.134  79.619 0.0000000000
47454  24.887  -16.250  76.588 0.0000000000
47466  25.194  -15.889  76.077 0.0000000000
48316  25.205  -15.950  78.292 0.0000000000
48359  26.944  -15.841  74.927 0.0000000000
48373  25.115  -16.075  72.895 0.0000000000
49216  25.744  -15.275  76.428 0.0000000000
49240  26.227  -15.901  73.922 0.0000000000
50053  25.727  -13.949  80.768 0.0000000000
50078  25.615  -14.336  78.572 0.0000000000
50112  26.976  -14.582  75.625 0.0000000000
50129  26.244  -14.053  73.864 0.0000000000
50137  34.653  -14.159  72.578 0.0000000000
50144  25.388  -13.828  72.064 0.0000000000
50168  27.407  -14.185  70.013 0.0000000000
50171  24.722  -14.942  69.423 0.0000000000
50183  26.008  -13.952  69.257 0.0000000000
50967  26.013  -13.386  78.064 0.0000000000
51026  26.683  -13.592  75.081 0.0000000000
51080  25.415  -13.728  70.372 0.0000000000
51944  30.735  -12.225  74.564 0.0000000000
51959  27.777  -11.616  73.621 0.0000000000
51961  26.410  -12.163  73.410 0.0000000000
52902  34.975  -11.035  73.951 0.0000000000
53732  26.913  -9.875  77.212 0.0000000000
54644  35.203  -10.113  71.235 0.0000000000
99378  25.943  -12.565  79.753 0.0000000000
103545  25.834  -12.988  78.914 0.0000000000
104999  24.808  -16.088  81.498 0.0000000000
108434  35.494  -6.313  63.173 0.0000000000
110543  23.728  -17.255  81.041 0.0000000000
110880  35.437  -10.268  71.675 0.0000000000
111435  25.151  -15.623  80.850 0.0000000000
112866  25.294  -16.176  78.919 0.0000000000
114223  22.510  -17.707  80.959 0.0000000000
115630  23.861  -17.329  78.481 0.0000000000
117343  33.588  -15.154  72.729 0.0000000000
119301  24.306  -17.057  78.586 0.0000000000
