#!ascii label  , from subject sub-01 vox2ras=TkReg
843
115946  41.339  15.774  48.121 0.0000000000
72171  44.249  12.655  36.810 0.0000000000
110394  45.632  17.282  37.742 0.0000000000
69550  45.814  8.637  29.504 0.0000000000
70818  40.176  10.456  43.256 0.0000000000
116146  49.125  16.420  43.875 0.0000000000
71557  47.503  12.257  31.250 0.0000000000
110332  37.162  18.206  34.530 0.0000000000
73490  48.300  14.306  43.172 0.0000000000
98937  44.183  12.063  43.523 0.0000000000
68702  42.783  8.223  37.493 0.0000000000
75550  40.460  17.580  39.809 0.0000000000
76265  41.403  18.436  32.316 0.0000000000
74267  48.216  15.802  37.281 0.0000000000
107334  46.261  16.833  30.312 0.0000000000
76229  36.958  18.293  37.233 0.0000000000
72735  45.534  13.457  46.372 0.0000000000
72749  42.736  13.650  45.390 0.0000000000
102471  41.257  8.917  39.890 0.0000000000
75521  44.236  17.486  41.772 0.0000000000
75507  41.984  17.627  42.967 0.0000000000
75548  42.506  17.269  39.228 0.0000000000
75590  41.211  17.367  35.785 0.0000000000
75606  43.515  17.218  34.602 0.0000000000
72788  46.407  13.799  39.861 0.0000000000
73506  48.681  14.942  40.030 0.0000000000
73541  45.928  14.582  36.504 0.0000000000
71578  48.449  11.286  28.530 0.0000000000
73587  47.853  14.504  30.470 0.0000000000
72217  45.383  12.590  29.099 0.0000000000
72855  44.673  13.657  30.139 0.0000000000
116406  44.424  9.837  30.808 0.0000000000
67974  43.052  6.777  33.008 0.0000000000
74217  38.868  15.346  47.805 0.0000000000
72760  40.365  13.213  44.897 0.0000000000
75520  47.102  17.317  41.496 0.0000000000
70862  44.600  10.719  34.741 0.0000000000
72184  45.427  13.000  34.125 0.0000000000
70215  46.958  10.347  31.478 0.0000000000
70228  49.600  9.885  28.705 0.0000000000
73460  50.882  15.187  45.676 0.0000000000
72744  47.292  14.142  46.241 0.0000000000
72121  45.955  12.768  43.121 0.0000000000
72138  44.469  12.370  40.565 0.0000000000
71483  41.554  11.825  42.980 0.0000000000
71503  42.560  11.288  40.103 0.0000000000
70851  43.223  10.489  36.829 0.0000000000
108950  44.522  8.131  35.490 0.0000000000
73427  37.248  14.844  50.553 0.0000000000
76798  39.502  19.520  43.635 0.0000000000
99614  38.501  18.373  40.694 0.0000000000
75579  39.251  17.987  36.719 0.0000000000
75633  39.635  18.230  33.387 0.0000000000
72833  40.389  13.928  33.621 0.0000000000
74232  50.584  15.558  43.516 0.0000000000
74890  49.649  16.679  40.612 0.0000000000
115212  48.417  17.324  37.210 0.0000000000
73563  47.173  14.449  33.442 0.0000000000
118162  48.436  16.465  33.772 0.0000000000
75619  46.053  17.566  34.081 0.0000000000
75648  44.144  18.115  30.876 0.0000000000
107546  42.878  14.609  32.464 0.0000000000
76230  35.924  18.102  37.376 0.0000000000
116849  36.444  18.627  39.331 0.0000000000
73466  43.714  14.483  47.010 0.0000000000
104179  42.207  14.672  46.681 0.0000000000
100160  44.601  17.532  40.341 0.0000000000
100159  43.810  17.529  40.228 0.0000000000
106021  44.119  17.210  38.778 0.0000000000
74913  43.291  16.578  37.077 0.0000000000
74922  44.662  16.824  36.190 0.0000000000
72790  44.853  13.260  38.869 0.0000000000
73526  46.249  14.368  38.194 0.0000000000
72803  45.250  13.974  36.900 0.0000000000
70237  46.632  9.946  28.706 0.0000000000
72224  46.897  12.439  28.764 0.0000000000
70900  45.875  10.322  29.171 0.0000000000
71570  44.977  11.237  29.885 0.0000000000
69541  44.742  8.848  30.423 0.0000000000
68751  44.022  7.937  31.472 0.0000000000
68760  45.059  7.677  30.291 0.0000000000
72740  38.687  13.630  46.105 0.0000000000
75503  46.419  17.065  43.098 0.0000000000
75502  47.502  16.859  42.875 0.0000000000
108459  45.366  9.405  33.939 0.0000000000
70870  46.066  10.464  32.870 0.0000000000
111382  46.390  9.098  32.517 0.0000000000
70221  49.466  9.482  29.275 0.0000000000
69555  50.044  8.835  28.323 0.0000000000
70234  49.558  9.631  28.066 0.0000000000
72101  44.878  12.658  45.075 0.0000000000
112801  45.513  12.803  45.207 0.0000000000
72116  44.848  11.934  43.167 0.0000000000
72126  45.373  12.566  41.804 0.0000000000
71491  44.194  11.798  41.887 0.0000000000
71477  40.101  11.957  44.028 0.0000000000
104549  40.904  12.919  44.245 0.0000000000
71489  40.741  11.171  43.000 0.0000000000
69466  41.847  8.560  38.681 0.0000000000
70828  41.831  10.530  40.296 0.0000000000
70155  41.926  10.052  38.902 0.0000000000
71517  42.731  11.248  38.283 0.0000000000
70845  42.769  10.177  37.402 0.0000000000
119513  44.018  9.268  35.703 0.0000000000
69492  43.756  8.356  36.329 0.0000000000
67939  45.655  5.961  35.241 0.0000000000
103119  41.438  17.629  41.315 0.0000000000
104451  40.538  18.411  43.478 0.0000000000
76193  39.718  18.130  41.730 0.0000000000
76191  38.295  19.011  42.372 0.0000000000
115312  39.222  17.958  40.218 0.0000000000
75552  38.837  17.871  38.750 0.0000000000
75565  39.646  17.557  38.530 0.0000000000
76252  40.741  18.561  33.351 0.0000000000
75609  39.824  18.398  34.424 0.0000000000
75632  40.045  18.376  33.035 0.0000000000
74299  40.427  16.245  33.461 0.0000000000
74308  40.882  16.470  32.884 0.0000000000
115849  49.003  14.542  44.386 0.0000000000
73473  50.961  15.075  44.924 0.0000000000
73488  50.105  14.880  43.033 0.0000000000
74260  48.511  15.805  38.098 0.0000000000
74248  49.768  15.928  39.779 0.0000000000
74259  49.026  16.305  38.417 0.0000000000
75555  49.119  17.158  38.569 0.0000000000
74911  48.793  17.007  37.145 0.0000000000
72190  46.474  12.842  32.826 0.0000000000
72823  46.481  14.083  33.821 0.0000000000
72839  47.194  13.214  32.303 0.0000000000
74320  47.313  15.753  30.493 0.0000000000
73571  48.254  15.316  32.111 0.0000000000
108540  47.498  16.718  31.841 0.0000000000
75617  47.733  17.504  33.984 0.0000000000
75637  46.549  17.616  32.383 0.0000000000
105837  44.905  17.894  32.246 0.0000000000
75653  45.309  17.450  30.379 0.0000000000
72207  44.112  12.081  31.558 0.0000000000
73581  44.077  14.052  31.381 0.0000000000
72200  43.469  12.322  32.382 0.0000000000
72192  41.811  12.458  33.412 0.0000000000
74861  49.375  16.478  45.319 0.0000000000
76241  36.372  18.031  35.999 0.0000000000
76240  37.109  18.369  35.757 0.0000000000
73451  46.005  14.333  47.599 0.0000000000
73452  44.605  14.388  47.436 0.0000000000
72737  44.009  13.629  46.079 0.0000000000
72108  43.672  12.546  44.192 0.0000000000
70146  40.756  9.293  41.287 0.0000000000
75515  42.967  17.484  42.865 0.0000000000
101261  42.319  17.571  41.013 0.0000000000
100432  41.811  17.436  39.687 0.0000000000
75578  40.742  17.201  37.578 0.0000000000
75577  41.738  16.787  37.510 0.0000000000
75589  42.083  16.933  35.666 0.0000000000
75631  42.516  18.466  32.718 0.0000000000
72768  47.265  13.953  42.019 0.0000000000
73498  48.087  14.405  41.528 0.0000000000
73507  47.384  14.321  40.189 0.0000000000
73518  47.151  14.764  38.599 0.0000000000
73533  47.491  15.332  37.342 0.0000000000
71568  48.461  12.043  29.372 0.0000000000
72847  47.945  13.145  30.901 0.0000000000
72859  47.720  13.156  29.405 0.0000000000
99898  47.026  13.756  29.115 0.0000000000
73597  45.598  14.473  29.244 0.0000000000
73598  44.994  15.057  29.531 0.0000000000
72862  44.894  12.945  29.556 0.0000000000
71563  44.574  11.144  30.628 0.0000000000
70880  43.825  10.011  31.965 0.0000000000
113415  43.352  6.436  32.607 0.0000000000
74206  39.623  15.663  48.146 0.0000000000
73455  40.568  14.657  46.378 0.0000000000
73469  39.857  14.300  46.138 0.0000000000
72104  39.156  12.572  45.137 0.0000000000
71478  39.576  11.422  44.258 0.0000000000
75504  44.905  17.306  43.972 0.0000000000
99219  45.263  17.422  41.775 0.0000000000
112926  46.265  17.504  40.075 0.0000000000
119543  44.328  11.985  35.452 0.0000000000
72177  44.814  12.600  34.947 0.0000000000
71541  45.076  11.121  34.068 0.0000000000
114724  46.069  11.207  32.905 0.0000000000
71558  47.000  11.651  31.635 0.0000000000
69529  47.801  8.974  30.642 0.0000000000
70222  48.367  10.419  29.938 0.0000000000
70894  48.330  11.185  29.945 0.0000000000
70904  48.954  10.506  28.369 0.0000000000
70236  47.710  9.744  28.279 0.0000000000
68768  46.441  8.129  29.307 0.0000000000
67995  45.515  7.095  30.083 0.0000000000
73475  49.033  14.611  45.914 0.0000000000
73485  48.162  14.345  44.856 0.0000000000
72734  46.371  13.690  46.502 0.0000000000
117468  46.791  13.583  45.005 0.0000000000
72763  46.605  13.373  43.426 0.0000000000
116929  45.879  12.995  41.744 0.0000000000
72147  45.020  12.961  40.224 0.0000000000
72156  44.280  12.794  38.611 0.0000000000
72750  41.797  13.822  45.380 0.0000000000
72758  42.263  13.393  44.697 0.0000000000
72117  43.164  12.282  43.476 0.0000000000
70821  41.324  10.712  41.849 0.0000000000
71493  42.573  11.340  41.557 0.0000000000
71492  43.462  11.582  41.487 0.0000000000
71502  43.451  11.714  40.561 0.0000000000
71516  43.119  11.839  38.682 0.0000000000
72164  43.711  12.101  37.260 0.0000000000
70856  43.663  10.732  36.081 0.0000000000
70191  44.832  9.378  34.612 0.0000000000
112949  45.378  8.059  34.337 0.0000000000
68723  44.457  7.334  35.950 0.0000000000
118865  45.539  7.357  34.304 0.0000000000
107555  39.040  15.658  48.833 0.0000000000
73432  37.439  15.048  49.035 0.0000000000
73429  35.766  14.213  50.339 0.0000000000
77837  40.864  21.150  44.175 0.0000000000
77334  38.528  20.422  43.175 0.0000000000
100216  38.056  18.286  39.025 0.0000000000
76228  37.886  18.338  36.982 0.0000000000
76247  37.983  18.481  34.775 0.0000000000
107870  40.066  17.650  36.710 0.0000000000
75610  38.927  18.471  34.762 0.0000000000
74945  38.178  18.268  34.489 0.0000000000
74871  50.179  16.199  43.570 0.0000000000
73497  49.674  14.979  41.829 0.0000000000
74877  50.158  16.109  42.089 0.0000000000
74878  49.479  16.560  42.277 0.0000000000
75518  48.902  17.108  41.097 0.0000000000
104329  47.227  17.511  39.208 0.0000000000
106020  46.508  17.441  37.795 0.0000000000
72817  45.478  13.620  35.036 0.0000000000
73547  46.906  15.111  35.328 0.0000000000
74287  47.956  15.753  35.571 0.0000000000
73572  47.976  14.567  32.331 0.0000000000
74293  48.177  15.815  34.156 0.0000000000
74286  48.515  16.385  35.921 0.0000000000
75585  48.444  17.224  35.857 0.0000000000
75603  47.183  17.620  35.720 0.0000000000
75588  45.755  17.226  36.437 0.0000000000
114288  44.687  17.442  33.955 0.0000000000
112851  43.769  18.442  32.041 0.0000000000
76271  42.806  18.425  31.670 0.0000000000
74324  44.186  16.094  30.799 0.0000000000
74315  43.602  16.488  31.461 0.0000000000
74306  42.338  16.000  32.524 0.0000000000
72842  41.895  14.393  32.952 0.0000000000
68734  42.314  7.222  33.989 0.0000000000
76206  36.372  18.916  39.999 0.0000000000
74214  42.143  15.552  47.885 0.0000000000
73454  41.979  15.132  47.166 0.0000000000
105261  45.038  17.424  38.946 0.0000000000
75546  44.344  17.465  39.593 0.0000000000
75560  44.892  17.179  38.162 0.0000000000
75575  43.928  16.763  37.849 0.0000000000
75574  45.006  17.007  37.232 0.0000000000
72798  44.751  13.338  38.117 0.0000000000
107835  45.281  13.858  37.691 0.0000000000
72804  44.692  13.362  37.290 0.0000000000
70229  45.879  9.478  29.275 0.0000000000
70230  45.316  9.968  29.673 0.0000000000
69551  45.250  9.147  29.862 0.0000000000
110985  44.711  8.195  30.516 0.0000000000
69540  45.194  8.372  30.052 0.0000000000
74862  48.216  16.568  45.233 0.0000000000
74868  47.961  16.529  44.319 0.0000000000
74874  47.061  16.714  43.782 0.0000000000
74873  48.258  16.597  43.367 0.0000000000
69514  46.083  8.464  33.021 0.0000000000
70201  45.918  9.432  33.152 0.0000000000
69547  50.204  8.797  28.655 0.0000000000
68776  49.845  8.318  28.316 0.0000000000
106092  49.230  8.376  28.264 0.0000000000
105855  38.207  17.857  34.552 0.0000000000
72107  44.557  12.360  44.359 0.0000000000
108480  44.886  12.099  43.863 0.0000000000
72123  44.806  12.012  42.306 0.0000000000
71481  44.248  11.801  42.678 0.0000000000
104130  40.115  11.260  43.644 0.0000000000
71484  40.696  11.875  43.505 0.0000000000
69477  42.268  8.881  38.026 0.0000000000
70164  41.945  9.315  38.556 0.0000000000
70163  42.299  9.898  38.092 0.0000000000
70170  42.694  9.244  37.371 0.0000000000
69484  43.234  8.745  36.801 0.0000000000
75536  40.774  17.700  40.630 0.0000000000
75525  40.578  17.816  41.599 0.0000000000
75526  40.097  17.935  41.019 0.0000000000
76194  39.396  18.115  40.928 0.0000000000
75537  39.923  17.802  40.335 0.0000000000
75551  39.569  17.662  39.501 0.0000000000
109289  40.232  17.376  39.120 0.0000000000
76259  40.999  18.591  32.753 0.0000000000
76260  40.244  18.546  33.045 0.0000000000
76266  40.648  18.417  32.713 0.0000000000
75643  40.399  18.143  32.655 0.0000000000
74956  40.921  17.587  32.426 0.0000000000
73489  49.434  14.645  43.562 0.0000000000
74266  48.703  16.455  37.607 0.0000000000
74905  49.051  16.890  38.018 0.0000000000
74277  48.575  16.454  36.761 0.0000000000
72199  46.944  12.338  32.101 0.0000000000
72198  47.561  12.867  31.535 0.0000000000
74321  46.523  15.839  29.856 0.0000000000
74961  47.853  15.962  31.476 0.0000000000
119401  46.711  16.925  30.783 0.0000000000
75636  47.113  17.305  32.191 0.0000000000
103396  45.883  17.562  30.921 0.0000000000
71559  43.673  11.422  32.145 0.0000000000
70881  43.350  10.701  32.683 0.0000000000
71560  43.015  11.660  32.885 0.0000000000
76221  36.476  18.433  38.523 0.0000000000
76249  36.771  18.078  34.908 0.0000000000
73440  45.361  14.673  48.067 0.0000000000
73441  44.542  14.903  48.115 0.0000000000
73467  42.994  14.398  46.566 0.0000000000
119207  43.657  14.083  46.455 0.0000000000
72738  43.214  13.865  46.008 0.0000000000
72748  43.630  13.387  45.446 0.0000000000
72757  43.199  13.167  44.748 0.0000000000
101263  44.383  17.352  43.345 0.0000000000
75505  43.440  17.474  43.588 0.0000000000
75514  43.843  17.421  42.695 0.0000000000
117901  43.265  17.518  40.170 0.0000000000
75534  43.214  17.555  40.770 0.0000000000
118440  42.602  17.516  40.110 0.0000000000
75535  41.690  17.577  40.441 0.0000000000
106107  41.790  17.175  39.011 0.0000000000
75562  42.225  16.928  38.463 0.0000000000
74923  43.634  16.624  36.291 0.0000000000
74924  42.714  16.628  36.354 0.0000000000
74936  43.036  16.824  35.552 0.0000000000
75607  42.376  17.367  34.819 0.0000000000
75621  42.511  17.864  33.770 0.0000000000
72781  46.544  13.593  40.734 0.0000000000
72780  47.319  13.970  41.132 0.0000000000
73535  45.987  14.465  37.417 0.0000000000
104960  46.915  14.887  37.728 0.0000000000
73534  46.808  15.092  36.887 0.0000000000
72222  48.420  11.962  28.870 0.0000000000
72211  48.209  12.724  29.697 0.0000000000
72216  48.225  12.488  29.254 0.0000000000
72225  46.089  12.035  28.840 0.0000000000
72867  46.933  13.134  28.959 0.0000000000
72868  46.015  12.958  28.804 0.0000000000
73596  46.605  14.421  29.239 0.0000000000
72861  45.419  13.460  29.091 0.0000000000
70887  44.663  10.420  30.428 0.0000000000
70888  44.252  10.369  31.193 0.0000000000
70217  44.141  9.586  31.369 0.0000000000
107284  44.116  8.993  31.406 0.0000000000
107648  43.938  7.274  31.654 0.0000000000
102150  39.741  15.353  47.435 0.0000000000
118269  39.166  14.985  47.097 0.0000000000
101634  39.606  12.158  44.551 0.0000000000
71479  38.988  11.705  44.787 0.0000000000
75511  46.804  17.154  42.328 0.0000000000
75512  45.762  17.295  42.462 0.0000000000
99220  46.131  17.344  41.824 0.0000000000
99218  45.951  17.470  41.058 0.0000000000
113829  46.895  17.470  40.705 0.0000000000
71542  44.637  11.632  34.748 0.0000000000
118403  46.306  11.009  32.582 0.0000000000
106347  46.523  11.515  32.371 0.0000000000
70886  47.096  11.088  31.342 0.0000000000
69539  48.796  8.832  29.975 0.0000000000
114309  49.093  10.036  29.364 0.0000000000
70893  48.988  10.594  29.206 0.0000000000
102602  48.723  11.274  29.221 0.0000000000
70899  49.191  10.542  28.678 0.0000000000
69557  48.554  8.793  28.214 0.0000000000
70235  48.869  9.572  28.020 0.0000000000
109556  47.860  9.103  28.286 0.0000000000
69549  46.748  9.033  28.792 0.0000000000
69558  47.400  8.422  28.687 0.0000000000
68007  46.189  7.262  29.614 0.0000000000
73463  47.815  14.499  46.919 0.0000000000
73462  48.778  14.710  46.684 0.0000000000
116627  48.163  14.499  46.310 0.0000000000
73476  48.127  14.408  45.655 0.0000000000
72729  45.789  13.826  47.019 0.0000000000
72728  46.400  14.082  47.170 0.0000000000
72114  45.992  12.804  44.009 0.0000000000
72100  46.127  12.957  44.976 0.0000000000
72756  46.661  13.448  44.279 0.0000000000
72766  46.561  13.383  42.566 0.0000000000
72125  45.917  12.890  42.284 0.0000000000
72137  45.217  12.658  40.927 0.0000000000
72148  44.508  12.772  39.569 0.0000000000
73479  40.509  14.192  45.864 0.0000000000
73478  41.312  14.320  45.994 0.0000000000
72751  40.872  13.808  45.401 0.0000000000
72119  41.270  12.476  43.661 0.0000000000
72110  41.765  12.999  44.101 0.0000000000
72118  42.168  12.460  43.467 0.0000000000
72109  42.711  12.839  44.093 0.0000000000
71482  42.601  11.930  42.860 0.0000000000
108243  40.948  9.083  40.506 0.0000000000
70825  40.993  10.111  41.578 0.0000000000
70145  41.270  9.896  40.823 0.0000000000
70836  42.142  10.707  39.446 0.0000000000
70827  42.306  11.068  40.906 0.0000000000
98857  42.917  11.377  40.920 0.0000000000
71524  42.921  10.968  37.508 0.0000000000
106308  43.242  11.641  37.800 0.0000000000
72157  43.670  12.282  38.201 0.0000000000
102925  43.413  11.321  36.943 0.0000000000
69491  44.165  8.735  35.705 0.0000000000
70182  44.354  9.437  35.298 0.0000000000
69499  44.657  8.767  35.080 0.0000000000
69506  45.128  8.745  34.444 0.0000000000
69498  44.907  8.153  34.887 0.0000000000
67927  44.794  6.402  36.242 0.0000000000
67952  45.544  6.682  34.709 0.0000000000
68732  45.927  6.722  34.028 0.0000000000
74193  39.659  15.841  49.639 0.0000000000
74179  37.911  15.316  49.979 0.0000000000
108982  37.125  14.894  49.794 0.0000000000
73433  36.578  14.606  49.288 0.0000000000
76186  39.685  18.694  43.298 0.0000000000
76796  40.139  19.639  44.080 0.0000000000
77330  39.906  20.314  43.930 0.0000000000
77841  40.545  21.525  43.681 0.0000000000
77842  39.739  21.134  43.557 0.0000000000
77843  38.970  20.986  43.283 0.0000000000
76799  38.829  19.813  43.329 0.0000000000
76195  37.975  18.789  41.573 0.0000000000
76196  37.564  18.782  40.822 0.0000000000
76205  37.142  18.733  40.207 0.0000000000
76204  37.864  18.474  39.963 0.0000000000
75566  38.895  17.918  37.635 0.0000000000
76219  38.183  18.188  38.079 0.0000000000
76227  38.554  18.286  36.593 0.0000000000
76239  37.872  18.487  35.719 0.0000000000
76238  38.659  18.415  35.721 0.0000000000
101689  40.963  17.254  36.651 0.0000000000
75591  40.122  17.919  35.605 0.0000000000
76261  39.715  18.363  33.443 0.0000000000
76246  39.202  18.397  33.928 0.0000000000
76254  38.409  18.343  34.398 0.0000000000
75623  39.105  18.325  33.992 0.0000000000
74944  39.086  17.895  33.944 0.0000000000
74300  39.869  17.523  33.401 0.0000000000
73565  40.500  14.901  33.566 0.0000000000
74220  51.251  15.600  45.934 0.0000000000
114603  50.692  15.269  43.832 0.0000000000
74227  51.114  15.554  44.723 0.0000000000
74229  50.863  15.568  44.155 0.0000000000
74865  50.887  15.978  44.419 0.0000000000
74870  50.636  15.899  43.803 0.0000000000
98800  48.103  14.508  40.776 0.0000000000
118098  49.063  14.936  41.075 0.0000000000
115748  49.826  16.392  40.006 0.0000000000
74241  49.990  15.959  40.498 0.0000000000
74881  50.023  16.124  41.174 0.0000000000
74882  49.601  16.580  41.508 0.0000000000
75509  48.806  16.960  41.872 0.0000000000
75556  48.724  17.244  37.838 0.0000000000
99688  48.352  17.451  38.641 0.0000000000
118346  47.541  17.508  38.513 0.0000000000
75557  47.736  17.504  37.792 0.0000000000
72818  44.916  13.219  35.677 0.0000000000
72816  46.277  14.328  34.716 0.0000000000
73554  47.028  14.772  34.319 0.0000000000
73546  47.692  15.483  34.705 0.0000000000
108267  48.075  13.760  30.964 0.0000000000
72838  47.780  13.665  31.751 0.0000000000
73579  48.105  14.440  31.481 0.0000000000
104903  48.364  16.426  33.256 0.0000000000
73561  48.165  15.340  32.933 0.0000000000
105909  48.460  16.418  34.203 0.0000000000
74292  48.403  16.271  34.969 0.0000000000
74934  48.633  16.840  35.488 0.0000000000
74943  48.567  16.924  34.691 0.0000000000
75618  47.138  17.609  34.375 0.0000000000
118205  47.358  17.564  35.091 0.0000000000
99215  46.443  17.507  35.101 0.0000000000
113790  46.358  17.457  35.885 0.0000000000
75604  45.543  17.221  35.615 0.0000000000
76264  44.185  18.280  31.198 0.0000000000
75629  44.246  17.977  32.644 0.0000000000
115251  43.803  18.396  31.416 0.0000000000
75640  43.415  18.498  31.696 0.0000000000
75649  43.537  18.200  31.212 0.0000000000
73589  44.696  14.597  30.011 0.0000000000
74323  44.671  15.643  30.046 0.0000000000
73580  44.469  14.154  30.655 0.0000000000
72840  43.457  13.921  32.186 0.0000000000
116667  43.561  14.763  31.777 0.0000000000
114218  43.098  15.646  32.186 0.0000000000
74965  42.676  17.003  31.900 0.0000000000
73573  42.374  15.208  32.639 0.0000000000
103960  41.712  11.853  33.534 0.0000000000
112433  41.199  12.981  33.467 0.0000000000
110760  43.225  7.590  32.873 0.0000000000
68739  42.695  7.039  33.444 0.0000000000
107493  35.574  18.357  38.402 0.0000000000
73442  43.817  14.943  47.745 0.0000000000
74213  43.123  15.453  48.132 0.0000000000
73453  42.851  14.961  47.300 0.0000000000
73477  42.290  14.183  46.044 0.0000000000
99217  44.892  17.519  41.049 0.0000000000
99216  44.048  17.554  40.922 0.0000000000
75561  43.171  17.030  38.627 0.0000000000
74912  44.113  16.654  36.951 0.0000000000
74935  43.905  16.787  35.559 0.0000000000
72789  45.454  13.420  39.491 0.0000000000
72796  46.239  14.163  39.006 0.0000000000
72797  45.498  13.774  38.482 0.0000000000
118746  45.736  14.135  37.953 0.0000000000
70906  47.465  10.579  28.365 0.0000000000
111042  47.774  11.944  28.600 0.0000000000
71580  46.716  11.271  28.618 0.0000000000
71581  45.926  11.154  29.020 0.0000000000
71575  45.424  11.718  29.304 0.0000000000
70901  45.394  10.821  29.520 0.0000000000
70895  45.005  10.418  29.942 0.0000000000
70223  44.785  9.686  30.270 0.0000000000
69531  44.298  8.477  31.029 0.0000000000
68750  44.423  7.611  30.917 0.0000000000
67985  44.361  6.725  31.187 0.0000000000
73443  38.122  14.933  47.758 0.0000000000
73457  38.476  14.721  47.166 0.0000000000
73471  38.142  14.043  46.647 0.0000000000
99161  45.894  17.109  43.902 0.0000000000
75510  47.845  17.084  42.134 0.0000000000
115977  45.075  10.173  34.143 0.0000000000
70202  45.563  10.022  33.496 0.0000000000
70208  46.453  9.943  32.326 0.0000000000
69538  49.851  8.816  29.319 0.0000000000
69548  50.023  9.193  28.750 0.0000000000
70227  49.816  9.275  28.382 0.0000000000
70898  49.466  9.875  28.280 0.0000000000
69556  49.577  9.117  28.091 0.0000000000
73449  47.483  14.553  47.644 0.0000000000
72746  45.198  13.116  45.689 0.0000000000
72106  45.341  12.449  44.484 0.0000000000
72115  45.385  12.300  43.595 0.0000000000
72122  45.381  12.328  42.733 0.0000000000
72127  44.690  12.174  41.445 0.0000000000
71501  44.062  11.887  41.104 0.0000000000
72111  40.211  12.566  44.418 0.0000000000
114153  40.611  12.396  43.940 0.0000000000
70156  41.599  9.293  39.281 0.0000000000
70148  41.409  9.660  40.056 0.0000000000
70837  41.715  10.107  39.580 0.0000000000
71511  42.578  11.344  39.099 0.0000000000
70841  42.338  10.687  38.632 0.0000000000
70846  42.570  10.636  37.972 0.0000000000
102873  43.487  9.944  36.287 0.0000000000
70169  43.152  9.617  36.769 0.0000000000
70176  43.651  9.190  36.155 0.0000000000
119416  45.298  6.000  35.853 0.0000000000
67111  46.343  5.286  35.181 0.0000000000
75516  41.211  17.706  42.264 0.0000000000
76188  41.040  17.902  43.035 0.0000000000
76189  40.257  18.113  42.597 0.0000000000
76190  39.229  18.531  42.520 0.0000000000
76801  38.912  19.173  43.084 0.0000000000
103430  38.810  18.426  41.669 0.0000000000
76203  38.697  18.083  39.686 0.0000000000
75608  41.449  17.611  34.989 0.0000000000
100760  40.643  17.909  35.031 0.0000000000
75622  40.660  18.297  34.232 0.0000000000
76253  39.940  18.490  33.553 0.0000000000
74950  39.943  18.098  32.970 0.0000000000
74957  40.364  17.400  32.938 0.0000000000
73575  40.785  15.506  33.198 0.0000000000
73474  50.133  14.769  45.366 0.0000000000
73483  50.149  14.760  44.429 0.0000000000
111179  50.419  14.934  43.690 0.0000000000
73487  50.406  15.193  43.232 0.0000000000
73516  48.614  15.260  39.258 0.0000000000
74249  49.306  15.586  39.532 0.0000000000
74250  48.916  15.712  38.817 0.0000000000
74258  49.463  16.050  39.105 0.0000000000
74897  49.652  16.476  39.410 0.0000000000
74889  49.502  16.969  39.771 0.0000000000
74904  49.343  16.636  38.763 0.0000000000
72191  45.807  12.485  33.415 0.0000000000
72830  46.091  13.303  33.526 0.0000000000
72829  46.796  13.665  33.047 0.0000000000
74313  48.045  15.164  31.189 0.0000000000
74954  48.217  16.197  32.402 0.0000000000
74949  47.968  16.965  32.794 0.0000000000
74948  48.298  17.077  33.793 0.0000000000
99028  47.518  17.486  33.104 0.0000000000
75627  46.719  17.692  33.317 0.0000000000
75628  45.428  17.693  33.073 0.0000000000
98717  45.741  17.761  32.328 0.0000000000
75647  45.016  17.935  30.969 0.0000000000
75654  44.693  17.552  30.445 0.0000000000
72206  44.525  12.723  30.693 0.0000000000
72848  44.426  13.530  30.941 0.0000000000
72849  43.985  13.107  31.735 0.0000000000
105024  43.139  13.171  32.639 0.0000000000
72841  42.685  13.858  32.686 0.0000000000
72201  42.657  12.475  33.034 0.0000000000
104726  42.326  11.923  33.303 0.0000000000
74867  48.907  16.438  44.641 0.0000000000
75612  36.826  18.038  34.800 0.0000000000
111939  37.059  18.112  34.671 0.0000000000
72730  45.063  13.772  46.918 0.0000000000
73465  44.314  13.963  46.688 0.0000000000
72736  44.764  13.473  46.243 0.0000000000
72747  44.449  13.182  45.558 0.0000000000
72102  44.105  12.820  44.908 0.0000000000
70822  40.715  10.425  42.396 0.0000000000
70143  40.556  9.492  42.108 0.0000000000
69467  41.514  8.311  39.453 0.0000000000
109172  42.248  8.117  38.197 0.0000000000
115504  43.470  7.955  36.944 0.0000000000
75506  42.660  17.602  43.502 0.0000000000
75522  43.544  17.534  41.411 0.0000000000
103194  42.637  17.510  42.287 0.0000000000
75524  42.061  17.538  41.919 0.0000000000
101437  41.173  17.581  39.963 0.0000000000
75549  41.041  17.293  39.218 0.0000000000
75563  41.333  17.025  38.395 0.0000000000
74925  41.837  16.778  36.504 0.0000000000
74914  42.460  16.603  37.056 0.0000000000
108667  41.555  18.081  34.060 0.0000000000
76251  41.636  18.558  33.107 0.0000000000
76258  41.820  18.552  32.392 0.0000000000
73494  48.136  14.360  42.328 0.0000000000
103472  47.859  14.808  39.348 0.0000000000
116882  46.961  14.421  39.424 0.0000000000
73517  48.166  15.273  38.650 0.0000000000
73525  47.741  15.339  37.947 0.0000000000
110693  47.928  12.250  30.598 0.0000000000
72205  47.841  12.639  30.887 0.0000000000
72212  48.153  12.613  30.193 0.0000000000
72854  48.066  13.417  30.166 0.0000000000
72223  47.824  12.587  28.938 0.0000000000
73595  47.447  14.065  29.624 0.0000000000
73588  47.078  15.037  29.726 0.0000000000
74329  46.125  15.223  29.459 0.0000000000
74322  45.681  16.108  29.665 0.0000000000
74330  45.406  15.385  29.482 0.0000000000
101995  45.043  14.012  29.531 0.0000000000
72218  45.089  12.143  29.516 0.0000000000
72213  44.768  11.996  30.147 0.0000000000
103829  44.479  11.813  30.878 0.0000000000
104971  43.858  10.699  31.868 0.0000000000
70209  43.791  9.161  32.031 0.0000000000
67973  43.514  7.064  32.395 0.0000000000
104452  40.501  15.714  47.929 0.0000000000
74215  41.317  15.428  47.436 0.0000000000
74216  40.551  15.227  47.038 0.0000000000
73456  39.808  14.865  46.721 0.0000000000
72752  39.960  13.692  45.572 0.0000000000
73470  39.034  14.381  46.506 0.0000000000
72739  39.342  13.866  45.973 0.0000000000
72103  39.674  13.109  45.198 0.0000000000
72112  39.775  12.731  44.827 0.0000000000
114299  44.088  17.401  44.021 0.0000000000
75513  44.786  17.370  42.542 0.0000000000
99430  45.359  17.250  43.233 0.0000000000
75545  45.241  17.508  39.771 0.0000000000
105262  46.031  17.486  39.125 0.0000000000
72178  44.459  12.584  35.931 0.0000000000
72185  45.169  12.072  34.065 0.0000000000
70871  45.583  10.754  33.458 0.0000000000
71548  45.649  11.593  33.421 0.0000000000
109171  46.267  11.993  32.839 0.0000000000
69530  46.935  9.286  31.604 0.0000000000
107898  48.526  9.637  29.917 0.0000000000
70214  47.604  9.924  30.693 0.0000000000
70885  47.587  10.790  30.698 0.0000000000
107027  47.660  11.630  30.763 0.0000000000
71569  48.317  11.916  29.965 0.0000000000
71574  48.784  11.236  28.802 0.0000000000
108246  49.263  9.973  28.061 0.0000000000
70905  48.555  10.218  28.136 0.0000000000
110865  48.312  10.806  28.262 0.0000000000
68759  45.665  7.840  29.783 0.0000000000
67169  46.016  6.357  30.073 0.0000000000
73461  49.905  14.932  46.229 0.0000000000
73484  49.082  14.567  45.104 0.0000000000
111658  48.266  14.285  44.030 0.0000000000
73450  46.723  14.426  47.675 0.0000000000
73464  47.002  14.209  47.050 0.0000000000
101333  45.940  13.164  45.761 0.0000000000
72745  46.618  13.536  45.687 0.0000000000
111603  47.356  14.010  45.363 0.0000000000
72762  47.411  13.868  43.720 0.0000000000
72765  47.343  13.878  42.877 0.0000000000
72769  46.458  13.414  41.669 0.0000000000
72770  45.845  13.074  41.197 0.0000000000
72782  45.738  13.244  40.402 0.0000000000
72163  44.222  12.738  37.726 0.0000000000
73468  41.387  14.886  46.686 0.0000000000
117025  41.791  14.508  46.349 0.0000000000
72759  41.325  13.430  44.748 0.0000000000
113659  43.523  11.851  42.843 0.0000000000
71488  41.373  11.161  42.357 0.0000000000
71494  41.856  11.137  41.748 0.0000000000
70824  41.671  10.670  41.215 0.0000000000
71487  42.144  11.521  42.289 0.0000000000
71486  42.999  11.614  42.226 0.0000000000
119396  43.715  11.685  42.232 0.0000000000
72139  43.839  12.204  40.014 0.0000000000
71510  43.180  11.810  39.602 0.0000000000
72149  43.702  12.359  39.130 0.0000000000
71530  43.887  11.837  36.233 0.0000000000
71535  44.180  11.217  35.433 0.0000000000
70855  44.188  10.279  35.352 0.0000000000
70183  43.860  9.785  35.765 0.0000000000
104427  44.579  9.987  34.796 0.0000000000
69515  45.619  8.643  33.792 0.0000000000
102762  44.150  8.029  35.992 0.0000000000
67940  45.066  6.758  35.435 0.0000000000
68722  44.797  7.602  35.307 0.0000000000
105564  45.839  7.685  33.671 0.0000000000
108167  40.936  16.048  48.754 0.0000000000
106147  40.042  15.930  48.801 0.0000000000
74194  38.801  15.605  49.815 0.0000000000
107412  38.264  15.425  49.227 0.0000000000
74207  38.184  15.252  48.446 0.0000000000
73444  37.473  14.729  48.102 0.0000000000
73428  36.453  14.586  50.097 0.0000000000
73434  35.848  14.277  49.537 0.0000000000
72725  36.056  13.724  48.295 0.0000000000
77848  38.360  21.253  42.800 0.0000000000
76802  38.279  19.738  42.918 0.0000000000
77335  37.866  20.436  42.744 0.0000000000
77849  37.614  21.068  42.455 0.0000000000
76212  37.136  18.536  39.360 0.0000000000
76220  37.453  18.365  38.335 0.0000000000
117521  37.659  18.327  37.684 0.0000000000
76248  37.323  18.379  34.837 0.0000000000
75611  37.590  18.289  34.667 0.0000000000
75564  40.482  17.274  38.435 0.0000000000
100209  39.862  17.565  37.623 0.0000000000
75592  39.403  18.180  35.904 0.0000000000
74937  39.147  16.918  34.677 0.0000000000
74294  39.853  16.496  34.127 0.0000000000
74224  51.234  15.559  45.324 0.0000000000
74860  50.780  16.330  45.197 0.0000000000
74866  50.024  16.344  44.435 0.0000000000
73493  49.317  14.696  42.551 0.0000000000
73492  50.092  15.114  42.442 0.0000000000
74242  49.610  15.535  40.333 0.0000000000
74235  49.934  15.588  41.490 0.0000000000
74233  50.288  15.542  42.676 0.0000000000
74876  50.360  15.974  43.042 0.0000000000
101708  49.975  16.271  42.769 0.0000000000
74872  49.320  16.500  43.023 0.0000000000
74879  48.557  16.771  42.582 0.0000000000
75519  48.130  17.201  41.495 0.0000000000
75533  47.932  17.381  40.765 0.0000000000
114706  48.843  17.311  40.191 0.0000000000
117382  48.125  17.461  40.166 0.0000000000
99772  47.444  17.510  40.087 0.0000000000
75558  46.794  17.475  38.459 0.0000000000
75559  45.788  17.398  38.364 0.0000000000
72811  44.766  13.317  36.452 0.0000000000
72810  45.346  13.901  36.045 0.0000000000
72824  45.881  13.682  34.209 0.0000000000
73548  46.032  14.499  35.630 0.0000000000
73540  46.528  15.048  36.110 0.0000000000
74279  47.318  15.444  36.193 0.0000000000
74278  48.182  15.874  36.424 0.0000000000
72828  47.475  14.035  32.650 0.0000000000
73562  47.734  14.837  33.121 0.0000000000
73553  47.642  15.167  33.877 0.0000000000
74921  48.721  16.901  36.281 0.0000000000
75571  48.458  17.254  36.576 0.0000000000
75616  48.231  17.266  34.494 0.0000000000
75602  47.929  17.498  35.466 0.0000000000
101654  47.800  17.545  36.893 0.0000000000
75587  46.912  17.606  36.504 0.0000000000
75573  46.125  17.338  37.161 0.0000000000
75605  44.630  17.069  35.134 0.0000000000
75620  43.460  17.869  33.311 0.0000000000
76257  42.600  18.629  32.015 0.0000000000
75641  41.901  18.351  31.936 0.0000000000
74968  45.180  16.945  29.883 0.0000000000
74969  44.633  16.833  30.197 0.0000000000
74970  44.058  16.889  30.926 0.0000000000
74314  44.190  14.972  30.829 0.0000000000
74964  43.503  17.644  31.192 0.0000000000
74955  41.692  17.881  31.917 0.0000000000
74307  41.650  16.753  32.459 0.0000000000
73574  41.472  15.530  32.867 0.0000000000
73564  40.890  14.630  33.217 0.0000000000
72831  42.069  13.298  33.159 0.0000000000
72832  41.030  13.732  33.343 0.0000000000
107601  44.907  6.960  30.579 0.0000000000
68733  45.174  7.473  34.817 0.0000000000
68744  43.665  7.795  32.078 0.0000000000
70216  44.392  9.240  30.874 0.0000000000
70879  46.584  10.881  32.107 0.0000000000
70907  46.469  10.654  28.740 0.0000000000
71549  42.366  11.236  33.451 0.0000000000
71564  44.183  11.222  31.382 0.0000000000
71579  47.644  11.280  28.406 0.0000000000
72753  39.198  13.315  45.583 0.0000000000
72755  47.413  13.931  44.550 0.0000000000
72860  46.194  13.745  28.907 0.0000000000
73448  48.387  14.753  47.458 0.0000000000
73482  50.856  15.160  44.289 0.0000000000
74268  47.656  15.525  36.840 0.0000000000
74298  48.372  15.946  33.589 0.0000000000
74305  48.380  15.814  32.902 0.0000000000
74331  45.036  16.070  29.652 0.0000000000
74962  47.115  16.640  30.947 0.0000000000
74963  46.720  17.168  31.190 0.0000000000
75500  42.834  17.674  44.086 0.0000000000
75523  42.860  17.530  41.571 0.0000000000
75542  49.434  17.005  39.134 0.0000000000
75543  49.027  17.312  39.281 0.0000000000
75544  48.221  17.482  39.591 0.0000000000
75547  43.399  17.400  39.537 0.0000000000
75572  47.042  17.576  37.216 0.0000000000
75576  42.808  16.701  37.801 0.0000000000
75586  47.866  17.549  36.172 0.0000000000
75601  48.351  17.230  35.134 0.0000000000
75630  43.316  18.459  32.312 0.0000000000
75638  44.909  18.009  31.598 0.0000000000
75639  44.150  18.330  31.751 0.0000000000
75642  41.092  18.214  32.259 0.0000000000
75650  42.635  18.139  31.525 0.0000000000
75655  44.183  17.716  30.738 0.0000000000
76185  40.170  18.986  43.874 0.0000000000
76270  43.634  18.355  31.292 0.0000000000
77329  40.332  20.910  44.010 0.0000000000
77331  39.211  20.363  43.527 0.0000000000
77847  39.272  21.660  42.966 0.0000000000
99175  45.475  17.342  34.795 0.0000000000
99665  45.719  17.761  31.598 0.0000000000
101262  43.346  17.494  42.089 0.0000000000
104339  48.866  14.675  41.830 0.0000000000
107800  43.936  12.042  40.582 0.0000000000
110212  45.361  14.177  47.406 0.0000000000
111957  46.968  11.786  28.599 0.0000000000
111983  47.881  17.476  34.756 0.0000000000
112943  42.063  18.550  32.005 0.0000000000
113511  46.378  17.533  31.654 0.0000000000
116032  48.006  15.449  33.546 0.0000000000
117036  45.360  17.514  40.465 0.0000000000
117289  43.705  15.553  31.448 0.0000000000
117552  42.115  11.108  41.336 0.0000000000
119647  49.839  8.759  28.210 0.0000000000
