#!ascii label  , from subject sub-01 vox2ras=TkReg
598
39769  24.392  -24.886  88.398 0.0000000000
54670  43.346  -9.771  69.004 0.0000000000
51098  51.931  -12.968  68.591 0.0000000000
51858  42.325  -11.900  80.714 0.0000000000
45419  29.377  -20.234  83.291 0.0000000000
42553  27.209  -22.314  88.232 0.0000000000
53799  48.553  -9.729  69.321 0.0000000000
54618  47.688  -9.005  73.328 0.0000000000
50941  38.071  -12.950  80.769 0.0000000000
48250  31.979  -16.393  84.492 0.0000000000
102965  55.549  -9.039  62.029 0.0000000000
53851  51.709  -10.329  65.778 0.0000000000
51923  41.224  -13.168  75.619 0.0000000000
55481  44.131  -8.355  75.836 0.0000000000
42573  26.206  -22.221  86.770 0.0000000000
41592  25.463  -23.413  88.179 0.0000000000
54668  45.261  -9.941  69.045 0.0000000000
55517  48.538  -8.643  71.356 0.0000000000
55519  46.209  -7.984  71.666 0.0000000000
118059  36.926  -14.641  83.680 0.0000000000
45380  29.873  -19.402  87.036 0.0000000000
46384  30.632  -18.205  84.280 0.0000000000
46350  30.852  -18.233  86.876 0.0000000000
56431  54.977  -7.919  62.838 0.0000000000
53044  54.471  -10.799  62.686 0.0000000000
54707  54.358  -8.986  64.299 0.0000000000
52014  50.230  -11.922  67.593 0.0000000000
52999  49.489  -11.267  65.988 0.0000000000
52013  52.151  -12.536  67.698 0.0000000000
51144  51.845  -13.032  66.082 0.0000000000
51116  50.446  -13.741  66.662 0.0000000000
51847  40.498  -12.275  81.469 0.0000000000
51905  40.086  -13.136  77.980 0.0000000000
52854  41.844  -11.309  78.909 0.0000000000
53761  43.071  -10.550  75.111 0.0000000000
54563  43.761  -9.697  78.653 0.0000000000
54577  44.879  -9.651  77.572 0.0000000000
51869  44.059  -12.178  79.262 0.0000000000
110871  28.318  -20.936  86.494 0.0000000000
52964  47.779  -12.021  67.653 0.0000000000
52942  51.169  -11.280  69.887 0.0000000000
52933  50.577  -10.995  70.566 0.0000000000
52912  48.478  -10.445  72.093 0.0000000000
50923  33.909  -13.975  82.451 0.0000000000
119442  36.698  -12.863  83.164 0.0000000000
50920  38.892  -12.742  82.999 0.0000000000
50032  40.882  -14.687  81.786 0.0000000000
49165  42.788  -15.027  80.090 0.0000000000
50035  32.375  -15.264  81.583 0.0000000000
49997  33.111  -14.849  84.678 0.0000000000
53925  55.756  -10.273  59.717 0.0000000000
105190  51.983  -9.107  65.040 0.0000000000
52049  53.179  -11.614  65.467 0.0000000000
52084  50.112  -12.881  63.798 0.0000000000
56361  43.433  -7.854  72.173 0.0000000000
56329  45.379  -7.840  74.785 0.0000000000
52890  46.476  -11.127  75.601 0.0000000000
39768  24.734  -25.534  88.335 0.0000000000
118876  24.738  -24.039  88.318 0.0000000000
40714  25.308  -24.441  88.007 0.0000000000
54669  44.289  -9.915  69.033 0.0000000000
109163  46.099  -8.626  70.207 0.0000000000
55544  44.245  -8.750  70.106 0.0000000000
46351  30.179  -18.704  86.730 0.0000000000
55614  54.044  -8.247  63.269 0.0000000000
55592  54.678  -8.634  63.838 0.0000000000
55594  53.418  -8.595  63.862 0.0000000000
52006  51.601  -12.133  68.686 0.0000000000
52030  51.239  -11.882  67.508 0.0000000000
51097  52.106  -12.795  68.314 0.0000000000
51115  51.633  -13.344  67.272 0.0000000000
51859  41.811  -11.777  80.902 0.0000000000
52843  41.299  -11.570  80.368 0.0000000000
53701  42.537  -11.040  80.069 0.0000000000
52853  42.398  -10.777  78.510 0.0000000000
53700  43.151  -10.509  79.563 0.0000000000
52839  43.994  -11.055  79.277 0.0000000000
51870  43.527  -11.676  79.864 0.0000000000
43494  27.607  -21.435  86.476 0.0000000000
43481  27.435  -21.798  87.767 0.0000000000
44337  28.880  -21.165  87.444 0.0000000000
53811  46.701  -10.682  68.603 0.0000000000
52965  46.559  -12.102  67.766 0.0000000000
52952  48.357  -11.402  68.290 0.0000000000
52951  49.717  -11.315  68.633 0.0000000000
53808  50.398  -10.843  69.480 0.0000000000
52932  50.955  -11.129  70.132 0.0000000000
54650  50.123  -10.043  70.242 0.0000000000
55509  48.245  -8.704  72.185 0.0000000000
53770  48.954  -9.703  71.797 0.0000000000
53765  47.790  -9.635  73.091 0.0000000000
52913  47.170  -10.771  73.258 0.0000000000
111192  47.391  -10.141  73.489 0.0000000000
50905  34.962  -13.563  84.057 0.0000000000
98778  35.228  -13.302  82.543 0.0000000000
50904  35.732  -13.456  83.893 0.0000000000
50003  38.406  -14.204  83.388 0.0000000000
50918  40.172  -13.347  82.363 0.0000000000
107630  31.089  -17.728  83.927 0.0000000000
47390  31.614  -17.171  82.583 0.0000000000
49141  32.324  -15.891  82.824 0.0000000000
49140  32.732  -15.109  83.289 0.0000000000
49118  32.376  -15.683  84.949 0.0000000000
108209  55.196  -7.648  61.570 0.0000000000
53915  55.485  -10.109  60.716 0.0000000000
53045  53.750  -11.179  63.077 0.0000000000
111022  50.961  -10.587  66.135 0.0000000000
54699  49.838  -9.876  65.393 0.0000000000
54698  50.589  -9.470  65.237 0.0000000000
54711  50.590  -9.245  64.514 0.0000000000
54696  52.243  -9.659  65.246 0.0000000000
54695  53.185  -9.968  65.172 0.0000000000
52978  53.060  -11.483  66.128 0.0000000000
117128  50.366  -13.458  65.411 0.0000000000
51145  51.124  -13.119  65.387 0.0000000000
50942  37.152  -13.127  80.841 0.0000000000
50966  37.929  -13.830  79.233 0.0000000000
51911  41.003  -12.983  76.576 0.0000000000
50987  39.534  -13.952  76.447 0.0000000000
54606  43.209  -9.549  75.788 0.0000000000
53773  42.681  -10.381  73.259 0.0000000000
55494  43.285  -8.427  74.421 0.0000000000
56351  42.428  -8.359  72.070 0.0000000000
55503  43.356  -7.898  73.341 0.0000000000
56339  44.682  -7.488  73.782 0.0000000000
56322  44.824  -7.864  75.192 0.0000000000
52862  45.596  -11.430  77.287 0.0000000000
53739  45.620  -10.046  76.704 0.0000000000
52861  46.105  -11.748  76.632 0.0000000000
109870  46.443  -11.776  75.624 0.0000000000
43470  26.009  -22.419  87.747 0.0000000000
42554  26.760  -22.505  88.213 0.0000000000
41599  27.481  -23.001  88.092 0.0000000000
40713  26.185  -23.879  87.782 0.0000000000
54666  47.281  -9.802  68.983 0.0000000000
99472  48.558  -9.125  69.966 0.0000000000
55542  46.969  -8.694  69.943 0.0000000000
110168  47.923  -8.189  71.110 0.0000000000
56357  47.320  -7.989  72.504 0.0000000000
116573  29.327  -19.960  84.793 0.0000000000
45418  29.696  -19.625  84.096 0.0000000000
46366  30.001  -18.588  85.892 0.0000000000
46374  30.509  -18.062  85.396 0.0000000000
48241  31.454  -16.995  85.846 0.0000000000
48240  32.069  -16.601  86.021 0.0000000000
47345  32.078  -17.488  86.469 0.0000000000
55612  55.228  -8.449  62.835 0.0000000000
53889  55.310  -9.849  62.679 0.0000000000
54721  55.042  -8.759  63.521 0.0000000000
53877  54.829  -10.048  63.946 0.0000000000
53030  53.846  -11.048  64.055 0.0000000000
52983  48.205  -12.168  66.480 0.0000000000
52981  50.105  -11.677  66.638 0.0000000000
112080  51.155  -11.459  66.714 0.0000000000
53835  51.987  -11.245  66.573 0.0000000000
52028  52.805  -12.214  66.419 0.0000000000
52029  52.413  -12.590  67.034 0.0000000000
51128  51.088  -13.432  66.192 0.0000000000
51860  39.791  -12.294  81.174 0.0000000000
50952  39.244  -13.136  79.334 0.0000000000
51872  39.890  -12.449  80.019 0.0000000000
107142  40.659  -12.482  78.578 0.0000000000
51910  41.543  -12.381  77.177 0.0000000000
51922  42.371  -12.257  75.535 0.0000000000
52863  42.474  -11.088  77.468 0.0000000000
53740  42.904  -10.411  77.159 0.0000000000
54593  43.857  -9.196  77.258 0.0000000000
55471  44.409  -8.645  76.514 0.0000000000
54561  44.347  -9.757  78.352 0.0000000000
52852  44.591  -10.986  78.515 0.0000000000
51886  44.996  -12.908  78.342 0.0000000000
106772  27.160  -22.017  84.322 0.0000000000
108303  27.848  -21.517  84.295 0.0000000000
109350  28.872  -20.474  84.996 0.0000000000
44354  28.882  -20.671  86.945 0.0000000000
44336  29.502  -20.864  87.370 0.0000000000
52015  48.954  -12.137  67.501 0.0000000000
52007  50.192  -11.723  68.268 0.0000000000
52949  51.425  -11.895  69.611 0.0000000000
113801  51.281  -12.004  70.128 0.0000000000
51991  50.858  -11.686  70.304 0.0000000000
51980  49.020  -11.957  71.100 0.0000000000
54639  49.805  -9.742  70.689 0.0000000000
53780  49.288  -10.316  71.557 0.0000000000
50945  33.769  -14.186  80.856 0.0000000000
105894  34.987  -13.822  80.605 0.0000000000
50932  36.433  -13.029  81.433 0.0000000000
51851  37.245  -12.670  81.975 0.0000000000
50902  37.140  -13.369  83.548 0.0000000000
51825  37.751  -12.848  83.235 0.0000000000
51849  38.873  -12.309  82.413 0.0000000000
51832  39.854  -12.605  82.152 0.0000000000
50931  40.605  -12.712  81.721 0.0000000000
50929  41.912  -13.436  81.119 0.0000000000
50940  42.605  -13.519  80.445 0.0000000000
114935  41.732  -14.957  81.049 0.0000000000
50924  33.255  -14.433  82.351 0.0000000000
50907  33.368  -14.230  83.592 0.0000000000
109148  34.126  -14.557  84.741 0.0000000000
49107  33.037  -15.617  85.510 0.0000000000
49106  33.730  -15.463  85.305 0.0000000000
53924  56.227  -9.945  59.195 0.0000000000
55595  52.276  -8.735  63.498 0.0000000000
54708  53.866  -9.404  64.781 0.0000000000
53864  53.798  -10.334  65.055 0.0000000000
52068  53.236  -11.494  64.613 0.0000000000
52050  52.982  -12.279  65.963 0.0000000000
113309  52.035  -12.316  64.632 0.0000000000
52083  51.648  -12.101  63.821 0.0000000000
50976  38.794  -13.926  77.801 0.0000000000
55534  41.722  -8.674  70.596 0.0000000000
55545  43.179  -8.600  70.208 0.0000000000
56360  44.403  -7.715  72.368 0.0000000000
56347  46.550  -7.842  73.053 0.0000000000
55502  46.826  -8.410  73.821 0.0000000000
55469  45.508  -8.804  75.907 0.0000000000
54604  46.516  -9.439  74.989 0.0000000000
53760  46.780  -9.975  74.626 0.0000000000
52899  46.609  -11.235  74.971 0.0000000000
50951  43.362  -13.572  79.722 0.0000000000
104459  43.988  -14.072  79.126 0.0000000000
38948  25.179  -26.603  88.254 0.0000000000
114831  24.408  -25.761  88.601 0.0000000000
40702  25.015  -24.259  88.285 0.0000000000
54655  43.788  -9.253  69.543 0.0000000000
54654  44.777  -9.336  69.563 0.0000000000
55615  52.982  -8.530  62.886 0.0000000000
109359  51.670  -12.449  69.012 0.0000000000
114579  52.021  -12.608  68.543 0.0000000000
52828  41.902  -11.468  80.514 0.0000000000
52827  42.366  -11.410  80.433 0.0000000000
52826  42.862  -11.419  80.271 0.0000000000
52840  43.278  -10.866  79.798 0.0000000000
51857  42.972  -12.436  80.258 0.0000000000
43469  26.992  -22.173  88.201 0.0000000000
43468  27.534  -22.114  88.143 0.0000000000
42563  27.679  -22.396  88.148 0.0000000000
53810  47.834  -10.617  68.657 0.0000000000
52953  47.185  -11.513  68.188 0.0000000000
53809  49.125  -10.607  68.897 0.0000000000
53798  49.819  -10.113  69.703 0.0000000000
55500  47.883  -8.651  72.853 0.0000000000
54617  48.148  -9.160  72.694 0.0000000000
53759  47.232  -9.621  73.882 0.0000000000
50888  35.203  -13.813  84.246 0.0000000000
48262  31.527  -17.119  84.152 0.0000000000
47383  31.364  -17.474  83.217 0.0000000000
102239  31.903  -16.661  83.330 0.0000000000
48272  31.927  -16.561  82.299 0.0000000000
49129  32.361  -15.778  83.907 0.0000000000
55632  55.347  -8.149  62.061 0.0000000000
55651  55.595  -7.890  61.295 0.0000000000
54760  55.661  -8.409  61.406 0.0000000000
54781  55.865  -8.945  60.955 0.0000000000
54782  55.642  -9.572  61.139 0.0000000000
53852  50.655  -9.842  65.761 0.0000000000
54697  51.332  -9.465  65.372 0.0000000000
53850  52.694  -10.565  65.672 0.0000000000
53834  52.508  -11.160  66.278 0.0000000000
51146  49.599  -13.635  65.070 0.0000000000
51161  50.250  -13.241  64.714 0.0000000000
50954  37.614  -13.548  79.957 0.0000000000
50953  38.520  -13.309  79.870 0.0000000000
50999  40.624  -13.670  75.074 0.0000000000
55482  43.568  -8.680  75.365 0.0000000000
54614  43.117  -9.439  74.774 0.0000000000
55504  43.037  -8.298  73.530 0.0000000000
102361  43.891  -8.024  74.894 0.0000000000
56331  44.057  -7.704  74.580 0.0000000000
56323  44.346  -7.934  75.128 0.0000000000
51901  45.844  -12.262  77.207 0.0000000000
51909  46.246  -12.471  76.539 0.0000000000
42556  25.360  -23.100  88.120 0.0000000000
42565  25.660  -22.751  88.016 0.0000000000
42555  26.036  -22.828  88.144 0.0000000000
42564  26.387  -22.482  88.083 0.0000000000
41591  26.406  -22.934  88.220 0.0000000000
41600  26.713  -23.154  88.173 0.0000000000
40701  25.883  -23.508  88.091 0.0000000000
53813  44.730  -10.716  68.720 0.0000000000
53812  45.693  -10.729  68.657 0.0000000000
54667  46.257  -9.891  68.968 0.0000000000
54652  47.684  -9.138  69.566 0.0000000000
102435  46.806  -9.291  69.331 0.0000000000
55530  45.663  -8.323  70.821 0.0000000000
55529  46.829  -8.218  70.821 0.0000000000
106298  47.283  -7.929  71.774 0.0000000000
56358  46.704  -7.834  72.374 0.0000000000
45393  29.225  -19.871  85.663 0.0000000000
45405  29.654  -19.330  85.269 0.0000000000
45392  29.626  -19.193  86.348 0.0000000000
46365  30.560  -18.052  86.278 0.0000000000
47362  30.896  -17.543  85.894 0.0000000000
47347  31.134  -17.534  86.354 0.0000000000
48229  31.660  -17.093  86.301 0.0000000000
56432  54.627  -7.874  62.672 0.0000000000
56441  54.357  -7.647  61.786 0.0000000000
56440  55.000  -7.618  62.159 0.0000000000
55613  54.967  -8.234  63.225 0.0000000000
54722  54.801  -9.175  64.056 0.0000000000
104912  54.435  -10.682  63.547 0.0000000000
53029  54.279  -10.473  64.311 0.0000000000
52032  48.994  -12.306  66.984 0.0000000000
52982  49.137  -11.984  66.511 0.0000000000
52031  49.846  -12.063  66.985 0.0000000000
111405  52.063  -12.412  68.232 0.0000000000
52980  52.130  -11.938  67.441 0.0000000000
52979  52.526  -11.945  66.876 0.0000000000
51129  49.962  -13.741  65.782 0.0000000000
50210  49.318  -14.004  66.097 0.0000000000
51871  40.636  -11.920  80.795 0.0000000000
51888  41.242  -11.753  79.287 0.0000000000
51903  41.340  -12.104  78.197 0.0000000000
52864  41.941  -11.639  77.822 0.0000000000
52876  42.145  -11.866  76.838 0.0000000000
53710  43.190  -10.107  78.888 0.0000000000
53721  42.786  -10.256  78.075 0.0000000000
54580  43.422  -9.699  77.967 0.0000000000
54594  43.290  -9.618  76.826 0.0000000000
54579  43.959  -9.501  78.017 0.0000000000
54562  44.088  -9.672  78.639 0.0000000000
105482  44.603  -11.965  78.758 0.0000000000
51887  44.438  -12.753  78.841 0.0000000000
42585  26.301  -22.336  85.442 0.0000000000
42598  26.487  -22.396  84.483 0.0000000000
43506  26.841  -22.051  85.026 0.0000000000
43505  27.415  -21.671  85.182 0.0000000000
44369  28.163  -21.043  85.350 0.0000000000
44368  28.763  -20.449  86.013 0.0000000000
52016  46.907  -12.366  67.237 0.0000000000
100280  47.976  -12.359  67.040 0.0000000000
52950  51.054  -11.498  69.309 0.0000000000
52000  51.372  -12.208  69.807 0.0000000000
52941  51.356  -11.758  70.040 0.0000000000
111918  49.900  -12.092  70.624 0.0000000000
51979  49.981  -11.252  71.046 0.0000000000
54640  48.909  -9.034  70.670 0.0000000000
109739  49.192  -9.249  71.130 0.0000000000
52923  48.823  -11.096  71.595 0.0000000000
50935  33.807  -14.087  81.624 0.0000000000
50944  34.360  -13.878  81.108 0.0000000000
50934  34.496  -13.775  82.046 0.0000000000
51837  35.991  -12.926  82.930 0.0000000000
50933  35.802  -13.083  81.964 0.0000000000
51836  36.607  -12.814  82.454 0.0000000000
51835  37.471  -12.583  82.940 0.0000000000
49992  36.566  -13.672  83.792 0.0000000000
115502  37.336  -14.036  83.708 0.0000000000
50901  38.711  -13.423  83.260 0.0000000000
101786  37.966  -13.414  83.423 0.0000000000
116596  38.379  -12.838  83.171 0.0000000000
51834  38.436  -12.396  82.932 0.0000000000
51833  39.129  -12.492  82.610 0.0000000000
103977  39.465  -12.993  82.712 0.0000000000
50015  40.367  -14.426  82.318 0.0000000000
50930  40.930  -13.755  81.838 0.0000000000
104770  41.342  -12.948  81.489 0.0000000000
118211  41.434  -13.670  81.463 0.0000000000
50031  41.494  -14.390  81.363 0.0000000000
46385  30.272  -18.931  83.631 0.0000000000
46391  30.321  -18.960  82.642 0.0000000000
49168  32.168  -15.630  81.030 0.0000000000
103858  32.165  -15.396  80.246 0.0000000000
50052  32.321  -15.163  80.787 0.0000000000
50051  32.635  -14.948  80.599 0.0000000000
50034  32.708  -14.948  81.457 0.0000000000
50004  33.067  -14.620  83.988 0.0000000000
104249  33.081  -14.464  83.140 0.0000000000
49996  33.624  -14.430  84.383 0.0000000000
49985  33.473  -14.971  85.017 0.0000000000
48239  32.639  -16.372  85.888 0.0000000000
49105  34.459  -15.382  85.038 0.0000000000
53085  55.496  -10.890  59.254 0.0000000000
53902  54.965  -10.427  62.253 0.0000000000
53854  47.968  -10.729  65.146 0.0000000000
54700  48.990  -10.377  65.395 0.0000000000
111016  51.187  -9.133  65.057 0.0000000000
54724  50.626  -9.169  63.519 0.0000000000
54710  51.496  -8.967  64.210 0.0000000000
54723  51.320  -8.965  63.061 0.0000000000
55577  52.706  -8.872  64.452 0.0000000000
54709  53.030  -9.256  64.899 0.0000000000
52997  53.334  -11.196  65.502 0.0000000000
107084  53.731  -10.911  64.880 0.0000000000
52051  52.529  -12.658  66.400 0.0000000000
52070  51.152  -12.710  64.457 0.0000000000
111026  50.808  -12.364  63.382 0.0000000000
50964  39.346  -13.440  78.358 0.0000000000
50965  38.536  -13.790  78.711 0.0000000000
52891  42.775  -11.509  75.502 0.0000000000
54624  42.309  -9.402  72.799 0.0000000000
56362  42.732  -8.121  71.864 0.0000000000
56363  42.213  -8.495  71.501 0.0000000000
56370  42.535  -8.203  71.290 0.0000000000
55533  42.413  -8.396  70.720 0.0000000000
56369  43.072  -7.966  71.545 0.0000000000
55521  43.869  -7.952  71.453 0.0000000000
56338  45.461  -7.612  74.153 0.0000000000
56348  45.566  -7.612  73.448 0.0000000000
103374  46.119  -7.828  73.676 0.0000000000
56337  46.735  -8.101  73.469 0.0000000000
56328  46.190  -8.041  74.198 0.0000000000
55463  44.623  -9.061  77.092 0.0000000000
55470  44.952  -8.539  76.313 0.0000000000
54592  45.283  -9.168  76.639 0.0000000000
53738  46.170  -10.584  76.028 0.0000000000
54591  45.962  -9.593  75.810 0.0000000000
53753  46.498  -10.255  75.342 0.0000000000
104433  46.663  -10.638  74.965 0.0000000000
51936  46.414  -12.061  75.298 0.0000000000
50048  42.219  -14.487  80.693 0.0000000000
50047  42.880  -14.329  80.074 0.0000000000
41593  24.825  -23.572  88.203 0.0000000000
54653  45.893  -9.205  69.554 0.0000000000
55543  45.214  -8.737  70.111 0.0000000000
45362  29.989  -19.815  87.305 0.0000000000
46333  30.365  -19.027  87.208 0.0000000000
46332  30.931  -18.890  87.316 0.0000000000
56419  54.759  -8.214  63.361 0.0000000000
55593  54.351  -8.606  63.920 0.0000000000
119562  54.396  -8.797  64.152 0.0000000000
51114  52.242  -12.948  67.673 0.0000000000
51108  52.049  -13.123  68.050 0.0000000000
52817  41.307  -11.798  81.013 0.0000000000
52842  41.920  -11.206  79.918 0.0000000000
53711  42.560  -10.690  79.484 0.0000000000
53709  43.722  -9.928  79.062 0.0000000000
104304  43.630  -12.587  79.676 0.0000000000
43495  26.896  -21.920  85.943 0.0000000000
104826  26.903  -21.751  87.036 0.0000000000
44355  28.269  -21.284  87.357 0.0000000000
44338  28.132  -21.777  87.878 0.0000000000
52954  46.146  -11.567  68.230 0.0000000000
52963  48.935  -11.811  68.038 0.0000000000
53797  50.649  -10.574  70.063 0.0000000000
53788  50.430  -10.477  70.403 0.0000000000
54632  48.822  -9.246  71.618 0.0000000000
54623  48.553  -9.319  72.140 0.0000000000
53771  48.468  -9.818  72.319 0.0000000000
53772  47.831  -10.258  72.766 0.0000000000
51965  47.887  -10.917  72.275 0.0000000000
52905  46.759  -11.033  74.127 0.0000000000
50922  34.533  -13.642  83.173 0.0000000000
50921  35.491  -13.262  83.523 0.0000000000
51827  36.245  -13.114  83.539 0.0000000000
111840  38.032  -14.910  83.300 0.0000000000
50002  39.139  -14.238  83.183 0.0000000000
50016  39.746  -14.087  82.920 0.0000000000
108068  39.816  -15.071  82.517 0.0000000000
46390  30.855  -18.270  83.145 0.0000000000
47398  31.692  -17.260  81.828 0.0000000000
49154  32.134  -15.789  81.899 0.0000000000
50018  32.464  -15.357  82.321 0.0000000000
50017  32.781  -14.968  82.344 0.0000000000
49128  32.745  -15.117  84.441 0.0000000000
49117  32.837  -15.297  85.103 0.0000000000
111369  56.177  -8.861  60.245 0.0000000000
53914  55.953  -9.587  60.208 0.0000000000
53926  55.170  -10.619  60.203 0.0000000000
53853  49.978  -10.206  65.979 0.0000000000
54712  49.809  -9.567  64.652 0.0000000000
117617  53.303  -10.807  65.487 0.0000000000
50955  36.714  -13.701  79.937 0.0000000000
50974  40.212  -13.360  77.000 0.0000000000
50975  39.475  -13.666  77.438 0.0000000000
51000  39.805  -14.007  75.438 0.0000000000
53766  42.981  -10.437  74.143 0.0000000000
54619  42.825  -9.245  73.708 0.0000000000
104732  42.453  -8.671  72.877 0.0000000000
55511  42.153  -8.572  72.232 0.0000000000
109164  42.748  -8.296  72.742 0.0000000000
56350  43.089  -8.064  72.540 0.0000000000
103946  43.896  -7.639  73.076 0.0000000000
56340  43.948  -7.579  73.980 0.0000000000
56330  44.637  -7.620  74.584 0.0000000000
53720  45.298  -10.510  77.428 0.0000000000
53719  45.833  -10.984  76.648 0.0000000000
52874  46.265  -11.299  76.171 0.0000000000
110302  46.403  -11.852  76.078 0.0000000000
42586  25.580  -22.705  85.905 0.0000000000
42574  25.329  -22.703  87.282 0.0000000000
41590  27.061  -22.640  88.273 0.0000000000
54641  48.039  -8.622  70.354 0.0000000000
119423  47.466  -8.379  70.526 0.0000000000
55518  47.928  -8.137  71.936 0.0000000000
55510  47.672  -8.275  72.616 0.0000000000
49994  35.366  -14.241  84.382 0.0000000000
45406  29.142  -20.394  84.109 0.0000000000
46375  30.132  -18.799  84.744 0.0000000000
47375  31.071  -17.468  84.971 0.0000000000
48251  31.579  -16.818  85.042 0.0000000000
109568  31.989  -16.388  85.385 0.0000000000
48228  32.080  -16.927  86.326 0.0000000000
56439  55.188  -7.790  61.963 0.0000000000
54739  55.284  -9.130  62.988 0.0000000000
53890  55.001  -10.345  63.149 0.0000000000
53876  55.135  -9.578  63.465 0.0000000000
53031  53.080  -11.470  63.708 0.0000000000
53000  48.552  -11.502  65.824 0.0000000000
53836  50.315  -11.149  66.203 0.0000000000
51127  52.115  -13.024  66.856 0.0000000000
51861  38.899  -12.588  80.934 0.0000000000
51873  39.264  -12.768  80.245 0.0000000000
114511  39.953  -12.815  78.957 0.0000000000
51889  40.577  -12.101  79.667 0.0000000000
51904  40.807  -12.772  77.570 0.0000000000
101955  41.879  -12.570  76.152 0.0000000000
111901  41.971  -12.752  75.192 0.0000000000
113203  42.396  -11.946  76.085 0.0000000000
52875  42.648  -11.282  76.496 0.0000000000
53754  42.950  -10.519  76.126 0.0000000000
54605  43.723  -8.899  76.351 0.0000000000
55472  44.129  -8.749  76.689 0.0000000000
55464  44.212  -9.106  77.276 0.0000000000
54578  44.304  -9.505  77.895 0.0000000000
53708  44.231  -10.003  78.962 0.0000000000
53707  44.682  -10.181  78.197 0.0000000000
104441  45.030  -11.004  77.865 0.0000000000
52851  45.200  -11.922  77.978 0.0000000000
44391  28.944  -20.924  83.409 0.0000000000
43516  28.327  -21.440  83.451 0.0000000000
44381  28.567  -20.989  84.238 0.0000000000
45381  29.368  -19.987  86.578 0.0000000000
45363  29.496  -20.334  87.147 0.0000000000
51084  51.305  -12.791  69.172 0.0000000000
52001  50.799  -12.253  70.204 0.0000000000
54651  49.429  -9.507  70.101 0.0000000000
104704  50.134  -10.391  70.984 0.0000000000
54631  49.493  -9.757  71.326 0.0000000000
50049  34.173  -14.187  80.247 0.0000000000
100097  35.083  -13.545  81.511 0.0000000000
50943  35.700  -13.421  80.974 0.0000000000
116345  36.324  -13.404  80.594 0.0000000000
51862  37.791  -12.639  81.526 0.0000000000
50887  35.901  -13.679  83.982 0.0000000000
50903  36.399  -13.379  83.662 0.0000000000
51826  36.973  -13.032  83.386 0.0000000000
51850  38.115  -12.346  82.398 0.0000000000
102913  38.502  -12.404  81.692 0.0000000000
102326  39.167  -12.302  81.769 0.0000000000
51848  39.584  -12.423  82.061 0.0000000000
51846  41.222  -12.153  81.283 0.0000000000
51845  41.802  -12.330  81.123 0.0000000000
114972  42.309  -12.653  80.811 0.0000000000
49166  42.097  -15.120  80.625 0.0000000000
49152  41.174  -15.160  81.439 0.0000000000
49167  41.496  -15.439  80.909 0.0000000000
45430  29.862  -19.569  83.036 0.0000000000
46396  30.847  -18.515  82.109 0.0000000000
50050  33.313  -14.557  80.339 0.0000000000
50033  33.259  -14.554  81.182 0.0000000000
117531  33.221  -14.203  83.096 0.0000000000
116301  33.610  -14.049  83.144 0.0000000000
50906  34.067  -13.936  83.869 0.0000000000
50889  34.476  -14.092  84.384 0.0000000000
49995  34.730  -14.391  84.639 0.0000000000
49108  32.529  -15.998  85.521 0.0000000000
48238  33.263  -16.083  85.679 0.0000000000
49984  34.249  -14.897  84.998 0.0000000000
39770  23.987  -25.469  88.573 0.0000000000
53084  56.081  -10.584  58.791 0.0000000000
55576  53.887  -8.911  64.456 0.0000000000
53863  54.373  -9.744  64.582 0.0000000000
118283  54.124  -10.371  64.761 0.0000000000
52998  53.149  -11.853  65.973 0.0000000000
52069  52.137  -12.658  65.490 0.0000000000
112018  52.749  -12.062  65.154 0.0000000000
52082  52.462  -11.788  64.203 0.0000000000
101072  51.467  -11.913  62.871 0.0000000000
54656  42.788  -9.002  69.450 0.0000000000
55512  41.922  -8.678  71.619 0.0000000000
55546  42.146  -8.618  70.043 0.0000000000
103773  43.791  -8.324  70.715 0.0000000000
55531  44.647  -8.360  70.772 0.0000000000
55520  45.067  -8.035  71.619 0.0000000000
56349  44.811  -7.527  73.083 0.0000000000
56359  45.640  -7.742  72.568 0.0000000000
56346  47.205  -8.058  72.988 0.0000000000
55501  47.369  -8.425  73.272 0.0000000000
55480  44.617  -8.222  75.747 0.0000000000
55479  45.316  -8.227  75.472 0.0000000000
55478  46.027  -8.782  75.272 0.0000000000
55492  45.902  -8.275  74.843 0.0000000000
55491  46.556  -8.707  74.490 0.0000000000
54613  46.888  -9.325  74.378 0.0000000000
52898  46.897  -10.464  74.205 0.0000000000
50950  44.023  -13.141  79.189 0.0000000000
50058  43.406  -14.577  79.569 0.0000000000
50963  44.518  -13.540  78.745 0.0000000000
50919  39.219  -13.463  83.070 0.0000000000
52841  42.824  -10.951  80.092 0.0000000000
53699  43.629  -10.321  79.321 0.0000000000
55490  47.176  -8.884  73.896 0.0000000000
55493  43.564  -7.821  74.144 0.0000000000
55532  43.087  -8.025  70.953 0.0000000000
56371  42.219  -8.510  70.853 0.0000000000
56430  55.090  -7.940  62.570 0.0000000000
118558  48.412  -8.543  70.910 0.0000000000
