#!ascii label  , from subject sub-01 vox2ras=TkReg
2283
44318  6.752  -20.614  90.515 0.1111110002
45342  5.570  -19.643  91.243 0.2222220004
42544  9.829  -23.432  91.142 0.1111110002
43455  8.599  -22.331  91.065 0.1111110002
43456  7.872  -21.900  90.463 0.1111110002
41582  9.441  -23.910  90.317 0.1111110002
42545  8.985  -23.181  90.712 0.1111110002
44317  7.473  -21.109  90.899 0.1111110002
103569  10.752  -24.888  88.936 0.2222220004
40698  9.973  -24.678  89.147 0.2222220004
42549  8.637  -23.598  89.861 0.1111110002
42546  8.220  -22.800  90.181 0.1111110002
45349  5.889  -19.977  90.207 0.3333329856
45343  5.066  -19.269  90.274 0.4444440007
46312  4.825  -19.321  90.943 0.4444440007
101839  4.182  -19.094  90.833 0.4444440007
46308  3.981  -18.948  90.591 0.2222220004
43457  7.147  -21.422  89.823 0.1111110002
40710  9.374  -24.552  88.562 0.2222220004
41586  9.174  -24.272  89.415 0.2222220004
43460  7.588  -22.313  89.587 0.1111110002
44322  6.454  -20.671  89.466 0.2222220004
40720  10.324  -24.948  87.400 0.2222220004
41594  8.798  -24.165  88.692 0.2222220004
42550  7.968  -23.140  89.249 0.2222220004
45357  5.891  -19.967  89.025 0.4444440007
118006  9.992  -24.904  86.076 0.2222220004
46319  4.768  -18.622  89.334 0.4444440007
101491  4.291  -18.750  90.317 0.4444440007
46313  3.940  -18.475  90.021 0.3333329856
46321  3.531  -18.481  89.635 0.2222220004
117278  3.032  -18.459  89.046 0.3333329856
45376  3.035  -18.908  88.124 0.2222220004
40721  9.505  -24.705  87.668 0.2222220004
41602  8.888  -24.228  87.976 0.2222220004
42557  7.812  -23.103  88.370 0.2222220004
43461  7.169  -21.883  89.062 0.2222220004
44331  6.270  -20.583  88.471 0.4444440007
100312  10.891  -24.939  84.690 0.2222220004
40741  10.458  -24.947  85.568 0.2222220004
40732  9.590  -24.806  86.644 0.2222220004
41603  8.461  -23.851  87.519 0.3333329856
42568  7.331  -22.393  87.585 0.3333329856
43477  6.930  -21.575  87.575 0.3333329856
45358  5.448  -19.199  88.579 0.5555559993
40752  11.200  -24.912  84.024 0.2222220004
40754  9.922  -24.572  84.587 0.2222220004
100731  8.811  -24.343  86.208 0.2222220004
41626  8.319  -23.749  85.798 0.3333329856
40753  10.524  -24.671  83.893 0.4444440007
46320  4.031  -18.030  89.557 0.4444440007
47315  3.684  -18.062  89.451 0.4444440007
109101  11.910  -24.952  83.048 0.2222220004
109001  2.994  -18.090  88.998 0.4444440007
45389  3.033  -18.891  87.286 0.1111110002
44330  6.704  -21.085  87.984 0.4444440007
44349  6.195  -20.457  87.571 0.5555559993
42578  7.688  -22.859  86.710 0.3333329856
42579  7.270  -22.209  86.579 0.3333329856
44348  6.590  -20.996  87.140 0.5555559993
45375  5.628  -19.060  87.671 0.5555559993
41637  9.064  -24.084  84.761 0.3333329856
41625  8.759  -24.138  85.473 0.2222220004
42593  7.922  -23.139  85.967 0.3333329856
43502  7.066  -21.613  85.833 0.5555559993
44363  6.620  -20.878  86.234 0.5555559993
46329  5.083  -18.258  88.082 0.6666669846
41636  9.340  -23.966  83.911 0.3333329856
41638  8.352  -23.483  84.990 0.3333329856
42608  7.824  -22.737  85.192 0.5555559993
101017  7.249  -21.321  84.845 0.6666669846
47331  4.034  -17.064  88.868 0.6666669846
47321  3.766  -17.626  89.052 0.5555559993
40775  12.193  -24.849  82.201 0.3333329856
40777  10.669  -24.347  82.569 0.4444440007
46330  4.414  -17.799  88.824 0.7777780294
40784  12.437  -24.669  81.316 0.6666669846
47332  2.852  -17.752  88.479 0.2222220004
46361  3.007  -18.191  87.161 0.2222220004
114401  6.223  -20.288  86.696 0.5555559993
107061  5.920  -19.713  87.200 0.5555559993
45387  6.124  -19.447  86.371 0.5555559993
45388  5.839  -18.889  86.877 0.5555559993
41648  8.955  -23.374  83.262 0.5555559993
42618  8.376  -22.701  83.377 0.6666669846
43513  7.620  -21.985  84.523 0.6666669846
44375  6.889  -20.508  85.202 0.5555559993
45400  6.531  -19.071  85.589 0.7777780294
46345  5.533  -18.364  87.278 0.7777780294
48225  5.472  -16.652  87.706 0.6666669846
48200  4.073  -16.444  88.655 0.5555559993
41662  9.260  -23.264  82.500 0.5555559993
112582  8.783  -22.748  82.759 0.7777780294
44398  8.252  -20.873  82.920 0.8888890147
47330  4.757  -17.187  88.152 0.6666669846
47323  2.936  -17.627  88.552 0.4444440007
39879  13.918  -25.222  80.709 0.6666669846
41660  10.803  -24.042  81.834 0.7777780294
41674  10.289  -23.338  81.352 0.7777780294
114133  7.752  -20.681  83.601 0.8888890147
44388  7.321  -20.497  84.301 0.7777780294
45399  7.234  -19.584  84.523 0.8888890147
43547  9.373  -21.961  81.396 0.8888890147
44411  8.735  -20.927  82.326 0.8888890147
45413  7.788  -19.692  83.836 0.8888890147
46379  7.908  -18.770  84.311 0.8888890147
41672  11.978  -23.963  80.602 0.6666669846
41690  11.428  -23.059  80.263 0.7777780294
42644  9.959  -22.423  80.973 0.8888890147
45426  8.415  -19.927  83.257 0.8888890147
39878  14.502  -25.546  80.212 0.6666669846
109399  12.709  -24.482  80.603 0.6666669846
44423  10.124  -20.557  81.293 0.8888890147
44410  9.483  -20.455  81.976 0.8888890147
44424  9.464  -21.098  81.383 0.8888890147
45425  9.358  -19.329  83.245 0.7777780294
39896  14.970  -25.767  79.751 0.7777780294
40815  13.424  -24.440  79.353 0.7777780294
40796  12.717  -23.978  79.845 0.7777780294
39038  16.277  -26.491  79.411 0.7777780294
39055  15.729  -26.258  78.749 0.7777780294
39897  14.463  -25.462  79.349 0.7777780294
45436  9.952  -19.536  82.654 0.6666669846
42658  11.147  -22.159  80.009 0.8888890147
44437  10.653  -20.881  80.644 0.8888890147
44422  11.193  -20.137  81.372 0.7777780294
41706  13.118  -23.631  79.016 0.7777780294
42675  12.420  -22.210  79.281 0.8888890147
39019  19.201  -26.825  79.623 0.5555559993
111670  18.476  -26.855  79.609 0.5555559993
39053  17.194  -26.689  78.387 0.7777780294
39054  16.453  -26.567  78.559 0.7777780294
39074  15.986  -26.286  77.885 0.7777780294
39913  14.603  -25.375  78.552 0.7777780294
39036  18.681  -26.674  78.885 0.6666669846
39052  18.003  -26.663  78.167 0.7777780294
118138  16.680  -26.560  77.913 0.7777780294
116008  16.682  -26.268  77.344 0.7777780294
41686  23.217  -24.012  80.295 0.3333329856
43557  11.921  -20.972  79.839 0.8888890147
44436  11.520  -20.581  80.488 0.8888890147
39018  19.889  -26.750  79.696 0.4444440007
40833  13.667  -24.117  78.529 0.7777780294
105952  13.258  -21.613  79.083 0.8888890147
44447  12.706  -20.603  79.879 0.8888890147
39933  16.154  -25.851  77.253 0.7777780294
39935  14.855  -25.232  77.880 0.8888890147
103204  19.657  -26.527  78.878 0.6666669846
39051  18.911  -26.486  78.003 0.7777780294
39072  18.155  -26.401  77.298 0.7777780294
39071  19.051  -26.157  77.080 0.7777780294
40794  22.727  -24.651  80.610 0.3333329856
39875  22.338  -25.342  80.993 0.2222220004
39861  21.916  -25.945  81.414 0.3333329856
41717  23.774  -23.026  78.494 0.4444440007
41702  23.351  -23.680  79.259 0.4444440007
39016  21.136  -26.495  80.528 0.3333329856
39894  21.654  -25.661  79.533 0.4444440007
43555  14.166  -20.287  80.118 0.7777780294
44434  12.959  -20.094  80.581 0.7777780294
117274  11.922  -19.727  81.743 0.6666669846
41731  23.700  -23.104  77.523 0.5555559993
39035  20.443  -26.449  79.397 0.5555559993
39034  21.099  -26.252  79.858 0.3333329856
39895  21.057  -26.054  79.040 0.5555559993
41721  14.223  -23.433  77.910 0.8888890147
42673  14.097  -21.873  78.639 0.8888890147
43566  14.204  -20.935  79.362 0.7777780294
118153  13.442  -20.277  80.134 0.7777780294
42710  23.992  -23.002  76.748 0.5555559993
39911  20.865  -25.844  78.239 0.6666669846
40848  15.638  -24.509  77.012 0.8888890147
40849  15.020  -24.553  77.390 0.8888890147
39050  19.929  -26.123  77.876 0.7777780294
106833  20.421  -26.228  78.683 0.6666669846
114904  17.836  -25.536  76.088 0.7777780294
110400  17.283  -25.321  76.262 0.8888890147
39932  19.864  -25.802  76.846 0.7777780294
39957  19.189  -25.742  76.208 0.7777780294
40812  22.734  -24.486  79.667 0.3333329856
39893  22.238  -25.182  80.058 0.5555559993
107283  23.172  -23.638  78.160 0.4444440007
40830  22.676  -24.336  78.703 0.5555559993
40813  22.191  -25.045  79.130 0.5555559993
43565  15.067  -21.137  79.223 0.7777780294
41732  23.079  -23.761  77.213 0.5555559993
39910  21.553  -25.487  78.663 0.5555559993
41720  15.218  -22.618  77.809 0.8888890147
42672  15.124  -21.851  78.497 0.7777780294
41745  24.135  -23.126  76.031 0.5555559993
103218  23.504  -23.356  76.805 0.5555559993
40861  22.398  -24.236  76.841 0.5555559993
40831  21.997  -24.821  78.263 0.5555559993
39930  21.345  -25.272  77.833 0.5555559993
108327  16.406  -23.792  76.796 0.8888890147
42692  16.138  -22.446  77.813 0.8888890147
42739  25.019  -23.045  75.692 0.5555559993
41768  24.191  -23.402  75.098 0.6666669846
41769  23.471  -23.425  75.665 0.6666669846
41770  22.662  -23.653  75.352 0.6666669846
40862  21.555  -24.550  76.496 0.7777780294
39931  20.624  -25.629  77.405 0.7777780294
40864  17.268  -24.602  76.111 0.8888890147
117806  25.986  -23.494  73.777 0.6666669846
41795  24.636  -23.520  74.100 0.6666669846
118030  23.851  -23.535  74.385 0.6666669846
40863  20.737  -24.958  76.168 0.7777780294
39956  19.989  -25.460  75.999 0.7777780294
39976  19.381  -25.144  75.508 0.7777780294
40880  17.823  -24.833  75.720 0.7777780294
119557  28.369  -20.132  72.207 0.5555559993
45552  27.890  -20.508  72.006 0.5555559993
44524  27.314  -21.034  71.626 0.7777780294
43624  27.506  -21.559  72.341 0.6666669846
42817  26.574  -22.695  71.435 0.6666669846
41858  26.176  -23.311  71.727 0.6666669846
41822  25.478  -23.650  73.288 0.6666669846
41823  24.532  -23.677  73.087 0.6666669846
100259  23.835  -23.580  73.672 0.7777780294
43642  26.678  -21.792  70.982 0.7777780294
42818  25.656  -22.950  70.892 0.6666669846
42819  24.818  -23.259  71.126 0.7777780294
42671  16.137  -21.839  78.580 0.8888890147
109798  15.785  -21.424  79.164 0.7777780294
101509  16.582  -22.650  77.477 0.8888890147
40876  22.083  -24.014  75.935 0.6666669846
41771  21.767  -23.803  75.018 0.7777780294
41750  17.072  -23.812  76.493 0.8888890147
45550  29.179  -19.222  72.403 0.5555559993
45572  28.820  -19.905  71.910 0.5555559993
41796  23.286  -23.555  74.127 0.6666669846
41797  22.462  -23.581  74.339 0.7777780294
41798  21.525  -23.626  74.168 0.7777780294
114301  20.376  -24.279  74.952 0.7777780294
40878  19.612  -24.386  75.028 0.7777780294
41773  18.418  -23.582  75.260 0.8888890147
41774  18.046  -24.071  75.564 0.8888890147
101624  28.214  -20.252  71.464 0.8888890147
44539  27.539  -20.506  71.103 0.8888890147
44525  26.788  -20.908  70.433 0.8888890147
41843  25.155  -23.675  72.445 0.6666669846
42794  24.308  -23.327  71.657 0.7777780294
41845  23.075  -23.224  72.612 0.8888890147
41824  22.921  -23.449  73.360 0.8888890147
42754  19.914  -22.880  74.026 0.8888890147
41800  19.356  -23.142  74.458 0.8888890147
45591  27.112  -20.134  70.140 0.8888890147
44552  26.234  -20.319  69.584 0.8888890147
43658  26.195  -21.776  70.206 0.8888890147
42837  25.481  -22.110  70.002 0.8888890147
42838  24.726  -22.586  70.438 0.8888890147
42820  23.903  -22.830  71.108 0.8888890147
113788  23.247  -22.512  71.629 0.8888890147
43671  25.879  -21.250  69.721 0.8888890147
43659  24.476  -21.606  69.816 0.8888890147
41704  16.890  -21.562  78.763 0.8888890147
41733  17.062  -22.756  77.148 0.8888890147
41719  16.791  -22.060  77.897 0.8888890147
41748  17.860  -23.327  75.906 0.8888890147
42712  17.353  -22.453  77.146 0.8888890147
45571  29.393  -19.619  71.542 0.6666669846
41825  21.962  -23.387  73.522 0.8888890147
42755  19.125  -22.225  74.449 0.8888890147
101810  18.172  -22.694  75.573 0.8888890147
45588  29.476  -19.902  70.486 0.8888890147
113482  28.160  -19.936  70.146 0.8888890147
45590  27.904  -20.158  70.598 0.8888890147
102688  22.855  -22.693  72.164 0.8888890147
42796  22.228  -22.981  72.698 0.8888890147
42773  21.416  -22.843  73.036 0.8888890147
42774  20.598  -22.623  73.416 0.7777780294
117424  28.680  -19.947  70.104 0.8888890147
45608  27.490  -19.670  69.601 0.8888890147
45609  26.605  -19.570  69.285 0.8888890147
44554  24.654  -19.861  69.388 0.7777780294
44540  24.096  -20.534  69.761 0.7777780294
44526  23.523  -21.022  70.408 0.8888890147
43644  23.223  -21.781  71.187 0.8888890147
45610  25.564  -19.643  69.137 0.7777780294
44553  25.337  -20.544  69.428 0.8888890147
43673  24.693  -20.804  69.525 0.8888890147
109128  17.310  -21.327  78.544 0.7777780294
42670  17.406  -21.176  79.418 0.4444440007
41718  17.131  -21.926  77.772 0.8888890147
43581  17.768  -21.360  77.054 0.7777780294
42711  17.404  -21.856  77.524 0.8888890147
46506  32.272  -18.461  72.195 0.4444440007
46525  31.704  -18.900  71.633 0.5555559993
46526  30.822  -18.956  71.837 0.5555559993
43588  18.115  -21.594  75.950 0.8888890147
102061  17.715  -22.429  76.601 0.8888890147
107110  19.909  -20.910  73.891 0.7777780294
43605  19.306  -21.143  74.411 0.7777780294
114016  18.456  -22.144  75.094 0.7777780294
45586  31.356  -19.761  70.213 0.7777780294
45587  30.459  -19.818  70.375 0.8888890147
43625  22.777  -21.867  71.807 0.8888890147
114858  22.187  -22.063  72.221 0.8888890147
43614  21.590  -21.188  72.540 0.7777780294
44498  20.878  -20.861  73.040 0.7777780294
45606  29.888  -20.118  69.584 0.8888890147
45626  29.522  -19.879  68.526 0.8888890147
46552  27.717  -19.113  68.672 0.8888890147
46553  26.937  -18.930  68.748 0.7777780294
46554  25.945  -18.856  68.648 0.7777780294
47542  25.216  -17.303  68.419 0.7777780294
45611  24.365  -19.064  69.323 0.7777780294
103847  23.612  -20.106  70.210 0.7777780294
107318  23.233  -19.955  70.946 0.7777780294
105960  22.800  -21.080  71.719 0.7777780294
46555  24.937  -18.861  68.794 0.7777780294
43575  17.676  -20.817  78.034 0.5555559993
47500  33.614  -17.808  72.526 0.2222220004
47501  32.841  -18.054  72.753 0.3333329856
46505  33.087  -18.258  71.991 0.2222220004
46524  32.532  -18.747  71.422 0.5555559993
43587  18.525  -20.697  75.796 0.4444440007
46539  32.777  -19.048  70.572 0.6666669846
46540  31.955  -19.244  70.825 0.6666669846
105745  19.607  -20.311  74.450 0.6666669846
44476  19.048  -20.192  75.141 0.7777780294
44551  31.058  -20.398  68.792 0.8888890147
44496  22.358  -19.467  72.583 0.7777780294
111822  21.310  -20.139  73.011 0.7777780294
44486  20.179  -20.015  74.137 0.6666669846
45625  30.421  -20.070  68.255 0.8888890147
46566  29.062  -19.047  67.579 0.8888890147
47539  27.940  -17.426  67.581 0.7777780294
47540  26.987  -17.333  67.685 0.7777780294
48419  25.609  -16.456  68.127 0.7777780294
48420  24.867  -16.445  68.625 0.7777780294
101667  24.276  -17.856  69.592 0.7777780294
45573  23.671  -19.170  70.756 0.7777780294
114279  23.317  -19.125  71.470 0.7777780294
44510  22.716  -20.123  72.003 0.6666669846
48351  25.742  -15.616  75.736 0.3333329856
46452  24.679  -16.438  76.303 0.2222220004
114394  23.966  -17.273  77.277 0.1111110002
105373  22.365  -17.673  77.235 0.1111110002
114408  20.974  -18.136  77.888 0.1111110002
44462  19.393  -18.865  77.734 0.2222220004
51005  26.466  -12.568  74.943 0.1111110002
49230  27.136  -15.618  74.963 0.3333329856
48352  25.631  -15.747  75.235 0.3333329856
46471  24.760  -16.316  75.412 0.2222220004
105903  24.011  -17.122  75.938 0.2222220004
45494  22.901  -17.613  76.421 0.2222220004
116927  21.104  -18.163  76.107 0.1111110002
44468  19.496  -18.997  76.679 0.2222220004
43574  17.994  -20.315  77.568 0.3333329856
104173  18.073  -20.292  78.548 0.2222220004
47499  34.364  -17.537  72.288 0.2222220004
47510  33.842  -17.983  71.753 0.2222220004
51948  26.433  -11.825  74.152 0.1111110002
50113  26.862  -14.445  74.760 0.2222220004
48360  26.095  -15.739  74.641 0.3333329856
107487  25.351  -15.955  74.972 0.2222220004
46454  24.269  -16.771  75.298 0.2222220004
45505  22.392  -17.873  75.370 0.2222220004
45495  21.820  -17.899  76.051 0.2222220004
45496  20.424  -18.555  76.191 0.2222220004
44463  18.630  -19.564  77.135 0.3333329856
47498  35.049  -17.197  71.979 0.3333329856
46522  34.068  -18.162  70.940 0.4444440007
46523  33.340  -18.490  71.195 0.4444440007
106220  27.780  -12.630  72.457 0.1111110002
51974  26.413  -12.519  72.750 0.2222220004
50143  25.846  -13.809  72.924 0.2222220004
48372  25.565  -16.079  73.624 0.3333329856
109210  24.337  -16.863  74.096 0.2222220004
46473  24.036  -17.023  74.499 0.2222220004
45517  22.771  -17.879  74.530 0.2222220004
113756  21.735  -18.321  75.123 0.2222220004
45507  20.265  -18.938  75.332 0.3333329856
44475  19.615  -19.300  75.717 0.4444440007
44469  18.876  -19.852  76.172 0.3333329856
46538  33.593  -18.777  70.313 0.5555559993
114205  29.845  -14.784  70.292 0.5555559993
50167  28.175  -14.486  70.312 0.4444440007
50169  26.523  -13.506  70.074 0.4444440007
51065  26.033  -12.769  71.379 0.4444440007
49254  25.139  -15.161  72.177 0.4444440007
102810  24.729  -16.398  72.775 0.5555559993
46493  24.147  -16.940  73.384 0.4444440007
45516  23.379  -17.583  74.079 0.4444440007
45536  22.162  -18.780  73.532 0.3333329856
45519  21.316  -18.840  74.459 0.5555559993
45520  20.572  -19.176  74.607 0.5555559993
45604  31.641  -20.252  69.423 0.7777780294
48404  29.389  -15.660  68.697 0.7777780294
49277  28.616  -14.977  69.680 0.6666669846
50182  26.917  -14.334  69.334 0.6666669846
51079  25.867  -13.499  69.951 0.5555559993
49268  24.808  -15.283  71.118 0.6666669846
48381  24.776  -16.229  71.917 0.6666669846
46511  23.538  -17.573  72.744 0.5555559993
45534  23.161  -17.953  73.081 0.5555559993
44484  21.567  -19.252  73.621 0.4444440007
44485  20.865  -19.766  73.702 0.5555559993
46551  33.885  -19.062  69.301 0.7777780294
45602  33.184  -19.977  68.880 0.7777780294
44550  31.910  -20.468  68.634 0.8888890147
45640  29.856  -18.968  67.253 0.8888890147
47538  28.895  -17.633  67.443 0.7777780294
48416  28.582  -16.317  67.845 0.7777780294
49289  27.390  -15.047  68.726 0.7777780294
118722  25.842  -14.396  68.807 0.6666669846
49280  24.535  -15.733  69.536 0.6666669846
47520  24.101  -17.684  70.519 0.7777780294
109526  23.521  -18.285  71.714 0.7777780294
45553  23.143  -18.519  72.142 0.5555559993
44567  32.290  -20.321  67.926 0.8888890147
45638  31.988  -19.930  67.274 0.8888890147
45639  30.497  -19.609  67.521 0.8888890147
48377  35.697  -16.759  71.603 0.3333329856
47519  34.701  -17.743  70.645 0.4444440007
46537  34.348  -18.351  70.090 0.5555559993
46550  34.771  -18.285  69.236 0.5555559993
46565  34.401  -18.953  68.442 0.5555559993
48403  30.306  -15.715  68.820 0.7777780294
45623  33.718  -19.577  68.332 0.7777780294
45624  33.055  -20.147  68.083 0.8888890147
47537  29.745  -17.265  67.306 0.7777780294
48414  30.294  -16.290  67.824 0.7777780294
45636  33.487  -19.676  67.524 0.8888890147
45637  32.759  -19.890  67.373 0.8888890147
106939  31.165  -19.564  67.140 0.8888890147
46585  30.490  -18.937  66.912 0.8888890147
48431  30.384  -16.997  67.128 0.7777780294
102132  36.445  -16.302  71.133 0.4444440007
48387  35.810  -16.852  70.710 0.4444440007
47508  35.177  -17.256  71.136 0.4444440007
48379  31.412  -15.286  70.872 0.3333329856
48400  35.853  -16.978  69.840 0.4444440007
47518  35.283  -17.357  70.307 0.4444440007
48388  31.695  -15.254  70.309 0.5555559993
47526  35.352  -17.579  69.532 0.5555559993
108479  31.120  -15.212  69.392 0.6666669846
48413  31.257  -15.675  68.313 0.5555559993
46564  35.040  -18.339  68.312 0.6666669846
115903  30.805  -16.159  67.737 0.6666669846
48430  30.906  -16.498  67.018 0.6666669846
46583  34.634  -18.860  67.604 0.6666669846
112931  34.094  -19.354  67.756 0.6666669846
45651  34.040  -19.324  67.006 0.8888890147
45653  32.492  -19.526  66.679 0.8888890147
45654  31.744  -19.411  66.677 0.8888890147
48439  31.279  -17.649  66.144 1.0000000000
46595  33.840  -19.107  66.153 0.8888890147
46596  32.912  -19.153  65.860 1.0000000000
47566  32.030  -18.482  65.602 1.0000000000
49248  33.174  -15.474  72.344 0.2222220004
49273  37.147  -15.759  70.988 0.2222220004
49276  32.948  -16.040  70.971 0.3333329856
49263  32.671  -15.833  71.722 0.3333329856
49275  33.557  -15.599  70.775 0.4444440007
106572  36.440  -16.520  70.239 0.3333329856
49264  31.780  -15.657  71.688 0.3333329856
49287  32.193  -15.107  70.028 0.4444440007
48399  36.569  -16.673  69.386 0.4444440007
48402  31.560  -15.175  69.571 0.5555559993
48412  31.494  -15.094  69.155 0.6666669846
47525  35.934  -17.202  68.882 0.5555559993
48429  31.492  -15.498  67.890 0.6666669846
48438  31.258  -16.420  66.448 0.8888890147
105336  31.430  -15.321  66.896 1.0000000000
47536  35.650  -17.765  68.127 0.7777780294
46582  35.271  -18.278  67.445 0.7777780294
105944  31.723  -17.315  65.593 1.0000000000
118548  31.574  -16.363  65.797 1.0000000000
46602  35.105  -18.052  65.934 1.0000000000
46594  34.701  -18.651  66.624 1.0000000000
46603  34.397  -18.514  65.798 1.0000000000
46605  32.882  -18.376  65.180 1.0000000000
110002  32.304  -17.807  65.141 1.0000000000
51038  34.549  -13.304  72.926 0.1111110002
51039  34.159  -14.455  73.056 0.2222220004
50138  34.133  -14.818  72.621 0.2222220004
108626  33.646  -14.812  73.145 0.2222220004
50153  33.920  -15.227  72.092 0.2222220004
49286  33.236  -15.268  70.230 0.4444440007
116270  33.008  -15.779  70.524 0.4444440007
105789  32.518  -14.587  69.599 0.6666669846
49301  31.941  -14.690  69.002 0.6666669846
49272  37.505  -15.810  70.288 0.2222220004
49300  32.581  -14.123  68.756 0.6666669846
48398  37.081  -16.226  69.823 0.3333329856
49285  37.738  -15.821  69.479 0.3333329856
49314  32.043  -14.608  68.041 0.6666669846
48386  36.898  -16.100  70.495 0.2222220004
50208  32.064  -14.384  67.517 0.8888890147
48410  37.270  -16.323  69.009 0.5555559993
48411  36.769  -16.750  68.494 0.6666669846
50217  31.491  -14.893  66.593 1.0000000000
47535  36.314  -17.228  67.885 0.8888890147
47552  35.866  -17.700  67.247 1.0000000000
48447  32.213  -16.907  65.041 1.0000000000
49321  31.671  -15.957  65.587 1.0000000000
46593  35.409  -18.066  66.683 0.7777780294
108589  34.474  -17.874  65.139 1.0000000000
47578  33.582  -17.910  64.830 1.0000000000
49328  32.303  -16.260  64.547 1.0000000000
110026  34.836  -13.380  72.325 0.1111110002
50152  34.557  -14.649  71.828 0.2222220004
50151  34.971  -14.009  71.962 0.1111110002
50165  34.753  -13.919  71.465 0.3333329856
50166  34.350  -14.492  71.011 0.3333329856
50181  33.132  -14.234  69.799 0.6666669846
50207  32.853  -13.783  68.067 0.6666669846
49313  32.510  -14.143  68.001 0.6666669846
49271  38.288  -15.330  70.119 0.2222220004
113818  32.538  -13.938  67.710 0.6666669846
51122  32.207  -13.984  67.205 1.0000000000
49284  38.309  -15.158  68.992 0.2222220004
49299  37.732  -15.827  68.620 0.3333329856
49311  37.533  -15.898  67.839 0.6666669846
48427  37.329  -16.325  68.281 0.7777780294
49312  37.045  -15.806  67.081 1.0000000000
50218  31.402  -14.705  66.304 1.0000000000
48428  36.924  -16.593  67.565 1.0000000000
48436  36.474  -16.590  66.539 1.0000000000
48444  36.035  -16.209  65.892 1.0000000000
47565  35.854  -17.444  66.335 1.0000000000
48437  35.897  -16.853  65.815 1.0000000000
48446  34.750  -17.015  64.788 1.0000000000
47577  34.074  -17.264  64.546 1.0000000000
48458  32.929  -16.837  64.450 1.0000000000
49329  31.623  -15.614  65.072 1.0000000000
51051  34.694  -12.413  72.047 0.1111110002
51063  34.798  -13.216  71.788 0.2222220004
51997  34.613  -12.017  70.743 0.2222220004
52946  34.796  -11.776  69.321 0.1111110002
51987  34.479  -12.863  71.200 0.3333329856
51092  34.325  -12.527  70.394 0.2222220004
52004  34.604  -12.192  69.078 0.2222220004
51077  34.203  -13.401  70.817 0.3333329856
50180  33.727  -13.854  70.369 0.4444440007
51104  33.920  -12.757  69.065 0.4444440007
50193  33.499  -13.409  69.672 0.6666669846
50194  33.162  -13.435  68.735 0.6666669846
51105  33.552  -12.845  68.263 0.5555559993
108824  33.062  -12.929  67.736 0.5555559993
114929  33.118  -13.369  68.033 0.6666669846
51112  32.759  -13.540  67.649 0.6666669846
108148  37.885  -15.301  68.213 0.3333329856
50205  37.587  -15.118  67.524 0.5555559993
51123  31.728  -13.746  66.859 1.0000000000
49320  36.474  -15.628  66.344 0.6666669846
49327  35.780  -15.363  65.616 0.8888890147
49334  35.053  -15.590  64.845 1.0000000000
49335  34.386  -15.736  64.403 1.0000000000
51124  30.856  -13.273  66.452 1.0000000000
48445  35.436  -16.441  65.207 1.0000000000
48455  34.776  -16.308  64.688 1.0000000000
48456  34.248  -16.527  64.435 1.0000000000
106964  33.122  -16.067  64.169 1.0000000000
49337  32.486  -15.620  63.985 1.0000000000
50227  31.267  -14.997  64.962 1.0000000000
52044  31.056  -12.386  66.814 1.0000000000
50228  30.797  -14.491  64.773 1.0000000000
51139  30.428  -13.842  65.386 1.0000000000
52045  30.331  -12.442  66.260 1.0000000000
52960  34.467  -11.754  68.823 0.3333329856
52010  34.127  -12.260  68.481 0.4444440007
52024  33.462  -12.142  68.000 0.4444440007
110594  32.516  -13.189  67.317 0.7777780294
104288  37.479  -14.214  67.327 0.5555559993
118780  31.875  -12.675  67.072 0.8888890147
50192  38.094  -14.417  68.099 0.4444440007
50206  36.914  -14.819  66.832 0.5555559993
110484  36.904  -13.966  66.922 0.5555559993
50215  36.277  -14.809  66.232 0.6666669846
50239  34.578  -14.833  64.474 0.8888890147
49344  33.131  -15.111  63.884 1.0000000000
50242  32.241  -14.876  63.749 1.0000000000
50243  31.240  -14.707  63.914 1.0000000000
109505  30.154  -13.109  65.760 1.0000000000
52974  34.007  -11.677  68.343 0.4444440007
52975  33.400  -11.430  68.439 0.4444440007
53829  32.783  -11.122  68.600 0.4444440007
52976  32.654  -11.627  68.040 0.4444440007
52991  32.165  -11.975  67.482 0.6666669846
52992  31.470  -11.797  67.210 0.8888890147
110145  36.731  -11.873  66.571 0.2222220004
52023  36.836  -12.476  66.911 0.3333329856
107322  36.424  -14.043  66.459 0.5555559993
50216  35.752  -14.095  65.831 0.6666669846
52042  36.403  -12.389  66.363 0.3333329856
51121  36.060  -13.158  66.156 0.3333329856
109508  35.172  -13.641  65.360 0.6666669846
50225  35.188  -14.588  65.137 0.7777780294
103274  33.890  -15.004  64.081 1.0000000000
52993  30.599  -11.699  66.844 1.0000000000
53021  36.428  -11.850  64.940 0.3333329856
53010  35.997  -12.038  65.310 0.3333329856
52043  35.927  -12.304  65.766 0.3333329856
51136  35.466  -12.955  65.622 0.4444440007
50226  34.709  -13.768  64.837 0.7777780294
50240  34.068  -13.842  64.281 1.0000000000
50241  33.323  -14.028  63.803 1.0000000000
111663  35.327  -12.114  64.911 0.3333329856
52062  34.851  -12.300  64.840 0.4444440007
51154  34.415  -12.894  64.634 0.8888890147
51155  33.811  -12.968  64.109 0.8888890147
51170  33.185  -13.236  63.305 1.0000000000
50254  32.601  -14.171  63.555 1.0000000000
51172  31.091  -13.850  63.263 1.0000000000
51157  29.640  -13.331  64.124 1.0000000000
52064  29.259  -12.771  64.595 1.0000000000
53011  29.731  -11.765  66.139 0.8888890147
53022  35.793  -12.001  64.656 0.3333329856
52076  35.156  -12.145  64.330 0.5555559993
52078  33.956  -12.678  63.752 1.0000000000
51171  32.178  -13.528  63.099 1.0000000000
51173  30.054  -13.453  63.377 1.0000000000
53023  28.802  -12.126  64.251 1.0000000000
53012  29.082  -11.955  65.227 0.8888890147
110893  29.072  -11.004  65.825 0.8888890147
52092  34.597  -12.421  63.549 1.0000000000
52093  33.527  -12.800  62.932 0.8888890147
105018  32.666  -13.006  62.820 1.0000000000
52094  31.806  -13.069  62.716 1.0000000000
112567  29.993  -12.850  62.796 1.0000000000
53037  28.851  -11.473  63.333 1.0000000000
52091  35.397  -12.221  63.624 0.8888890147
102389  32.463  -12.860  62.414 1.0000000000
52114  30.508  -12.424  62.259 1.0000000000
52096  29.612  -12.099  62.584 1.0000000000
53883  28.958  -10.424  62.955 1.0000000000
102099  32.130  -10.918  68.381 0.5555559993
53842  31.769  -11.357  67.833 0.7777780294
53843  30.874  -11.101  67.488 0.7777780294
52060  37.954  -12.091  64.902 0.2222220004
53841  37.408  -11.125  66.061 0.2222220004
52989  37.041  -11.364  66.473 0.2222220004
52990  36.472  -11.814  66.039 0.2222220004
53020  37.112  -11.762  64.872 0.3333329856
53009  36.879  -11.622  65.670 0.2222220004
53844  29.848  -10.835  66.861 0.8888890147
52074  37.229  -12.325  64.319 0.2222220004
52089  36.714  -12.450  63.855 0.3333329856
52075  36.431  -11.997  64.311 0.3333329856
53870  28.709  -10.327  63.905 1.0000000000
53857  28.825  -10.174  65.090 0.8888890147
53856  29.214  -10.004  66.131 0.8888890147
52090  36.075  -12.257  63.703 0.4444440007
53036  35.755  -12.090  64.118 0.6666669846
51169  35.735  -12.611  63.080 0.6666669846
52111  34.913  -12.440  62.921 0.7777780294
115596  34.031  -12.664  62.728 1.0000000000
52112  33.047  -12.796  62.275 1.0000000000
111403  32.188  -12.594  61.861 1.0000000000
53051  30.798  -11.980  61.696 1.0000000000
53052  30.176  -11.747  62.022 1.0000000000
53053  29.531  -11.001  62.269 1.0000000000
52132  33.555  -12.869  61.871 1.0000000000
53050  31.476  -12.132  61.443 1.0000000000
53068  30.976  -11.380  61.200 1.0000000000
53895  30.131  -10.180  61.816 1.0000000000
54685  30.707  -9.574  67.958 0.5555559993
51153  37.973  -13.207  64.458 0.2222220004
54686  29.870  -9.221  67.142 0.7777780294
54691  29.654  -9.851  66.870 0.8888890147
51167  37.392  -13.500  63.751 0.3333329856
54702  28.959  -9.311  65.366 0.8888890147
54701  29.371  -8.953  66.103 0.8888890147
51168  36.516  -13.059  63.376 0.6666669846
54716  29.324  -8.499  63.868 0.8888890147
54717  28.869  -9.315  64.412 0.8888890147
51190  36.987  -13.854  63.105 0.4444440007
54753  30.166  -9.205  62.126 1.0000000000
53882  29.537  -9.835  62.472 1.0000000000
51191  36.325  -13.749  62.729 0.6666669846
50269  35.432  -13.647  62.241 0.6666669846
51192  34.391  -13.043  62.144 0.8888890147
52133  32.806  -12.713  61.517 1.0000000000
51210  34.096  -13.359  61.336 1.0000000000
51211  33.497  -13.212  60.924 1.0000000000
52148  32.833  -12.640  60.709 1.0000000000
52134  32.126  -12.329  61.093 1.0000000000
53067  31.609  -11.569  60.768 1.0000000000
55564  30.622  -8.767  68.214 0.5555559993
106195  38.801  -12.666  65.392 0.1111110002
55565  30.070  -8.397  67.481 0.6666669846
52058  39.582  -13.213  65.654 0.1111110002
52059  38.533  -13.149  64.957 0.2222220004
55569  29.641  -8.174  66.490 0.7777780294
50238  38.207  -13.905  64.033 0.2222220004
55586  29.683  -7.704  64.391 0.7777780294
55573  29.092  -8.458  64.910 0.8888890147
55626  30.486  -8.310  62.533 0.7777780294
55607  30.255  -7.842  63.390 0.7777780294
50253  37.553  -14.142  63.099 0.2222220004
100893  30.940  -9.264  61.180 1.0000000000
54733  29.770  -8.816  62.897 1.0000000000
50268  36.349  -14.262  62.040 0.5555559993
119545  31.249  -10.833  60.721 1.0000000000
53894  30.730  -10.359  61.219 1.0000000000
51209  34.878  -13.747  61.393 0.8888890147
51225  34.389  -13.568  60.775 0.8888890147
55559  30.422  -7.889  68.144 0.4444440007
56386  30.126  -7.338  67.374 0.5555559993
57229  30.385  -6.575  67.258 0.3333329856
110817  29.877  -7.552  66.752 0.3333329856
100564  29.922  -7.226  65.899 0.3333329856
51135  39.214  -13.575  65.121 0.1111110002
56401  30.341  -7.021  64.815 0.3333329856
55572  29.496  -7.796  65.423 0.4444440007
51152  38.735  -13.779  64.535 0.2222220004
55606  31.153  -7.131  63.397 0.4444440007
114017  31.255  -6.703  64.030 0.3333329856
101118  31.247  -6.481  64.690 0.3333329856
50252  38.139  -14.185  63.424 0.3333329856
55625  31.174  -7.874  62.264 0.7777780294
101022  30.926  -7.588  62.853 0.5555559993
50267  37.143  -14.255  62.505 0.3333329856
53906  31.363  -9.960  60.612 1.0000000000
50280  35.797  -14.106  61.495 0.8888890147
119425  33.425  -12.915  60.301 1.0000000000
52149  32.382  -11.795  60.364 1.0000000000
51134  40.043  -13.806  65.253 0.1111110002
57249  32.469  -5.409  65.327 0.2222220004
103998  31.718  -6.034  65.119 0.3333329856
56400  30.681  -6.530  65.448 0.3333329856
51151  39.593  -13.952  64.446 0.1111110002
56399  32.738  -5.836  64.503 0.3333329856
50237  38.803  -14.117  63.857 0.3333329856
50266  37.986  -14.282  62.740 0.3333329856
98810  31.664  -7.221  62.820 0.5555559993
56425  32.144  -6.681  63.441 0.4444440007
50278  37.023  -14.318  61.748 0.5555559993
55624  31.967  -7.458  62.116 0.6666669846
55605  32.515  -6.947  62.796 0.5555559993
50289  36.182  -14.120  61.040 0.7777780294
51224  35.422  -13.860  60.706 0.8888890147
104723  33.969  -13.255  60.344 1.0000000000
103370  33.126  -12.168  59.931 1.0000000000
106210  32.140  -9.547  60.110 0.8888890147
54774  31.663  -8.869  60.753 0.7777780294
52147  34.766  -13.336  60.095 0.8888890147
52163  34.132  -12.446  59.640 0.8888890147
52164  33.601  -11.553  59.457 1.0000000000
53922  32.785  -10.108  59.568 1.0000000000
100363  32.261  -7.888  61.322 0.7777780294
55623  32.865  -7.183  62.048 0.5555559993
56424  32.977  -6.610  63.229 0.4444440007
41587  8.431  -23.812  89.083 0.2222220004
45350  5.407  -19.423  89.464 0.4444440007
46306  4.540  -19.450  91.335 0.4444440007
44321  6.820  -21.238  88.856 0.3333329856
118536  8.102  -23.479  88.771 0.2222220004
40731  10.564  -25.033  86.480 0.2222220004
41595  8.314  -23.734  88.294 0.2222220004
42551  7.413  -22.487  88.708 0.2222220004
40742  9.462  -24.637  85.618 0.2222220004
45344  3.594  -19.073  90.252 0.2222220004
45351  3.275  -18.690  89.479 0.2222220004
46331  2.925  -18.282  88.726 0.2222220004
46346  2.840  -18.228  87.986 0.2222220004
41613  8.897  -24.332  87.115 0.2222220004
42567  8.003  -23.232  87.527 0.2222220004
43463  7.043  -21.789  88.302 0.3333329856
45374  5.839  -19.875  88.060 0.5555559993
41614  8.275  -23.662  86.691 0.3333329856
43491  6.964  -21.619  86.836 0.4444440007
40765  11.064  -24.733  83.252 0.2222220004
118966  8.092  -23.282  85.487 0.3333329856
112397  9.920  -24.300  83.723 0.3333329856
40766  10.264  -24.338  83.123 0.4444440007
40776  11.352  -24.596  82.402 0.3333329856
106893  11.686  -24.992  83.729 0.2222220004
111233  3.285  -19.522  86.578 0.1111110002
42594  7.473  -22.464  85.913 0.4444440007
44376  6.420  -19.994  85.828 0.5555559993
42607  8.042  -22.719  84.253 0.6666669846
41649  8.619  -23.446  84.055 0.5555559993
108165  7.420  -22.035  85.247 0.5555559993
115455  7.489  -21.263  84.125 0.7777780294
47342  5.512  -17.551  87.348 0.7777780294
47322  3.221  -17.741  88.888 0.5555559993
41661  9.990  -23.818  82.265 0.5555559993
46372  3.235  -18.868  86.458 0.1111110002
40783  13.232  -24.927  81.106 0.6666669846
40785  11.610  -24.338  81.533 0.6666669846
48214  2.969  -17.158  88.144 0.5555559993
47343  2.838  -17.579  87.814 0.2222220004
119558  6.772  -19.575  85.141 0.6666669846
46360  5.851  -18.052  86.682 0.7777780294
41647  9.582  -23.893  83.105 0.4444440007
106014  7.958  -21.746  83.611 0.7777780294
47372  7.007  -18.132  85.513 0.7777780294
114282  6.096  -17.431  86.797 0.7777780294
48213  4.632  -16.144  88.377 0.4444440007
43534  8.529  -21.855  82.677 0.8888890147
42630  9.043  -22.396  82.134 0.7777780294
48202  3.134  -17.060  88.324 0.5555559993
39898  13.913  -25.084  79.783 0.6666669846
39864  13.954  -25.342  81.750 0.4444440007
40795  13.312  -24.712  80.227 0.6666669846
41673  11.075  -23.646  80.983 0.7777780294
42629  9.578  -22.929  81.713 0.7777780294
109584  7.121  -18.838  84.908 0.7777780294
43533  9.021  -21.443  81.921 0.8888890147
43546  9.897  -21.413  80.887 0.8888890147
42643  10.677  -22.785  80.612 0.7777780294
44397  8.984  -20.153  82.697 0.7777780294
41689  12.118  -23.197  79.806 0.7777780294
44409  10.541  -19.911  82.078 0.7777780294
42657  11.735  -22.428  79.720 0.8888890147
43559  10.491  -21.829  80.418 0.8888890147
39912  15.062  -25.828  79.024 0.7777780294
40814  14.019  -24.900  78.908 0.7777780294
41707  12.633  -23.173  79.316 0.7777780294
111525  15.241  -25.814  78.250 0.7777780294
43558  11.205  -21.334  80.085 0.8888890147
42676  11.783  -21.687  79.647 0.8888890147
44408  11.678  -19.427  82.359 0.6666669846
42674  13.112  -22.612  78.835 0.8888890147
39037  17.850  -26.754  79.057 0.6666669846
39934  15.488  -25.452  77.465 0.8888890147
40832  14.352  -24.567  78.043 0.8888890147
39073  17.321  -26.529  77.598 0.7777780294
39958  16.700  -25.659  76.743 0.7777780294
43567  12.545  -21.298  79.483 0.8888890147
44435  12.235  -20.428  80.325 0.8888890147
44421  12.242  -19.976  81.133 0.8888890147
41722  13.631  -23.063  78.392 0.8888890147
43556  13.386  -20.788  79.575 0.7777780294
40847  16.090  -25.080  76.802 0.8888890147
39093  17.438  -26.086  76.761 0.7777780294
39092  18.347  -25.962  76.486 0.7777780294
39876  21.729  -25.922  80.472 0.3333329856
42693  14.446  -22.499  78.179 0.8888890147
42709  24.427  -22.706  77.291 0.5555559993
41746  23.623  -23.288  76.308 0.6666669846
113969  14.838  -23.674  77.504 0.8888890147
41734  15.695  -23.415  77.283 0.8888890147
40865  16.755  -24.739  76.427 0.8888890147
39977  18.507  -25.360  75.758 0.7777780294
43554  15.078  -20.476  80.249 0.5555559993
42656  15.825  -20.845  79.973 0.5555559993
40845  22.533  -24.269  77.766 0.5555559993
41747  22.979  -23.649  76.293 0.6666669846
40846  21.829  -24.714  77.386 0.5555559993
39955  21.077  -25.040  77.032 0.7777780294
98783  25.030  -23.336  74.842 0.5555559993
100614  23.309  -23.556  74.837 0.6666669846
40877  21.103  -24.334  75.510 0.7777780294
107155  20.462  -25.412  76.665 0.7777780294
41749  17.530  -23.989  75.983 0.8888890147
41842  25.990  -23.607  72.431 0.6666669846
39975  20.217  -24.845  75.437 0.7777780294
41772  19.117  -23.742  74.831 0.7777780294
40879  18.683  -24.501  75.324 0.7777780294
44509  27.793  -20.783  72.551 0.6666669846
43641  27.113  -21.969  71.685 0.8888890147
42816  27.231  -22.486  72.216 0.7777780294
42793  26.798  -23.209  72.384 0.6666669846
41859  25.490  -23.469  71.723 0.6666669846
41844  24.367  -23.537  72.324 0.6666669846
100852  23.737  -23.493  72.831 0.7777780294
42836  26.105  -22.342  70.640 0.8888890147
41860  24.832  -23.514  71.827 0.7777780294
117149  16.723  -21.884  78.243 0.8888890147
41705  16.786  -21.485  79.126 0.7777780294
42655  16.400  -21.273  79.635 0.5555559993
42727  17.424  -23.119  76.617 0.8888890147
45589  28.717  -20.100  70.907 0.7777780294
40889  20.916  -23.930  74.608 0.7777780294
40890  19.979  -23.715  74.468 0.8888890147
41799  20.700  -23.389  73.993 0.8888890147
41801  18.716  -22.957  74.831 0.8888890147
42795  23.631  -23.158  72.021 0.7777780294
41826  21.235  -23.299  73.581 0.8888890147
43672  25.161  -21.342  69.587 0.8888890147
43643  23.916  -22.076  70.466 0.8888890147
41703  17.093  -21.488  78.671 0.7777780294
45570  30.169  -19.400  71.244 0.7777780294
43596  18.611  -21.283  75.063 0.7777780294
43626  21.643  -22.287  72.577 0.8888890147
43615  21.004  -21.964  72.833 0.7777780294
43616  20.400  -21.506  73.361 0.7777780294
43604  19.835  -21.912  73.836 0.7777780294
116645  28.976  -19.932  69.426 0.8888890147
45607  28.197  -19.691  69.391 0.8888890147
46569  26.435  -18.133  68.081 0.7777780294
45592  23.996  -19.590  69.789 0.7777780294
46556  24.465  -18.340  69.071 0.7777780294
44527  23.016  -20.626  71.378 0.7777780294
43580  18.226  -20.550  76.584 0.5555559993
45569  31.088  -19.312  71.025 0.6666669846
45605  30.784  -20.196  69.564 0.7777780294
44511  22.359  -20.856  72.153 0.7777780294
114979  20.414  -20.608  73.579 0.5555559993
108953  30.325  -20.241  68.946 0.7777780294
45627  28.527  -19.453  68.480 0.8888890147
46567  28.195  -18.551  67.817 0.8888890147
46568  27.358  -18.262  67.924 0.7777780294
47541  26.045  -17.314  67.963 0.7777780294
46570  25.524  -18.093  68.370 0.7777780294
46571  24.882  -18.045  68.632 0.7777780294
47528  24.587  -17.394  68.959 0.7777780294
46541  24.022  -18.586  69.921 0.7777780294
45574  22.977  -19.565  71.728 0.6666669846
45585  32.207  -19.661  69.987 0.6666669846
103337  19.791  -19.543  74.834 0.5555559993
44497  21.850  -19.884  72.761 0.6666669846
115741  29.843  -19.565  67.803 0.8888890147
47555  29.498  -18.229  67.283 0.7777780294
48417  27.521  -16.459  67.732 0.7777780294
48418  26.562  -16.444  67.810 0.7777780294
50195  25.583  -14.869  68.519 0.7777780294
49303  26.066  -15.559  68.092 0.7777780294
49292  24.675  -15.635  68.900 0.7777780294
49291  24.935  -15.037  68.784 0.7777780294
48407  24.525  -16.438  69.246 0.7777780294
103513  24.352  -17.124  69.896 0.7777780294
46528  23.883  -18.126  71.140 0.7777780294
45554  22.723  -18.912  72.419 0.5555559993
50090  26.167  -14.384  77.008 0.2222220004
109614  25.013  -16.045  75.730 0.2222220004
48339  25.374  -15.656  76.648 0.2222220004
46453  24.439  -16.713  76.123 0.2222220004
46442  24.503  -16.779  76.887 0.1111110002
45492  24.242  -17.070  76.752 0.1111110002
108343  21.227  -17.949  76.979 0.1111110002
45486  20.305  -18.417  77.287 0.1111110002
51933  26.612  -11.629  74.960 0.1111110002
109287  26.835  -13.556  75.712 0.1111110002
50098  26.667  -13.870  76.384 0.2222220004
49223  26.670  -15.376  75.590 0.3333329856
49231  26.922  -15.916  74.523 0.3333329856
45504  23.275  -17.486  75.670 0.2222220004
45493  23.729  -17.362  76.620 0.2222220004
47509  34.528  -17.634  71.466 0.3333329856
51042  26.126  -12.951  73.181 0.2222220004
51960  26.908  -11.686  73.530 0.1111110002
51027  26.302  -12.942  74.170 0.2222220004
111120  27.014  -15.332  74.414 0.3333329856
110840  26.261  -15.213  73.720 0.3333329856
47480  25.041  -16.217  74.717 0.2222220004
107245  25.476  -16.021  74.421 0.3333329856
46472  24.574  -16.559  74.696 0.2222220004
45503  23.626  -17.243  75.025 0.2222220004
45506  21.026  -18.462  75.368 0.2222220004
51052  26.685  -12.571  71.972 0.3333329856
50128  28.932  -13.345  72.797 0.3333329856
51973  26.905  -12.169  72.890 0.2222220004
51053  25.849  -12.893  72.187 0.2222220004
49253  25.669  -15.665  73.228 0.3333329856
111564  25.631  -14.745  72.805 0.5555559993
47492  25.250  -16.231  73.891 0.3333329856
48367  25.969  -15.815  74.203 0.3333329856
47502  24.977  -16.286  73.340 0.3333329856
46494  23.776  -17.277  73.674 0.4444440007
47493  24.819  -16.488  74.099 0.3333329856
45518  21.977  -18.478  74.463 0.3333329856
45603  32.480  -20.197  69.230 0.7777780294
45584  33.041  -19.480  69.713 0.6666669846
49267  29.163  -14.718  70.563 0.4444440007
48391  29.292  -15.082  69.630 0.5555559993
49278  27.814  -14.803  69.580 0.7777780294
50155  28.467  -13.960  71.079 0.4444440007
51078  26.655  -12.948  70.992 0.5555559993
51064  27.622  -13.104  71.470 0.3333329856
50142  28.649  -13.656  72.015 0.4444440007
50156  27.479  -13.590  70.655 0.5555559993
51066  25.617  -13.275  71.301 0.5555559993
115349  25.946  -13.093  70.643 0.5555559993
50157  25.119  -14.193  71.203 0.5555559993
47511  24.365  -16.768  72.168 0.5555559993
47504  23.885  -17.232  72.297 0.5555559993
47503  24.560  -16.589  73.195 0.4444440007
45535  22.705  -18.349  73.372 0.4444440007
48415  29.522  -16.382  67.832 0.7777780294
48390  30.037  -15.061  69.623 0.7777780294
49288  28.147  -15.172  69.037 0.7777780294
49290  26.414  -14.734  68.599 0.7777780294
50184  25.324  -14.387  69.108 0.6666669846
109768  25.108  -14.239  69.739 0.5555559993
48382  24.243  -16.829  71.079 0.6666669846
48393  24.453  -16.323  70.167 0.6666669846
50170  24.855  -14.553  70.296 0.6666669846
47512  23.978  -17.300  71.483 0.6666669846
110961  32.611  -20.317  68.546 0.8888890147
44568  31.330  -20.232  67.901 0.8888890147
47554  30.091  -18.093  67.029 0.7777780294
48406  27.944  -15.638  68.250 0.7777780294
48405  28.695  -15.420  68.798 0.7777780294
49302  27.039  -15.595  68.059 0.7777780294
47527  34.893  -17.854  69.972 0.5555559993
48389  30.901  -14.972  69.900 0.4444440007
102000  30.988  -15.816  68.602 0.6666669846
45652  33.256  -19.499  66.721 0.8888890147
46584  31.057  -19.033  66.615 0.8888890147
47553  30.752  -18.045  66.600 0.7777780294
48378  32.175  -15.971  71.029 0.3333329856
48380  30.573  -14.814  70.543 0.4444440007
48401  32.405  -15.684  70.558 0.4444440007
109714  35.350  -17.817  68.842 0.6666669846
115411  32.151  -19.188  66.169 1.0000000000
47567  31.464  -18.735  66.242 0.8888890147
46604  33.688  -18.576  65.442 1.0000000000
49262  33.467  -15.626  71.546 0.3333329856
49274  33.901  -15.025  70.499 0.4444440007
47579  32.853  -17.588  64.758 1.0000000000
51037  34.570  -12.537  72.581 0.1111110002
49261  34.155  -15.214  71.143 0.2222220004
47551  36.401  -17.189  67.073 1.0000000000
47576  35.326  -17.341  65.437 1.0000000000
47590  33.433  -17.283  64.543 1.0000000000
51138  31.023  -14.294  65.886 1.0000000000
48457  33.658  -16.667  64.330 1.0000000000
115366  34.618  -12.171  71.509 0.2222220004
52003  34.770  -11.977  69.819 0.1111110002
110722  34.347  -12.407  69.613 0.3333329856
51093  33.881  -12.985  70.051 0.4444440007
49336  33.779  -15.876  64.214 1.0000000000
49338  31.806  -15.250  64.216 1.0000000000
52025  32.713  -12.422  67.516 0.4444440007
51156  30.323  -13.980  64.186 1.0000000000
51140  29.820  -13.350  64.911 1.0000000000
52063  29.650  -12.610  65.522 1.0000000000
51120  36.604  -13.247  66.693 0.3333329856
51137  34.863  -12.797  65.196 0.5555559993
50255  31.836  -14.301  63.465 1.0000000000
52077  34.487  -12.471  64.253 0.6666669846
52095  30.805  -13.099  62.713 1.0000000000
51174  29.274  -12.715  63.534 1.0000000000
111436  28.756  -11.187  64.628 1.0000000000
52113  31.461  -12.621  62.110 1.0000000000
53830  31.285  -10.588  67.995 0.7777780294
54734  29.100  -9.496  63.361 0.8888890147
102580  30.386  -11.130  61.644 1.0000000000
54690  30.357  -10.204  67.462 0.7777780294
112038  30.497  -9.543  61.604 1.0000000000
54752  30.705  -8.697  61.810 1.0000000000
55585  30.532  -7.222  63.975 0.5555559993
50279  36.440  -14.207  61.500 0.6666669846
53082  31.958  -10.738  60.148 1.0000000000
56389  30.283  -6.703  66.462 0.3333329856
56414  32.067  -6.325  64.221 0.4444440007
55643  31.404  -8.294  61.536 0.8888890147
57236  31.634  -5.567  65.999 0.2222220004
57248  33.384  -5.303  64.867 0.2222220004
50251  38.665  -14.229  63.123 0.3333329856
53081  32.857  -11.180  59.689 1.0000000000
54794  32.552  -8.471  60.481 0.7777780294
51233  35.838  -13.235  59.955 0.8888890147
56413  33.094  -6.259  63.721 0.4444440007
48201  3.595  -16.807  88.526 0.4444440007
49081  3.941  -15.555  88.536 0.2222220004
49090  4.296  -15.534  88.596 0.2222220004
114731  6.023  -16.960  87.155 0.6666669846
46359  6.242  -18.538  86.152 0.6666669846
47358  6.492  -17.678  86.234 0.6666669846
49089  5.124  -15.206  88.577 0.2222220004
48224  6.420  -16.365  87.518 0.3333329856
48212  5.672  -15.792  88.093 0.3333329856
48235  6.732  -16.984  86.749 0.6666669846
47357  7.364  -17.351  86.046 0.6666669846
46371  7.692  -18.305  84.971 0.7777780294
48211  6.705  -15.639  88.289 0.3333329856
48223  7.238  -16.551  87.231 0.6666669846
47341  7.739  -16.891  86.734 0.6666669846
47371  8.022  -17.695  85.405 0.6666669846
46370  8.500  -18.102  84.858 0.6666669846
47356  8.426  -17.275  86.157 0.6666669846
46378  9.014  -18.371  84.311 0.6666669846
46358  9.203  -17.697  85.585 0.4444440007
46369  9.404  -17.905  84.909 0.5555559993
45398  10.064  -18.079  84.654 0.4444440007
45411  9.732  -18.581  83.869 0.4444440007
46368  10.150  -17.848  85.403 0.3333329856
45410  10.885  -18.443  84.341 0.3333329856
45435  10.998  -19.041  82.851 0.4444440007
45424  10.392  -18.818  83.404 0.4444440007
45409  11.680  -18.638  84.400 0.2222220004
45397  10.945  -18.076  85.150 0.1111110002
44387  12.020  -18.786  84.095 0.2222220004
45423  11.364  -18.736  83.775 0.3333329856
44396  12.039  -18.967  83.412 0.2222220004
44407  12.718  -19.483  82.131 0.4444440007
44420  13.301  -19.731  81.442 0.5555559993
44386  12.740  -18.900  84.016 0.1111110002
101032  13.494  -19.375  82.959 0.1111110002
115412  13.665  -19.560  82.208 0.3333329856
44433  13.840  -19.922  80.818 0.4444440007
44494  28.051  -20.550  73.341 0.2222220004
44495  27.789  -21.406  73.109 0.5555559993
43531  14.960  -19.931  82.041 0.2222220004
44419  14.200  -19.736  81.714 0.3333329856
43544  15.355  -20.269  81.397 0.3333329856
43545  14.678  -20.061  81.076 0.5555559993
45533  28.436  -19.722  73.502 0.3333329856
44508  28.150  -20.172  72.772 0.2222220004
113604  15.717  -20.545  80.852 0.3333329856
107933  26.111  -11.758  77.827 0.1111110002
51906  26.027  -12.643  78.218 0.1111110002
115137  26.251  -12.722  77.481 0.1111110002
50977  26.319  -13.649  77.243 0.1111110002
51917  26.461  -12.772  76.643 0.1111110002
108594  26.220  -14.797  76.417 0.1111110002
101921  16.332  -20.744  80.891 0.3333329856
45551  28.622  -19.644  72.710 0.4444440007
42641  16.708  -20.642  81.827 0.2222220004
102470  16.176  -20.493  82.149 0.2222220004
114362  16.871  -20.877  80.951 0.3333329856
41671  16.835  -21.232  80.101 0.3333329856
41687  17.187  -21.312  79.507 0.3333329856
50108  32.700  -14.192  73.918 0.1111110002
50109  32.058  -13.874  73.849 0.2222220004
50110  31.326  -13.455  73.677 0.1111110002
50126  30.993  -13.757  72.956 0.2222220004
50124  32.439  -14.629  73.541 0.2222220004
50125  31.690  -14.229  73.313 0.2222220004
49239  31.231  -14.556  72.694 0.2222220004
50140  30.669  -14.158  72.422 0.2222220004
50139  32.908  -15.168  73.116 0.2222220004
49238  31.971  -15.083  73.088 0.2222220004
49250  31.386  -15.228  72.363 0.2222220004
49265  30.832  -15.112  71.537 0.2222220004
49249  32.295  -15.479  72.469 0.2222220004
50111  30.413  -13.248  73.645 0.2222220004
50127  30.046  -13.679  72.767 0.3333329856
116712  29.471  -13.962  72.273 0.3333329856
50141  30.114  -14.330  72.098 0.3333329856
50154  29.477  -14.427  71.591 0.3333329856
49252  30.129  -14.892  71.823 0.2222220004
49266  30.016  -14.785  71.078 0.2222220004
53935  33.570  -10.660  59.221 0.8888890147
53934  34.212  -10.313  58.794 0.7777780294
53945  34.808  -10.818  58.610 0.7777780294
108326  33.239  -10.995  68.894 0.3333329856
113402  32.592  -10.529  68.893 0.3333329856
55680  34.240  -8.392  59.248 0.7777780294
55681  33.587  -8.558  59.594 0.6666669846
54793  32.950  -9.055  59.757 0.6666669846
55677  36.367  -7.221  59.174 0.6666669846
55678  35.386  -7.993  58.651 0.6666669846
55679  34.753  -8.582  58.731 0.7777780294
54810  33.615  -9.508  59.149 0.6666669846
55697  36.790  -7.906  56.913 0.7777780294
54808  35.093  -9.395  58.218 0.7777780294
54809  34.403  -9.423  58.696 0.7777780294
54677  32.726  -10.078  69.278 0.3333329856
54678  32.170  -9.773  68.956 0.3333329856
55563  31.363  -9.335  68.580 0.4444440007
54791  37.692  -7.108  61.354 0.3333329856
55660  35.895  -7.201  60.635 0.4444440007
55661  34.756  -7.510  60.121 0.7777780294
55663  33.360  -8.069  60.224 0.5555559993
55675  38.639  -6.647  60.187 0.4444440007
55676  37.440  -6.736  59.703 0.5555559993
101157  36.043  -7.165  59.871 0.5555559993
105807  35.132  -7.744  59.517 0.6666669846
55690  37.782  -6.505  58.991 0.5555559993
55691  36.668  -7.186  58.251 0.6666669846
56502  37.780  -7.137  56.173 0.7777780294
56484  37.334  -6.734  57.801 0.7777780294
55720  38.448  -7.829  55.395 0.7777780294
55558  30.991  -8.449  68.751 0.4444440007
54748  39.804  -8.425  62.783 0.1111110002
55642  33.184  -7.544  61.131 0.4444440007
54771  39.004  -7.685  62.387 0.2222220004
54772  38.121  -7.446  62.071 0.3333329856
54751  37.510  -7.376  62.291 0.2222220004
55621  35.728  -6.972  61.926 0.3333329856
55622  33.954  -6.869  61.940 0.3333329856
56458  42.719  -6.435  60.349 0.1111110002
55672  41.862  -7.026  60.707 0.1111110002
55655  41.454  -7.471  60.965 0.3333329856
55674  40.380  -6.669  60.573 0.5555559993
54789  39.274  -7.412  61.878 0.3333329856
54773  37.108  -7.189  61.532 0.4444440007
55640  35.310  -7.112  61.089 0.5555559993
56471  42.234  -6.506  60.060 0.1111110002
116568  41.043  -6.327  59.695 0.2222220004
55688  39.701  -6.285  59.712 0.4444440007
55689  38.822  -6.373  59.405 0.5555559993
56480  42.187  -6.125  59.311 0.1111110002
56494  40.045  -5.649  58.470 0.3333329856
56482  39.000  -5.917  58.448 0.6666669846
56483  38.139  -6.280  58.436 0.6666669846
57313  39.375  -5.552  57.642 0.7777780294
56495  38.491  -6.012  56.964 0.7777780294
56496  37.917  -6.364  57.441 0.7777780294
56501  38.464  -6.580  55.732 0.7777780294
57224  30.740  -6.290  68.645 0.2222220004
56383  30.394  -6.906  68.042 0.2222220004
54749  39.252  -8.091  62.801 0.1111110002
54750  38.539  -7.707  62.643 0.2222220004
55620  36.615  -7.117  62.348 0.2222220004
117999  34.838  -6.904  61.613 0.3333329856
57228  30.696  -5.989  67.676 0.2222220004
55600  38.355  -7.721  63.063 0.1111110002
55603  34.394  -6.521  62.757 0.2222220004
55604  33.365  -6.719  62.757 0.3333329856
54731  38.816  -8.000  62.978 0.1111110002
114187  37.321  -7.283  62.711 0.2222220004
112363  35.935  -6.826  62.500 0.2222220004
55602  35.510  -6.528  62.870 0.2222220004
111979  37.649  -7.286  63.023 0.1111110002
56423  33.775  -6.400  63.222 0.3333329856
55601  36.640  -6.882  62.860 0.1111110002
56398  33.793  -5.723  64.163 0.3333329856
56411  35.464  -6.073  63.488 0.2222220004
56412  34.262  -6.052  63.569 0.3333329856
55584  36.152  -6.446  63.186 0.2222220004
56422  34.799  -6.279  63.177 0.2222220004
56397  34.915  -5.663  64.044 0.2222220004
45412  8.668  -19.065  83.719 0.7777780294
49082  3.497  -16.092  88.179 0.4444440007
101352  12.577  -19.206  82.928 0.2222220004
41688  16.973  -21.376  79.588 0.5555559993
49088  6.063  -15.113  88.688 0.2222220004
49251  30.643  -14.864  72.217 0.2222220004
54818  34.771  -10.120  58.448 0.7777780294
54684  31.711  -10.162  68.497 0.4444440007
55662  33.968  -7.834  59.903 0.6666669846
117455  37.174  -8.695  56.468 0.7777780294
55705  37.430  -8.164  56.322 0.7777780294
56503  37.329  -7.160  56.867 0.7777780294
55557  31.773  -8.993  69.113 0.3333329856
55659  37.084  -6.892  60.371 0.4444440007
55658  38.361  -6.861  61.072 0.4444440007
54790  38.536  -7.335  61.818 0.3333329856
54792  36.755  -7.088  60.802 0.4444440007
55639  36.406  -7.159  61.653 0.4444440007
55641  34.155  -7.278  60.801 0.5555559993
55704  38.029  -8.517  55.790 0.7777780294
56512  38.951  -7.284  54.983 0.7777780294
54770  39.699  -7.917  62.474 0.2222220004
54732  38.059  -7.642  62.837 0.1111110002
111048  35.066  -6.699  62.298 0.3333329856
56459  41.983  -6.949  60.652 0.1111110002
102357  41.093  -6.772  60.431 0.3333329856
55673  41.652  -6.462  59.893 0.1111110002
55656  40.887  -7.277  61.215 0.5555559993
109047  39.598  -6.586  60.476 0.5555559993
118511  40.203  -6.901  61.193 0.5555559993
55638  40.206  -7.485  61.850 0.3333329856
55657  39.475  -6.872  61.245 0.3333329856
55687  40.466  -6.316  59.835 0.4444440007
100392  40.648  -6.015  59.137 0.2222220004
56481  39.954  -5.982  59.166 0.5555559993
57325  39.209  -5.578  56.533 0.7777780294
45359  3.190  -19.014  88.987 0.1111110002
44365  3.257  -19.581  87.353 0.1111110002
46307  4.308  -19.349  91.160 0.3333329856
103169  3.023  -16.970  87.519 0.1111110002
102711  3.227  -16.348  87.795 0.2222220004
119233  10.561  -24.713  89.563 0.1111110002
40697  11.282  -24.805  89.561 0.1111110002
40706  13.525  -25.285  88.356 0.1111110002
99205  12.744  -25.364  87.756 0.1111110002
40707  12.651  -25.188  88.772 0.1111110002
40696  12.198  -24.861  89.566 0.1111110002
99275  11.875  -25.209  87.957 0.1111110002
101520  11.631  -24.994  88.808 0.1111110002
40718  12.044  -25.313  87.068 0.1111110002
40708  11.005  -24.970  88.093 0.1111110002
48222  8.113  -16.516  87.505 0.4444440007
40719  11.203  -25.138  87.233 0.1111110002
40709  10.139  -24.826  88.317 0.1111110002
40717  13.598  -25.445  87.507 0.1111110002
47329  9.050  -16.521  87.716 0.2222220004
48209  9.386  -16.110  88.484 0.2222220004
40729  12.203  -25.404  86.201 0.1111110002
40730  11.399  -25.243  86.422 0.1111110002
40740  11.449  -25.224  85.535 0.1111110002
39793  15.306  -25.737  86.779 0.1111110002
39782  14.580  -25.537  87.402 0.1111110002
39783  13.744  -25.575  86.674 0.1111110002
40728  12.887  -25.453  86.862 0.1111110002
47328  9.986  -16.565  87.783 0.1111110002
100404  14.856  -25.817  85.807 0.1111110002
100386  13.946  -25.684  85.854 0.1111110002
39796  12.446  -25.415  85.317 0.1111110002
39806  13.360  -25.576  85.166 0.1111110002
38966  16.527  -26.413  85.453 0.1111110002
39792  15.865  -26.010  85.935 0.1111110002
38975  16.458  -26.591  84.383 0.1111110002
38967  15.991  -26.112  84.993 0.1111110002
39805  14.266  -25.756  85.024 0.1111110002
38976  15.762  -26.129  84.394 0.1111110002
39804  15.249  -25.921  84.879 0.1111110002
39815  15.247  -25.980  83.975 0.1111110002
39816  14.521  -25.831  84.151 0.1111110002
39817  13.666  -25.642  84.316 0.1111110002
40764  12.370  -25.219  83.738 0.1111110002
39830  14.764  -25.881  83.335 0.1111110002
39831  13.941  -25.619  83.411 0.1111110002
118056  13.397  -25.420  83.175 0.1111110002
39846  14.362  -25.667  82.607 0.1111110002
39847  13.623  -25.375  82.642 0.2222220004
40763  12.828  -25.193  82.938 0.2222220004
40774  13.090  -25.007  82.017 0.2222220004
38974  17.182  -27.008  84.943 0.1111110002
115361  17.445  -27.449  84.216 0.1111110002
118360  17.052  -26.984  84.328 0.1111110002
42707  26.459  -22.312  77.440 0.2222220004
38992  17.097  -27.180  83.001 0.1111110002
38983  16.423  -26.763  83.392 0.1111110002
42708  25.656  -22.341  77.904 0.3333329856
38993  16.501  -26.798  82.546 0.1111110002
39829  15.348  -26.124  83.310 0.1111110002
39862  15.257  -25.989  81.566 0.2222220004
105938  15.868  -26.386  82.085 0.2222220004
39845  15.156  -26.018  82.551 0.1111110002
39006  15.946  -26.300  81.183 0.3333329856
39863  14.669  -25.746  81.932 0.1111110002
104430  24.679  -22.772  76.547 0.4444440007
107928  14.599  -25.638  81.125 0.4444440007
38990  21.482  -26.789  82.602 0.2222220004
38189  21.021  -27.862  83.908 0.1111110002
37381  20.438  -28.262  84.091 0.1111110002
38199  21.188  -27.441  83.242 0.2222220004
38200  20.370  -28.093  83.286 0.1111110002
37382  19.707  -28.368  83.947 0.1111110002
39002  21.440  -26.559  81.732 0.2222220004
38991  20.963  -27.199  81.905 0.2222220004
38206  20.704  -27.599  82.524 0.1111110002
38201  19.364  -28.191  83.073 0.1111110002
37383  18.858  -28.279  83.921 0.1111110002
38190  18.502  -28.169  84.680 0.1111110002
111359  27.877  -21.851  77.782 0.1111110002
110798  27.115  -21.999  78.031 0.2222220004
108232  21.465  -26.433  81.035 0.2222220004
39003  20.847  -26.983  81.117 0.2222220004
38207  20.190  -27.587  81.722 0.2222220004
100814  19.998  -27.990  82.519 0.1111110002
118941  18.891  -28.026  82.680 0.1111110002
107478  18.085  -27.950  84.034 0.1111110002
38208  19.278  -27.875  82.165 0.1111110002
38210  17.817  -27.534  82.673 0.1111110002
39004  17.249  -27.103  82.161 0.1111110002
42725  26.258  -22.580  76.578 0.3333329856
106928  25.350  -22.479  77.134 0.3333329856
42726  25.435  -22.713  76.362 0.4444440007
39877  15.290  -25.926  80.544 0.5555559993
43571  28.400  -21.494  77.980 0.1111110002
44453  28.854  -21.070  78.198 0.1111110002
42706  27.078  -22.427  76.740 0.2222220004
38215  20.100  -27.265  80.893 0.2222220004
38216  19.303  -27.471  81.162 0.1111110002
38217  18.683  -27.608  81.731 0.1111110002
38218  18.003  -27.421  81.860 0.2222220004
43579  27.511  -22.147  77.269 0.2222220004
38227  19.635  -27.066  80.324 0.3333329856
113166  18.807  -27.082  80.332 0.3333329856
100691  17.811  -26.895  80.092 0.4444440007
39020  17.381  -26.926  81.160 0.2222220004
99382  26.075  -22.853  75.785 0.4444440007
39039  15.570  -26.104  79.623 0.6666669846
41767  25.817  -23.164  75.004 0.4444440007
43578  28.469  -21.782  77.076 0.1111110002
44461  29.026  -21.163  77.490 0.1111110002
43586  27.891  -22.258  76.440 0.2222220004
43595  28.094  -22.265  75.542 0.2222220004
115145  27.151  -22.628  75.897 0.4444440007
42738  26.739  -22.942  75.063 0.4444440007
41794  25.558  -23.425  74.233 0.4444440007
44452  29.455  -20.620  78.007 0.1111110002
45470  29.981  -19.983  78.316 0.1111110002
44460  29.512  -20.687  77.175 0.1111110002
43585  28.640  -21.745  76.018 0.1111110002
107715  27.596  -22.646  74.994 0.4444440007
41793  26.424  -23.285  74.226 0.4444440007
42753  27.207  -22.966  74.337 0.4444440007
41821  26.438  -23.487  73.228 0.5555559993
45469  30.611  -19.455  78.520 0.1111110002
45482  29.920  -20.014  77.379 0.1111110002
44474  28.988  -21.040  75.565 0.1111110002
43594  28.515  -21.626  75.114 0.1111110002
43603  27.798  -22.468  74.231 0.4444440007
41792  27.404  -22.837  73.626 0.4444440007
119203  26.965  -23.208  73.708 0.5555559993
47431  31.535  -17.787  78.809 0.1111110002
46411  31.261  -18.649  79.552 0.1111110002
42654  17.214  -21.124  80.435 0.2222220004
47442  31.105  -17.978  77.960 0.1111110002
46417  31.189  -18.774  78.654 0.1111110002
45481  30.378  -19.538  77.830 0.1111110002
45491  29.843  -19.562  76.598 0.1111110002
44473  29.327  -20.479  75.918 0.1111110002
45502  28.993  -20.111  75.211 0.1111110002
44456  18.593  -19.522  78.120 0.1111110002
118104  18.632  -19.690  78.956 0.1111110002
44483  28.669  -20.785  74.712 0.1111110002
111877  28.114  -22.168  74.796 0.3333329856
111618  28.145  -21.466  74.093 0.2222220004
43613  27.720  -22.231  73.451 0.4444440007
107364  27.581  -22.101  72.799 0.4444440007
49215  31.609  -15.975  77.319 0.1111110002
48314  31.412  -16.151  77.704 0.1111110002
48315  31.607  -16.641  78.572 0.1111110002
48302  31.664  -17.187  79.356 0.1111110002
42639  17.662  -20.778  81.282 0.2222220004
42640  17.189  -20.744  81.539 0.2222220004
49214  32.414  -15.968  76.901 0.1111110002
48326  31.225  -16.210  77.327 0.1111110002
42638  18.106  -20.684  81.039 0.2222220004
48336  32.457  -16.277  76.163 0.1111110002
48337  31.601  -16.315  76.672 0.1111110002
110700  31.290  -16.988  77.901 0.1111110002
102910  30.823  -18.905  77.862 0.1111110002
102450  18.288  -20.277  79.566 0.1111110002
42652  17.940  -20.872  80.072 0.2222220004
42653  17.588  -21.070  80.267 0.2222220004
99651  33.253  -16.693  75.127 0.1111110002
48348  32.353  -16.653  75.518 0.1111110002
48349  31.375  -16.770  75.939 0.1111110002
47452  30.915  -17.385  76.631 0.1111110002
46427  30.807  -18.182  77.193 0.1111110002
46439  30.406  -18.219  76.407 0.1111110002
44446  19.006  -19.472  79.523 0.1111110002
116348  17.808  -20.778  79.347 0.1111110002
99791  33.930  -16.641  74.855 0.1111110002
48357  32.715  -17.073  74.736 0.1111110002
48358  31.779  -17.130  75.025 0.1111110002
48350  30.866  -17.208  75.974 0.1111110002
47464  30.394  -17.698  75.448 0.1111110002
46440  29.878  -18.817  76.151 0.1111110002
42669  17.691  -20.814  78.857 0.1111110002
48365  34.650  -16.932  73.564 0.1111110002
48366  33.894  -17.187  73.772 0.1111110002
47477  32.177  -17.460  74.220 0.1111110002
46450  30.008  -18.111  75.690 0.1111110002
46451  29.540  -18.644  75.334 0.1111110002
45515  28.660  -19.801  74.383 0.1111110002
47487  34.173  -17.420  73.064 0.1111110002
47488  33.373  -17.616  73.266 0.1111110002
47476  33.074  -17.356  73.985 0.1111110002
46488  31.995  -18.183  72.950 0.1111110002
46492  28.849  -19.057  74.075 0.1111110002
108015  28.300  -20.387  73.995 0.1111110002
47463  30.968  -17.360  75.291 0.1111110002
47490  31.641  -17.828  73.677 0.1111110002
47478  31.283  -17.572  74.471 0.1111110002
47479  30.449  -17.746  74.734 0.1111110002
47465  29.792  -18.006  75.010 0.1111110002
46489  31.110  -18.206  73.146 0.2222220004
46490  30.246  -18.321  73.416 0.1111110002
46470  29.369  -18.576  74.578 0.1111110002
46509  29.682  -18.754  72.901 0.1111110002
46527  29.908  -18.994  72.066 0.3333329856
51111  37.153  -13.337  67.174 0.1111110002
52988  37.330  -11.149  67.118 0.1111110002
51223  36.431  -13.703  60.506 0.6666669846
52145  37.863  -12.946  60.085 0.6666669846
52161  36.170  -12.572  59.351 0.7777780294
52162  35.277  -12.566  59.509 0.7777780294
52160  37.597  -12.686  59.285 0.6666669846
115788  36.874  -12.571  59.110 0.6666669846
53093  35.652  -12.053  59.073 0.6666669846
116684  34.292  -11.273  59.030 0.6666669846
52174  38.227  -12.531  58.658 0.6666669846
53104  36.927  -11.714  57.851 0.6666669846
52176  36.338  -12.000  58.624 0.6666669846
53106  35.397  -11.401  58.551 0.6666669846
53107  34.837  -11.328  58.803 0.6666669846
53105  36.070  -11.214  57.931 0.6666669846
53103  37.908  -12.075  57.818 0.6666669846
53960  36.096  -10.397  57.566 0.6666669846
53961  35.666  -9.785  57.758 0.6666669846
53944  35.401  -10.480  58.116 0.6666669846
53943  43.145  -11.063  58.586 0.5555559993
99108  42.168  -11.380  59.558 0.5555559993
53101  40.036  -11.871  58.220 0.6666669846
55698  36.180  -8.469  57.361 0.6666669846
53099  42.429  -11.155  57.840 0.5555559993
53112  40.457  -11.467  57.482 0.6666669846
53113  39.500  -11.604  57.363 0.6666669846
53114  38.520  -11.561  57.227 0.6666669846
53115  37.444  -11.129  57.142 0.6666669846
54825  36.168  -9.565  57.318 0.6666669846
55692  35.627  -8.900  57.800 0.5555559993
53111  41.412  -11.312  57.616 0.5555559993
53958  38.968  -11.007  56.686 0.6666669846
103341  38.145  -10.878  56.704 0.6666669846
101685  43.591  -10.891  57.645 0.5555559993
101959  42.884  -10.921  56.893 0.5555559993
53955  41.958  -11.035  56.920 0.5555559993
53956  40.933  -10.998  56.701 0.5555559993
53959  37.462  -10.206  56.553 0.6666669846
54824  36.816  -9.246  56.719 0.6666669846
53974  39.332  -10.346  56.109 0.6666669846
53976  37.642  -9.270  56.184 0.6666669846
53975  38.319  -10.266  56.243 0.6666669846
53969  44.789  -10.635  56.487 0.4444440007
112556  44.328  -10.590  56.107 0.4444440007
53970  43.848  -10.728  56.572 0.5555559993
104320  43.087  -10.657  56.087 0.5555559993
53972  41.700  -10.694  56.192 0.6666669846
53971  42.398  -10.791  56.359 0.5555559993
105178  40.241  -10.588  56.231 0.6666669846
111805  39.226  -9.626  55.579 0.6666669846
54856  38.757  -8.867  55.372 0.6666669846
54836  38.496  -9.547  55.777 0.6666669846
55637  41.004  -7.802  61.797 0.3333329856
53984  45.414  -10.492  55.952 0.3333329856
53986  43.925  -10.421  55.688 0.4444440007
104133  43.082  -10.276  55.355 0.5555559993
54853  41.601  -9.679  54.999 0.6666669846
53989  40.931  -9.853  55.341 0.6666669846
54835  40.076  -9.937  55.629 0.6666669846
54855  39.544  -9.169  55.149 0.6666669846
53967  46.597  -10.400  56.760 0.3333329856
53983  46.215  -10.282  55.908 0.3333329856
55719  39.158  -8.296  54.951 0.6666669846
54849  46.346  -9.904  55.271 0.3333329856
107437  45.543  -10.140  55.270 0.3333329856
54851  43.770  -9.991  54.929 0.4444440007
107735  43.006  -9.782  54.693 0.6666669846
105803  41.020  -9.338  54.925 0.6666669846
55718  39.929  -8.622  54.698 0.6666669846
54865  42.233  -9.440  54.535 0.6666669846
54866  41.449  -9.093  54.497 0.6666669846
54867  40.706  -8.830  54.566 0.6666669846
57334  39.470  -5.720  55.018 0.5555559993
57335  39.030  -6.188  55.361 0.6666669846
56534  42.116  -7.629  52.912 0.6666669846
56536  40.794  -7.639  53.729 0.6666669846
57340  39.421  -6.780  54.613 0.5555559993
55717  47.416  -8.633  54.590 0.2222220004
55725  45.738  -9.009  54.160 0.4444440007
55726  44.878  -9.103  53.962 0.5555559993
55743  43.494  -8.610  53.308 0.6666669846
55745  41.644  -8.015  53.528 0.6666669846
56519  40.055  -7.237  54.106 0.6666669846
55732  39.614  -7.760  54.542 0.6666669846
54848  47.033  -9.858  55.694 0.2222220004
54861  46.062  -9.576  54.734 0.3333329856
54862  45.215  -9.634  54.583 0.3333329856
54864  43.624  -9.551  54.378 0.6666669846
55729  42.006  -8.744  54.003 0.6666669846
55730  41.148  -8.428  54.060 0.6666669846
55731  40.363  -8.114  54.250 0.6666669846
58143  39.931  -5.209  54.624 0.5555559993
58142  40.539  -4.417  54.931 0.4444440007
55723  49.470  -7.978  54.571 0.2222220004
107207  48.726  -8.215  54.642 0.2222220004
55716  48.261  -8.725  54.921 0.2222220004
56535  41.217  -7.184  53.122 0.6666669846
57349  40.881  -6.020  52.887 0.5555559993
58153  40.276  -5.489  53.698 0.5555559993
56517  50.212  -7.410  54.205 0.1111110002
55724  48.146  -8.130  54.349 0.2222220004
55740  46.217  -8.309  53.800 0.4444440007
55742  44.470  -8.645  53.307 0.5555559993
56533  43.015  -7.983  52.748 0.6666669846
56548  42.589  -7.180  52.329 0.6666669846
56549  41.715  -6.770  52.525 0.6666669846
56528  47.862  -8.145  53.025 0.2222220004
56529  46.807  -8.121  53.285 0.3333329856
56530  45.868  -8.153  53.064 0.4444440007
56531  44.951  -8.162  52.683 0.5555559993
56547  43.445  -7.530  52.187 0.5555559993
58946  40.551  -4.612  53.547 0.5555559993
57348  50.753  -6.858  53.722 0.1111110002
56516  50.959  -7.151  54.487 0.1111110002
58152  40.592  -4.982  53.017 0.5555559993
57356  51.374  -6.590  52.806 0.1111110002
56526  49.767  -7.520  53.121 0.1111110002
56527  48.865  -7.886  53.293 0.1111110002
55738  48.237  -7.946  53.713 0.2222220004
117177  41.475  -5.912  52.247 0.5555559993
57363  51.748  -7.258  52.288 0.2222220004
56539  50.906  -7.506  52.403 0.1111110002
56540  50.066  -7.772  52.534 0.1111110002
102548  48.519  -8.194  52.586 0.2222220004
56543  47.111  -8.228  52.212 0.4444440007
56544  46.240  -8.130  52.300 0.5555559993
56545  44.988  -7.768  51.824 0.5555559993
57366  43.022  -6.724  51.660 0.5555559993
56552  53.057  -7.337  51.226 0.2222220004
56553  52.236  -7.744  51.416 0.2222220004
56554  51.347  -8.107  51.564 0.1111110002
56556  49.542  -8.400  51.802 0.2222220004
101116  48.692  -8.417  51.869 0.2222220004
56560  45.710  -7.839  51.584 0.5555559993
56561  44.373  -7.283  51.395 0.5555559993
56562  43.764  -7.245  51.682 0.5555559993
101353  43.704  -6.741  51.100 0.5555559993
57364  45.138  -7.213  51.002 0.5555559993
100905  40.972  -4.244  52.929 0.4444440007
58158  41.070  -5.110  52.381 0.5555559993
57367  42.435  -5.942  51.392 0.5555559993
57372  53.813  -6.557  50.431 0.1111110002
56567  52.476  -7.661  50.411 0.2222220004
56569  50.728  -8.331  50.624 0.2222220004
113457  49.277  -8.293  50.150 0.2222220004
56557  48.099  -8.364  51.081 0.3333329856
56572  47.364  -7.850  50.497 0.5555559993
56574  45.925  -7.469  50.944 0.5555559993
57365  44.359  -6.768  50.780 0.5555559993
109186  43.045  -6.060  50.931 0.4444440007
58980  54.617  -3.954  49.265 0.1111110002
58179  54.142  -5.904  49.167 0.1111110002
56578  52.567  -7.355  49.642 0.1111110002
56580  50.922  -7.724  49.578 0.2222220004
56582  49.274  -7.659  49.591 0.3333329856
57373  47.755  -7.095  49.727 0.4444440007
56573  46.502  -7.371  50.487 0.5555559993
58172  44.880  -6.224  50.215 0.5555559993
57375  43.820  -6.125  50.520 0.4444440007
58186  53.957  -5.828  48.301 0.1111110002
57380  52.156  -7.061  49.051 0.2222220004
57381  50.728  -6.748  48.979 0.2222220004
57383  48.626  -6.936  49.442 0.3333329856
98722  48.095  -6.130  49.327 0.4444440007
58196  54.422  -5.005  47.792 0.1111110002
59769  42.468  -3.547  51.465 0.3333329856
58971  41.987  -4.416  51.442 0.3333329856
58965  41.777  -3.604  52.378 0.3333329856
58970  42.686  -4.393  50.827 0.4444440007
58165  41.420  -4.514  52.056 0.4444440007
58977  43.387  -4.433  50.304 0.4444440007
58163  42.451  -5.227  51.041 0.4444440007
58164  41.745  -5.320  51.665 0.4444440007
58975  44.740  -5.201  49.853 0.5555559993
58173  43.987  -5.319  50.091 0.4444440007
58174  43.192  -5.287  50.533 0.4444440007
57384  47.216  -6.160  49.634 0.5555559993
58171  45.803  -6.210  50.022 0.5555559993
59798  55.384  -3.131  47.167 0.1111110002
99524  54.829  -3.777  47.815 0.1111110002
58197  53.692  -5.700  47.541 0.1111110002
58187  53.084  -6.238  48.013 0.2222220004
57392  50.665  -6.033  48.607 0.2222220004
57382  49.916  -6.194  48.880 0.3333329856
60579  55.156  -2.754  48.090 0.1111110002
59793  54.919  -3.035  48.758 0.1111110002
59768  43.142  -2.752  51.642 0.3333329856
58964  42.726  -2.881  52.515 0.3333329856
59777  43.034  -3.515  50.759 0.3333329856
58976  44.086  -4.327  49.845 0.4444440007
58182  46.073  -5.028  49.365 0.4444440007
58982  45.016  -4.471  49.545 0.5555559993
99685  46.964  -5.344  49.350 0.5555559993
57385  46.370  -5.800  49.702 0.5555559993
114025  45.529  -5.525  49.756 0.5555559993
59000  54.706  -4.335  46.875 0.1111110002
58198  52.665  -5.830  47.402 0.2222220004
101821  51.017  -5.788  48.119 0.2222220004
58180  48.952  -6.108  49.019 0.4444440007
58191  48.398  -5.332  48.908 0.5555559993
59805  56.015  -2.279  46.689 0.1111110002
58203  54.200  -5.213  47.088 0.2222220004
58992  52.205  -5.303  46.846 0.2222220004
58199  51.545  -5.513  47.506 0.2222220004
58200  50.627  -5.051  47.722 0.3333329856
58190  49.392  -5.478  48.622 0.4444440007
59814  55.958  -2.293  45.809 0.2222220004
59008  54.662  -4.142  45.931 0.2222220004
59001  54.091  -4.955  46.377 0.2222220004
58204  53.336  -5.424  46.866 0.2222220004
58993  51.192  -4.840  47.044 0.2222220004
59824  54.804  -3.005  44.523 0.4444440007
59815  55.241  -3.078  45.425 0.3333329856
59816  54.090  -3.715  44.974 0.4444440007
58981  46.672  -4.648  49.022 0.4444440007
58996  47.640  -4.042  47.858 0.4444440007
58989  47.176  -4.322  48.520 0.4444440007
58987  49.782  -5.010  48.067 0.4444440007
58995  48.552  -4.320  47.815 0.4444440007
103952  48.068  -4.597  48.470 0.4444440007
103601  51.726  -4.635  46.463 0.3333329856
58994  49.995  -4.606  47.389 0.3333329856
108787  49.327  -4.582  47.784 0.4444440007
59010  53.149  -4.322  45.365 0.3333329856
59011  51.888  -4.050  45.699 0.3333329856
59808  50.764  -3.645  46.082 0.4444440007
59004  50.202  -4.137  46.598 0.4444440007
105504  54.216  -3.004  44.081 0.4444440007
59825  53.664  -3.099  44.178 0.4444440007
59811  47.690  -3.328  46.432 0.4444440007
59801  47.189  -3.503  47.205 0.4444440007
60586  49.290  -3.325  45.895 0.4444440007
59810  48.660  -3.608  46.433 0.4444440007
59800  48.118  -3.852  47.105 0.4444440007
59817  52.820  -3.720  44.717 0.4444440007
101468  51.804  -3.368  44.829 0.4444440007
59818  51.119  -3.458  45.606 0.4444440007
59807  51.131  -3.767  46.014 0.4444440007
60605  53.423  -2.866  43.829 0.4444440007
59826  52.647  -3.016  44.171 0.4444440007
60618  53.324  -2.741  43.423 0.4444440007
60606  52.524  -2.624  43.625 0.4444440007
63002  47.334  0.793  47.081 0.1111110002
61369  47.103  -0.977  45.159 0.2222220004
61365  46.739  -1.352  45.936 0.3333329856
61368  47.949  -1.532  44.679 0.2222220004
60599  47.361  -1.908  45.458 0.4444440007
60589  46.489  -1.748  46.613 0.4444440007
60598  48.114  -2.402  45.238 0.4444440007
60588  47.483  -2.693  45.862 0.4444440007
60580  46.813  -2.750  46.624 0.4444440007
59820  49.924  -3.141  45.564 0.4444440007
59819  50.567  -3.246  45.588 0.4444440007
61390  52.189  -2.030  42.343 0.3333329856
61382  51.929  -2.277  43.085 0.4444440007
60619  51.554  -2.418  43.711 0.4444440007
60595  50.973  -2.983  44.840 0.4444440007
63005  47.808  1.534  46.917 0.1111110002
62157  47.142  0.064  45.137 0.1111110002
62160  48.183  -0.162  43.977 0.1111110002
61374  47.643  -0.576  44.538 0.2222220004
62159  48.862  -0.684  43.619 0.2222220004
61367  48.754  -2.118  44.742 0.3333329856
62169  49.934  -0.838  42.891 0.2222220004
61372  49.047  -1.516  44.133 0.2222220004
60596  50.154  -2.835  45.045 0.4444440007
61384  50.390  -1.569  43.397 0.2222220004
61371  50.070  -1.831  43.966 0.3333329856
60607  50.488  -2.447  44.402 0.4444440007
60638  52.880  -2.254  42.176 0.3333329856
61391  51.367  -1.690  42.536 0.2222220004
61383  51.104  -1.960  43.247 0.2222220004
60620  50.789  -2.168  43.808 0.4444440007
63812  48.230  2.131  46.717 0.1111110002
63813  47.674  1.647  45.933 0.1111110002
63011  47.835  1.134  44.539 0.1111110002
63816  47.889  1.712  45.102 0.1111110002
63008  47.461  0.979  45.162 0.1111110002
63010  48.167  0.787  43.925 0.1111110002
62161  47.657  0.346  44.492 0.1111110002
61385  49.648  -1.168  43.495 0.2222220004
62178  50.166  -0.449  42.273 0.2222220004
61392  50.611  -1.309  42.776 0.2222220004
64583  48.596  2.570  46.399 0.1111110002
63811  48.876  2.532  47.347 0.1111110002
64582  49.133  3.088  46.378 0.1111110002
64590  48.815  2.597  44.630 0.1111110002
105766  48.326  2.268  45.063 0.1111110002
110938  49.837  2.643  43.279 0.1111110002
63818  49.022  2.248  43.723 0.1111110002
63020  48.729  1.279  43.454 0.1111110002
63837  49.787  1.990  42.649 0.1111110002
63019  49.198  0.649  42.915 0.1111110002
62171  48.712  0.256  43.405 0.1111110002
63034  50.512  1.271  41.512 0.1111110002
63836  50.114  1.675  42.158 0.1111110002
63028  49.635  1.105  42.510 0.1111110002
62170  49.318  -0.337  43.067 0.2222220004
61399  51.592  -1.377  41.668 0.2222220004
62177  50.805  -0.944  41.978 0.2222220004
64589  49.540  2.986  44.220 0.1111110002
60583  57.042  -2.369  46.926 0.1111110002
104733  56.939  -2.375  48.087 0.1111110002
59804  57.379  -2.992  46.545 0.1111110002
60594  55.648  -2.484  45.089 0.3333329856
115107  56.801  -2.114  46.317 0.1111110002
112583  10.965  -25.136  86.006 0.1111110002
40751  11.835  -25.187  84.509 0.1111110002
39021  16.869  -26.662  80.177 0.5555559993
101546  17.047  -26.700  79.249 0.5555559993
39017  20.443  -26.763  80.253 0.2222220004
42792  27.350  -22.737  72.897 0.4444440007
46507  31.430  -18.568  72.396 0.2222220004
46508  30.547  -18.626  72.619 0.2222220004
52973  37.056  -11.746  67.049 0.1111110002
53008  37.636  -11.440  65.481 0.1111110002
53094  34.933  -11.821  59.093 0.6666669846
41820  27.073  -23.172  73.157 0.4444440007
47340  8.755  -16.871  86.918 0.4444440007
45514  29.048  -19.215  74.891 0.1111110002
46510  28.917  -19.039  73.205 0.2222220004
109051  35.859  -7.874  58.137 0.5555559993
56396  35.989  -5.675  63.976 0.1111110002
54769  40.327  -8.167  62.444 0.1111110002
48210  8.442  -16.076  88.289 0.2222220004
101267  9.680  -16.948  87.078 0.2222220004
39794  14.475  -25.684  86.485 0.1111110002
39795  13.084  -25.527  86.008 0.1111110002
39818  12.803  -25.427  84.464 0.1111110002
38984  15.828  -26.315  83.736 0.1111110002
39832  13.162  -25.449  83.680 0.1111110002
39844  21.915  -25.953  82.294 0.2222220004
38982  17.036  -27.063  83.795 0.1111110002
38191  17.838  -27.724  84.782 0.1111110002
38203  17.628  -27.570  83.480 0.1111110002
38994  15.822  -26.443  82.934 0.1111110002
39022  16.088  -26.355  80.305 0.5555559993
38981  21.759  -26.760  83.474 0.2222220004
38202  18.437  -27.952  83.172 0.1111110002
38209  18.516  -27.772  82.377 0.1111110002
39005  16.592  -26.709  81.688 0.2222220004
103839  16.586  -26.584  80.918 0.2222220004
38228  18.337  -27.250  81.066 0.3333329856
44467  29.193  -21.108  76.527 0.1111110002
44466  29.607  -20.292  76.560 0.1111110002
46428  30.241  -19.024  77.074 0.1111110002
45501  29.467  -19.581  75.800 0.1111110002
48327  31.215  -16.540  77.191 0.1111110002
99679  31.895  -16.458  76.060 0.1111110002
107400  33.081  -16.404  75.701 0.1111110002
48338  31.152  -16.653  76.680 0.1111110002
43553  18.509  -20.283  80.704 0.1111110002
48356  33.553  -16.950  74.453 0.1111110002
107096  30.530  -17.728  75.977 0.1111110002
47489  32.518  -17.751  73.467 0.1111110002
47491  30.755  -17.925  73.926 0.1111110002
46469  29.931  -18.123  74.242 0.1111110002
46491  29.461  -18.601  73.751 0.1111110002
52146  36.885  -12.992  59.828 0.7777780294
52175  37.322  -12.358  58.512 0.6666669846
53116  36.626  -10.964  57.453 0.6666669846
53933  42.905  -11.123  59.510 0.5555559993
53089  42.312  -11.312  58.842 0.5555559993
112680  41.721  -11.403  58.378 0.6666669846
53100  40.943  -11.613  58.363 0.6666669846
53957  39.907  -11.091  56.716 0.6666669846
102859  36.710  -10.271  57.029 0.6666669846
53973  40.916  -10.416  55.945 0.6666669846
53987  42.371  -10.488  55.760 0.6666669846
53988  41.640  -10.238  55.544 0.6666669846
53985  44.775  -10.458  55.729 0.3333329856
54852  42.322  -10.032  55.123 0.6666669846
54854  40.353  -9.328  55.026 0.6666669846
54850  44.603  -10.092  55.087 0.3333329856
54863  44.351  -9.606  54.460 0.4444440007
55728  42.985  -9.122  54.003 0.6666669846
57312  40.330  -5.264  57.689 0.4444440007
109037  39.495  -5.389  55.863 0.6666669846
57339  39.877  -6.241  54.224 0.5555559993
55744  42.543  -8.377  53.399 0.6666669846
57350  40.451  -6.666  53.578 0.5555559993
116637  46.890  -8.175  54.072 0.3333329856
109747  47.691  -9.318  55.249 0.2222220004
104278  46.534  -8.862  54.393 0.3333329856
54860  46.839  -9.382  54.988 0.2222220004
55727  43.978  -9.152  53.870 0.5555559993
56518  48.796  -7.830  54.117 0.2222220004
99676  49.532  -7.556  53.782 0.1111110002
55739  47.534  -8.009  53.883 0.2222220004
113543  50.210  -7.257  53.521 0.1111110002
55741  45.406  -8.529  53.475 0.4444440007
56532  43.945  -8.185  52.659 0.6666669846
111109  45.543  -8.074  52.298 0.5555559993
56546  44.251  -7.765  52.041 0.5555559993
57338  51.366  -6.349  54.025 0.1111110002
57357  50.626  -7.036  53.020 0.1111110002
56541  49.242  -8.052  52.618 0.1111110002
57358  42.121  -6.341  51.916 0.5555559993
56542  47.932  -8.329  52.007 0.4444440007
56555  50.441  -8.297  51.685 0.2222220004
55751  48.948  -8.521  50.925 0.2222220004
55750  49.827  -8.473  50.807 0.2222220004
56559  46.577  -7.952  51.281 0.5555559993
56558  47.415  -8.209  51.386 0.4444440007
101464  45.775  -6.856  50.450 0.5555559993
56566  53.260  -7.194  50.201 0.1111110002
57378  53.701  -6.573  49.609 0.1111110002
56579  51.863  -7.558  49.620 0.2222220004
56581  50.037  -7.240  49.275 0.2222220004
56570  50.003  -8.141  49.849 0.2222220004
56568  51.651  -8.075  50.513 0.2222220004
56571  48.413  -8.025  50.048 0.4444440007
101543  47.001  -7.117  49.977 0.5555559993
58178  54.378  -4.967  49.673 0.1111110002
58185  54.364  -5.057  48.739 0.1111110002
57389  53.446  -6.416  48.799 0.1111110002
57379  53.009  -6.975  49.248 0.1111110002
103416  49.349  -6.765  49.220 0.3333329856
57374  46.427  -6.598  50.036 0.5555559993
57391  51.459  -6.441  48.600 0.2222220004
103330  51.419  -7.111  49.099 0.2222220004
57390  52.548  -6.615  48.574 0.2222220004
58986  54.619  -4.200  48.463 0.1111110002
58181  47.659  -5.561  49.244 0.5555559993
104624  55.802  -2.293  47.852 0.1111110002
58188  52.056  -6.246  47.927 0.2222220004
58189  50.228  -5.553  48.346 0.2222220004
58192  47.532  -4.947  48.984 0.4444440007
59806  55.345  -3.245  46.278 0.1111110002
60584  56.571  -2.152  47.135 0.1111110002
60585  56.491  -2.090  46.160 0.1111110002
59002  52.901  -4.901  46.115 0.2222220004
59003  50.660  -4.566  47.079 0.3333329856
58988  48.949  -4.859  48.337 0.4444440007
60592  56.695  -2.154  45.704 0.1111110002
59009  53.863  -4.550  45.710 0.2222220004
116051  51.062  -4.163  46.480 0.3333329856
59794  46.776  -3.716  47.991 0.4444440007
59799  49.198  -4.173  47.043 0.4444440007
114572  49.502  -3.771  46.392 0.4444440007
59809  50.120  -3.523  46.015 0.4444440007
59827  51.770  -2.802  44.218 0.4444440007
60630  52.759  -2.419  42.951 0.4444440007
103840  46.718  -0.178  46.099 0.1111110002
63006  47.177  0.874  46.006 0.1111110002
116540  46.938  -2.152  46.060 0.4444440007
60597  49.181  -2.738  45.270 0.4444440007
60587  48.329  -3.080  45.793 0.4444440007
118847  51.121  -2.568  44.204 0.4444440007
63810  48.550  1.967  47.704 0.1111110002
61373  48.322  -0.917  44.161 0.2222220004
60608  49.644  -2.266  44.564 0.3333329856
63815  48.187  2.226  45.815 0.1111110002
63819  48.343  1.754  44.287 0.1111110002
62179  49.634  0.071  42.533 0.1111110002
63027  50.017  0.607  42.069 0.1111110002
64586  48.699  2.700  45.590 0.1111110002
63827  49.327  1.695  43.019 0.1111110002
62186  50.465  0.086  41.558 0.1111110002
45339  3.969  -19.330  90.973 0.1111110002
110907  7.445  -16.113  87.942 0.2222220004
48199  7.745  -15.499  88.829 0.1111110002
43530  18.980  -20.178  82.598 0.1111110002
42624  18.255  -20.540  82.184 0.1111110002
42625  17.580  -20.677  82.290 0.1111110002
42691  24.214  -22.771  77.958 0.3333329856
42588  18.546  -20.336  84.304 0.1111110002
42614  18.264  -20.512  83.471 0.1111110002
42603  17.970  -20.517  83.884 0.1111110002
42613  18.588  -20.434  83.033 0.1111110002
99746  17.958  -20.721  83.001 0.1111110002
42627  16.637  -20.640  82.908 0.1111110002
43543  18.760  -20.258  81.724 0.1111110002
42589  17.694  -20.502  84.292 0.1111110002
42604  17.266  -20.563  83.948 0.1111110002
42605  16.715  -20.465  84.032 0.1111110002
42617  16.419  -20.431  83.633 0.1111110002
42628  15.921  -20.289  83.098 0.1111110002
109625  15.101  -19.845  82.976 0.1111110002
51164  41.017  -13.553  64.093 0.3333329856
51187  39.992  -13.543  62.993 0.3333329856
52110  39.779  -13.128  62.162 0.3333329856
51206  38.356  -13.794  61.548 0.4444440007
51208  36.838  -14.045  61.105 0.5555559993
52109  40.483  -12.776  62.458 0.3333329856
52128  41.026  -12.003  62.030 0.2222220004
52142  40.039  -12.294  60.995 0.4444440007
52130  39.585  -12.772  61.374 0.5555559993
51221  38.145  -13.352  60.808 0.5555559993
51222  37.340  -13.534  60.560 0.5555559993
52144  38.677  -12.862  60.319 0.5555559993
100455  42.677  -11.129  60.969 0.2222220004
100831  41.708  -11.525  61.056 0.3333329856
53066  40.673  -11.922  61.067 0.3333329856
104947  39.091  -12.607  59.820 0.5555559993
53079  42.367  -11.279  60.226 0.2222220004
98767  41.058  -11.774  60.157 0.4444440007
52157  40.232  -12.123  60.283 0.5555559993
52158  39.682  -12.326  59.633 0.5555559993
52159  38.426  -12.693  59.550 0.5555559993
114674  43.011  -11.007  60.290 0.2222220004
103144  43.715  -10.814  59.957 0.3333329856
53092  39.691  -12.214  58.838 0.5555559993
53102  39.030  -12.152  58.108 0.5555559993
106388  44.369  -10.649  59.351 0.2222220004
112499  43.636  -10.923  59.186 0.2222220004
53942  43.990  -10.800  58.551 0.4444440007
104790  44.511  -10.676  57.937 0.4444440007
101582  44.365  -10.743  57.183 0.3333329856
53954  45.101  -10.601  57.327 0.2222220004
53965  48.291  -10.225  56.737 0.1111110002
117300  46.803  -10.181  56.176 0.2222220004
54833  48.911  -9.833  56.085 0.1111110002
54834  47.976  -9.802  55.925 0.1111110002
103003  49.908  -8.782  55.062 0.1111110002
57324  40.156  -4.973  56.712 0.4444440007
58132  40.140  -4.822  55.720 0.4444440007
58945  40.829  -3.974  54.044 0.2222220004
111428  40.324  -4.663  54.159 0.3333329856
59784  43.549  -3.664  50.243 0.3333329856
50277  37.775  -14.250  62.031 0.5555559993
44319  3.604  -19.685  90.639 0.1111110002
44324  3.354  -19.408  89.848 0.1111110002
47339  9.418  -17.320  86.391 0.3333329856
42642  15.835  -20.458  81.562 0.1111110002
118353  17.074  -20.709  82.402 0.1111110002
106962  24.901  -22.523  77.927 0.3333329856
51207  37.610  -13.939  61.282 0.5555559993
53090  41.503  -11.603  59.220 0.4444440007
53091  40.472  -11.972  59.241 0.5555559993
53968  45.677  -10.525  56.636 0.2222220004
55715  49.050  -8.743  55.048 0.1111110002
58958  41.447  -3.586  53.412 0.3333329856
48198  8.827  -15.632  89.061 0.1111110002
52173  39.056  -12.502  59.070 0.5555559993
49076  8.326  -15.042  89.607 0.1111110002
42626  17.297  -20.787  83.050 0.1111110002
42615  17.589  -20.645  83.527 0.1111110002
42616  16.961  -20.652  83.572 0.1111110002
102627  15.590  -20.226  82.258 0.1111110002
51205  39.059  -13.511  61.853 0.3333329856
51189  38.505  -14.077  62.342 0.3333329856
52129  40.253  -12.399  61.675 0.3333329856
52143  39.455  -12.522  60.517 0.5555559993
52131  38.869  -13.046  61.090 0.5555559993
53080  41.767  -11.525  60.035 0.3333329856
53064  42.414  -11.218  61.826 0.2222220004
118263  44.345  -10.618  59.969 0.1111110002
53941  44.689  -10.584  58.658 0.3333329856
105274  45.353  -10.456  58.255 0.2222220004
53952  46.709  -10.411  57.739 0.1111110002
53966  47.358  -10.172  56.400 0.1111110002
54847  48.565  -9.337  55.457 0.1111110002
35484  21.271  -30.770  84.471 0.1111110002
42666  26.166  -22.131  79.157 0.1111110002
42650  25.532  -22.534  80.429 0.1111110002
42637  24.625  -23.115  81.436 0.1111110002
110714  23.749  -28.337  87.939 0.1111110002
42688  26.269  -22.158  78.339 0.1111110002
42689  25.388  -22.395  78.677 0.1111110002
99998  24.832  -22.700  79.909 0.2222220004
41669  24.056  -23.462  81.455 0.2222220004
40761  23.376  -24.123  83.419 0.1111110002
40750  22.637  -24.928  84.387 0.1111110002
117488  22.815  -25.304  86.063 0.1111110002
38957  23.409  -27.321  87.320 0.1111110002
42668  24.130  -22.932  79.408 0.2222220004
107866  23.651  -23.713  80.954 0.2222220004
40773  23.134  -24.248  82.637 0.1111110002
41701  23.811  -23.444  80.139 0.2222220004
46357  10.114  -17.730  86.051 0.1111110002
103565  22.081  -30.394  87.738 0.1111110002
35463  22.585  -30.408  87.303 0.1111110002
35462  23.109  -30.056  87.653 0.1111110002
39814  22.412  -25.508  84.560 0.1111110002
38958  23.130  -26.915  86.505 0.1111110002
108200  22.639  -24.764  82.397 0.1111110002
39843  22.171  -25.232  82.858 0.1111110002
38980  22.117  -26.116  83.959 0.1111110002
40782  22.698  -24.765  81.511 0.2222220004
46344  10.195  -17.418  86.611 0.1111110002
37328  21.577  -29.471  88.377 0.1111110002
36391  21.623  -29.928  88.640 0.1111110002
35447  21.760  -30.132  88.415 0.1111110002
35446  22.220  -29.891  88.364 0.1111110002
35445  22.781  -29.822  88.056 0.1111110002
112412  22.996  -28.835  87.887 0.1111110002
102059  22.570  -28.563  87.256 0.1111110002
37338  23.355  -28.152  87.589 0.1111110002
38172  22.906  -27.791  86.437 0.1111110002
38972  22.302  -26.377  84.746 0.1111110002
37339  22.261  -29.144  88.044 0.1111110002
37350  21.656  -28.665  86.605 0.1111110002
37360  22.213  -28.316  85.989 0.1111110002
38180  22.387  -27.761  85.567 0.1111110002
38187  22.143  -27.280  84.902 0.1111110002
38973  21.951  -26.915  84.193 0.1111110002
45386  10.862  -17.900  85.785 0.1111110002
51040  33.782  -14.254  73.530 0.1111110002
50123  33.155  -14.574  73.601 0.1111110002
51166  39.397  -14.062  63.541 0.2222220004
51188  39.246  -13.915  62.664 0.2222220004
53065  41.787  -11.589  62.127 0.1111110002
52108  41.565  -12.009  62.811 0.1111110002
52088  40.710  -13.224  63.259 0.2222220004
52959  34.645  -11.302  69.356 0.1111110002
54676  33.381  -10.565  69.323 0.2222220004
55556  32.507  -9.436  69.382 0.2222220004
56382  30.750  -7.357  68.904 0.2222220004
53953  45.922  -10.467  57.483 0.1111110002
56493  41.013  -5.667  58.549 0.1111110002
41670  23.118  -24.198  81.189 0.2222220004
39860  22.270  -25.316  81.948 0.1111110002
53820  33.957  -11.190  68.921 0.2222220004
51020  33.237  -13.711  74.066 0.1111110002
39828  22.007  -25.997  83.132 0.1111110002
43573  26.918  -21.915  78.820 0.1111110002
42690  24.515  -22.696  78.614 0.2222220004
116200  41.006  -12.465  62.804 0.2222220004
100963  21.942  -30.699  85.048 0.1111110002
42667  25.486  -22.389  79.569 0.1111110002
42651  24.826  -22.894  80.689 0.1111110002
41657  24.345  -23.396  82.205 0.1111110002
36389  23.902  -28.791  87.941 0.1111110002
37327  24.444  -27.900  88.231 0.1111110002
38161  23.812  -27.616  88.097 0.1111110002
110544  24.847  -22.607  79.228 0.2222220004
41700  24.320  -23.009  80.182 0.2222220004
41685  24.196  -23.262  80.808 0.2222220004
41658  23.576  -23.890  81.874 0.1111110002
40749  23.173  -24.378  84.183 0.1111110002
40762  22.698  -24.703  83.384 0.1111110002
40739  22.697  -25.085  85.310 0.1111110002
39803  22.625  -25.797  85.396 0.1111110002
39791  22.893  -25.982  86.320 0.1111110002
38949  23.769  -26.788  88.201 0.1111110002
41659  23.019  -24.359  81.923 0.1111110002
39827  22.278  -25.322  83.713 0.1111110002
35453  22.452  -30.131  88.066 0.1111110002
35464  21.958  -30.649  86.936 0.1111110002
35471  23.244  -30.309  86.641 0.1111110002
101521  22.470  -30.596  86.500 0.1111110002
36410  23.871  -29.843  87.246 0.1111110002
36402  23.430  -29.521  87.797 0.1111110002
38964  22.713  -26.911  85.597 0.1111110002
107675  22.057  -29.677  88.340 0.1111110002
36390  22.824  -29.349  87.993 0.1111110002
107161  21.828  -28.019  85.137 0.1111110002
38188  21.598  -27.628  84.406 0.1111110002
50164  38.914  -14.710  70.583 0.1111110002
50179  38.838  -14.622  69.705 0.1111110002
51110  37.804  -13.413  67.692 0.2222220004
55635  41.589  -7.379  61.127 0.1111110002
55654  41.703  -7.337  60.900 0.1111110002
59776  43.578  -2.700  50.853 0.2222220004
59782  44.137  -2.395  50.501 0.2222220004
60567  44.655  -2.024  50.181 0.2222220004
58983  44.374  -3.846  49.681 0.2222220004
98766  45.601  -3.993  49.105 0.3333329856
59789  45.067  -2.740  49.325 0.2222220004
58990  46.360  -3.918  48.676 0.2222220004
115644  45.701  -3.317  48.860 0.2222220004
60571  45.274  -1.717  49.802 0.1111110002
61358  45.821  -1.307  49.190 0.1111110002
59802  46.378  -3.044  47.526 0.2222220004
60602  56.407  -2.307  45.074 0.2222220004
62150  47.557  -0.070  49.328 0.1111110002
60603  55.826  -2.470  44.915 0.2222220004
60616  55.333  -2.880  44.314 0.3333329856
60617  54.477  -3.058  43.834 0.3333329856
60627  54.861  -3.228  43.448 0.3333329856
61362  46.454  -0.553  48.022 0.1111110002
61363  46.268  -1.082  47.322 0.2222220004
60604  54.967  -3.001  44.473 0.2222220004
108440  54.031  -2.994  43.857 0.3333329856
117559  53.789  -2.917  43.372 0.3333329856
61366  46.465  -0.898  46.634 0.3333329856
60628  53.994  -3.079  42.619 0.3333329856
60629  53.358  -2.620  42.797 0.3333329856
60637  53.377  -2.563  41.865 0.2222220004
61397  53.002  -2.096  41.038 0.1111110002
61398  52.382  -1.734  41.342 0.1111110002
61408  52.800  -1.265  40.298 0.1111110002
61406  54.316  -1.881  39.740 0.1111110002
61407  53.534  -1.590  39.980 0.1111110002
61418  55.056  -1.157  39.203 0.1111110002
61419  54.348  -0.828  39.373 0.1111110002
60649  53.624  -2.410  40.668 0.1111110002
62191  52.700  -0.178  39.855 0.1111110002
62184  51.964  -0.904  40.630 0.1111110002
62200  54.527  0.300  39.401 0.1111110002
62190  53.587  -0.525  39.604 0.1111110002
104274  42.331  -3.141  53.492 0.1111110002
59783  43.954  -3.337  49.978 0.2222220004
60581  46.154  -2.052  47.328 0.3333329856
58131  41.190  -4.240  55.860 0.2222220004
59790  44.559  -3.213  49.615 0.3333329856
59795  46.042  -3.230  48.332 0.2222220004
102819  45.493  -2.442  48.897 0.1111110002
60576  45.778  -2.258  48.185 0.2222220004
61360  46.536  -0.554  48.850 0.1111110002
61361  45.990  -1.225  48.143 0.1111110002
45329  6.989  -20.203  93.143 0.1111110002
43443  6.277  -20.801  93.047 0.1111110002
45332  7.022  -20.039  92.875 0.1111110002
45337  6.290  -19.882  92.165 0.1111110002
44307  6.140  -20.353  92.866 0.1111110002
44310  5.613  -20.192  92.446 0.1111110002
43449  5.088  -21.113  92.133 0.1111110002
44311  5.057  -20.410  92.135 0.1111110002
114628  5.349  -19.764  91.758 0.1111110002
46305  4.777  -19.686  91.606 0.1111110002
44315  4.535  -20.085  91.684 0.1111110002
45338  4.430  -19.632  91.447 0.1111110002
51996  34.886  -11.446  71.102 0.1111110002
58013  32.763  -4.302  68.158 0.1111110002
58810  33.641  -4.025  68.946 0.1111110002
58023  31.223  -5.408  68.230 0.1111110002
57227  31.541  -5.240  67.080 0.1111110002
57246  35.501  -5.214  64.623 0.1111110002
57234  33.128  -4.871  65.595 0.1111110002
57311  41.412  -5.334  58.121 0.1111110002
57323  41.235  -4.913  57.529 0.1111110002
57322  42.141  -4.727  57.363 0.1111110002
58117  41.112  -4.516  56.749 0.1111110002
58116  42.116  -4.311  56.616 0.1111110002
59014  57.161  -4.458  44.219 0.1111110002
59019  56.994  -4.854  43.372 0.1111110002
59834  56.241  -3.376  43.792 0.1111110002
60615  56.041  -2.613  44.453 0.1111110002
45341  6.414  -20.007  91.424 0.1111110002
51986  35.001  -11.402  71.729 0.1111110002
102188  34.841  -11.541  70.439 0.1111110002
112495  30.838  -5.968  66.704 0.1111110002
117094  30.978  -6.091  65.888 0.1111110002
57247  34.413  -5.219  64.697 0.1111110002
59835  55.630  -3.222  43.721 0.1111110002
44306  6.873  -20.402  93.295 0.1111110002
43448  5.611  -20.667  92.597 0.1111110002
45330  6.265  -20.201  92.781 0.1111110002
45334  5.544  -19.984  92.181 0.1111110002
45335  4.989  -19.930  91.933 0.1111110002
106350  4.611  -20.732  91.754 0.1111110002
58037  32.488  -4.617  67.123 0.1111110002
58022  31.893  -4.745  67.850 0.1111110002
58826  33.691  -3.840  67.907 0.1111110002
59823  56.623  -2.768  44.504 0.1111110002
59833  56.833  -3.785  43.898 0.1111110002
49958  6.168  -14.035  90.031 0.1111110002
49959  5.333  -13.915  89.491 0.1111110002
49960  4.679  -13.802  89.149 0.1111110002
49080  4.709  -14.589  88.780 0.1111110002
55549  33.574  -9.590  70.253 0.1111110002
55537  33.277  -8.814  70.617 0.1111110002
54662  33.830  -10.253  69.948 0.1111110002
55550  32.863  -9.140  69.927 0.1111110002
54663  33.125  -9.885  69.661 0.1111110002
51165  40.218  -13.876  63.895 0.1111110002
56377  31.707  -7.677  69.992 0.1111110002
55551  32.152  -8.632  69.637 0.1111110002
52087  41.400  -12.840  63.409 0.1111110002
52073  41.785  -13.185  64.215 0.1111110002
49079  5.654  -14.558  89.139 0.1111110002
49092  3.360  -15.296  87.997 0.1111110002
53803  34.238  -10.795  69.605 0.1111110002
106771  45.187  -10.424  59.150 0.1111110002
56687  54.004  -6.949  40.915 0.1111110002
57480  54.176  -5.718  39.807 0.1111110002
59032  56.546  -5.040  42.101 0.1111110002
117802  55.700  -4.283  42.082 0.1111110002
58242  56.875  -5.665  40.326 0.1111110002
59041  56.063  -4.314  40.515 0.1111110002
59850  55.397  -4.081  41.490 0.1111110002
59053  56.725  -4.999  39.616 0.1111110002
57476  56.903  -5.849  40.216 0.1111110002
57462  55.856  -6.281  39.859 0.1111110002
57448  53.069  -6.737  41.096 0.1111110002
57466  51.697  -6.135  40.774 0.1111110002
58254  56.674  -5.197  39.584 0.1111110002
57477  56.566  -5.833  39.815 0.1111110002
57478  55.975  -5.669  39.322 0.1111110002
57479  55.195  -5.898  39.670 0.1111110002
58257  55.138  -5.288  39.203 0.1111110002
59842  55.965  -4.180  42.730 0.1111110002
59843  55.345  -3.765  42.654 0.1111110002
59844  54.761  -3.546  42.284 0.1111110002
59054  56.636  -4.703  39.973 0.1111110002
59851  54.574  -3.485  41.161 0.1111110002
57467  50.919  -6.029  41.016 0.1111110002
59863  55.584  -3.754  40.384 0.1111110002
58243  53.078  -5.634  40.140 0.1111110002
58255  56.433  -5.170  39.190 0.1111110002
58256  56.013  -5.213  38.890 0.1111110002
58272  55.670  -4.841  38.690 0.1111110002
59063  56.610  -4.561  39.235 0.1111110002
58270  56.593  -4.671  38.964 0.1111110002
62155  46.725  -0.068  47.379 0.1111110002
59862  56.435  -3.842  39.562 0.1111110002
59861  56.649  -4.284  39.118 0.1111110002
57464  53.587  -6.292  40.455 0.1111110002
59040  56.241  -4.852  41.272 0.1111110002
107558  56.407  -6.528  40.244 0.1111110002
58244  52.159  -5.583  40.287 0.1111110002
104979  56.767  -5.242  40.360 0.1111110002
60648  54.399  -2.750  40.364 0.1111110002
101968  53.839  -2.953  41.325 0.1111110002
60646  56.091  -3.207  39.645 0.1111110002
59874  56.645  -3.466  39.039 0.1111110002
40691  10.853  -24.494  90.131 0.1111110002
45333  6.290  -20.029  92.530 0.1111110002
47466  25.194  -15.889  76.077 0.2222220004
48359  26.944  -15.841  74.927 0.3333329856
48373  25.115  -16.075  72.895 0.5555559993
48392  24.589  -16.120  70.925 0.6666669846
49216  25.744  -15.275  76.428 0.3333329856
49240  26.227  -15.901  73.922 0.3333329856
49279  24.573  -15.452  70.214 0.6666669846
49304  25.169  -15.631  68.424 0.7777780294
50112  26.976  -14.582  75.625 0.3333329856
50129  26.244  -14.053  73.864 0.2222220004
50137  34.653  -14.159  72.578 0.2222220004
50144  25.388  -13.828  72.064 0.4444440007
50168  27.407  -14.185  70.013 0.6666669846
50171  24.722  -14.942  69.423 0.5555559993
50183  26.008  -13.952  69.257 0.5555559993
50967  26.013  -13.386  78.064 0.1111110002
50989  26.607  -12.620  75.805 0.1111110002
51026  26.683  -13.592  75.081 0.1111110002
51080  25.415  -13.728  70.372 0.5555559993
51094  25.560  -13.901  69.654 0.6666669846
51961  26.410  -12.163  73.410 0.2222220004
52061  35.297  -12.285  65.273 0.3333329856
106339  31.122  -17.384  77.353 0.1111110002
108434  35.494  -6.313  63.173 0.2222220004
117343  33.588  -15.154  72.729 0.2222220004
