#!ascii label  , from subject sub-01 vox2ras=TkReg
943
51800  16.217  -12.329  86.345 0.0000000000
47434  7.432  -17.926  78.701 0.0000000000
53612  7.742  -11.283  92.247 0.0000000000
54509  10.969  -9.401  86.967 0.0000000000
52838  5.842  -11.245  80.140 0.0000000000
52749  13.393  -11.722  91.519 0.0000000000
57088  13.701  -6.572  90.692 0.0000000000
47369  16.489  -17.337  85.212 0.0000000000
48193  14.018  -16.084  89.988 0.0000000000
49061  9.867  -14.316  91.282 0.0000000000
57898  9.804  -5.274  84.948 0.0000000000
54528  7.837  -9.346  83.824 0.0000000000
56287  8.007  -6.825  80.743 0.0000000000
52783  4.444  -11.929  87.804 0.0000000000
51805  7.440  -12.347  86.492 0.0000000000
54486  9.222  -9.417  90.681 0.0000000000
118466  11.240  -4.972  88.245 0.0000000000
50007  10.059  -14.256  83.262 0.0000000000
50961  12.080  -13.393  79.532 0.0000000000
51006  10.236  -13.669  75.368 0.0000000000
54603  4.713  -10.377  76.155 0.0000000000
52756  15.618  -11.770  89.400 0.0000000000
118139  15.569  -9.949  88.914 0.0000000000
49989  15.662  -14.760  85.716 0.0000000000
101971  14.938  -16.097  88.127 0.0000000000
49956  14.903  -13.786  88.562 0.0000000000
103094  13.994  -13.206  90.198 0.0000000000
57136  9.030  -6.408  83.546 0.0000000000
53626  5.051  -11.635  90.637 0.0000000000
53640  6.546  -11.097  89.176 0.0000000000
55369  8.163  -9.838  91.247 0.0000000000
57865  14.864  -5.409  88.778 0.0000000000
57862  12.476  -5.255  89.337 0.0000000000
110628  8.160  -12.648  92.268 0.0000000000
49950  7.405  -13.897  90.836 0.0000000000
50841  5.948  -12.372  91.806 0.0000000000
50850  4.440  -12.414  89.627 0.0000000000
52777  10.359  -11.506  87.476 0.0000000000
50896  8.951  -13.605  84.615 0.0000000000
52797  11.282  -11.799  85.744 0.0000000000
53692  6.870  -10.675  82.573 0.0000000000
52821  10.504  -11.988  81.314 0.0000000000
51867  9.234  -12.176  80.195 0.0000000000
50979  11.133  -13.176  77.212 0.0000000000
50971  6.831  -12.980  78.348 0.0000000000
53609  11.100  -10.845  92.416 0.0000000000
109155  11.364  -8.915  92.192 0.0000000000
55364  13.631  -9.334  91.370 0.0000000000
56238  15.337  -7.330  89.215 0.0000000000
46355  17.632  -18.714  86.225 0.0000000000
43473  16.606  -20.128  86.115 0.0000000000
46324  15.552  -18.577  87.347 0.0000000000
45346  14.208  -18.196  88.214 0.0000000000
48184  11.924  -15.306  90.798 0.0000000000
50831  11.367  -13.213  92.103 0.0000000000
115150  8.941  -6.861  86.208 0.0000000000
54516  9.982  -8.872  85.377 0.0000000000
56258  8.315  -7.388  84.794 0.0000000000
56270  7.202  -8.449  83.634 0.0000000000
55429  6.482  -9.036  81.864 0.0000000000
117218  16.301  -13.589  84.168 0.0000000000
46336  21.620  -18.170  86.800 0.0000000000
49972  22.184  -14.600  86.133 0.0000000000
48245  18.778  -17.376  84.966 0.0000000000
48257  16.752  -16.080  83.909 0.0000000000
50886  3.871  -13.547  85.653 0.0000000000
116567  4.345  -13.836  84.522 0.0000000000
52792  5.304  -12.133  87.236 0.0000000000
52765  7.943  -11.219  88.341 0.0000000000
54492  10.623  -9.473  88.893 0.0000000000
56232  10.846  -7.982  91.083 0.0000000000
56236  11.133  -7.320  89.632 0.0000000000
114077  10.188  -6.392  88.100 0.0000000000
57875  10.029  -5.102  86.601 0.0000000000
50011  5.836  -14.393  83.097 0.0000000000
49148  8.037  -14.856  82.071 0.0000000000
48293  8.926  -16.182  80.417 0.0000000000
52807  10.805  -11.485  83.633 0.0000000000
50041  11.621  -14.254  81.237 0.0000000000
48304  10.269  -16.347  79.278 0.0000000000
48329  11.621  -16.177  77.142 0.0000000000
49224  11.626  -15.525  75.121 0.0000000000
57162  6.606  -6.732  79.963 0.0000000000
108352  5.669  -9.177  78.929 0.0000000000
108255  5.265  -8.155  77.617 0.0000000000
52850  5.169  -11.078  77.953 0.0000000000
101648  6.158  -12.669  75.999 0.0000000000
51783  15.752  -12.444  88.136 0.0000000000
109271  16.091  -11.020  87.859 0.0000000000
112415  16.568  -11.241  86.516 0.0000000000
49980  15.643  -13.842  86.232 0.0000000000
49975  15.223  -14.592  87.579 0.0000000000
50865  15.567  -13.101  87.624 0.0000000000
50851  14.992  -12.894  89.079 0.0000000000
46444  6.124  -18.827  76.990 0.0000000000
46432  8.043  -18.326  77.319 0.0000000000
53618  5.921  -11.400  91.365 0.0000000000
54481  6.796  -10.623  90.871 0.0000000000
54475  7.527  -10.398  91.467 0.0000000000
43485  18.252  -20.336  85.466 0.0000000000
109571  8.146  -11.980  92.371 0.0000000000
50836  6.974  -12.498  92.045 0.0000000000
52747  6.384  -11.999  92.145 0.0000000000
51770  5.227  -12.070  91.711 0.0000000000
53648  10.940  -10.155  87.480 0.0000000000
52791  10.691  -11.856  86.727 0.0000000000
53655  11.145  -10.324  86.640 0.0000000000
52825  6.319  -11.215  81.045 0.0000000000
99024  7.472  -11.739  81.194 0.0000000000
52836  6.870  -12.126  80.626 0.0000000000
51882  8.404  -12.513  79.447 0.0000000000
51884  6.543  -12.180  79.564 0.0000000000
52751  12.228  -11.318  92.129 0.0000000000
54471  12.059  -9.837  92.099 0.0000000000
119605  14.144  -10.668  91.370 0.0000000000
111666  15.585  -8.417  88.656 0.0000000000
57109  15.611  -6.650  87.161 0.0000000000
47353  17.224  -18.359  85.809 0.0000000000
46340  16.955  -18.803  86.557 0.0000000000
114322  15.970  -18.072  86.987 0.0000000000
48196  14.383  -16.061  89.143 0.0000000000
46314  14.510  -17.502  88.447 0.0000000000
47317  14.287  -17.108  89.107 0.0000000000
48187  12.959  -15.766  90.440 0.0000000000
51765  13.632  -12.268  91.211 0.0000000000
106383  12.699  -13.480  91.263 0.0000000000
51767  12.520  -12.400  91.935 0.0000000000
51760  11.230  -12.461  92.376 0.0000000000
57877  9.149  -5.724  86.152 0.0000000000
56251  8.665  -7.237  85.506 0.0000000000
57127  8.473  -6.714  84.809 0.0000000000
57147  8.400  -6.928  82.100 0.0000000000
57138  7.538  -7.734  83.665 0.0000000000
57148  7.779  -7.525  82.617 0.0000000000
56280  6.791  -8.654  82.450 0.0000000000
56288  7.573  -7.478  80.837 0.0000000000
48244  19.672  -17.090  85.528 0.0000000000
114483  4.115  -12.875  86.852 0.0000000000
51808  4.267  -12.761  86.680 0.0000000000
52782  4.769  -11.922  87.973 0.0000000000
54495  7.652  -10.059  89.939 0.0000000000
53639  7.442  -10.823  89.037 0.0000000000
53629  9.023  -10.320  89.549 0.0000000000
53637  9.513  -10.672  88.852 0.0000000000
54493  10.097  -9.308  89.874 0.0000000000
55365  12.580  -8.251  91.542 0.0000000000
56227  11.016  -8.445  91.804 0.0000000000
56230  12.385  -7.443  91.129 0.0000000000
58622  11.907  -5.178  88.963 0.0000000000
57860  11.628  -5.928  89.397 0.0000000000
57864  11.381  -5.702  88.897 0.0000000000
110079  10.766  -6.861  88.791 0.0000000000
57868  10.244  -5.706  87.944 0.0000000000
57871  9.998  -5.556  87.346 0.0000000000
58634  10.863  -4.992  87.875 0.0000000000
43475  15.218  -19.784  86.136 0.0000000000
108818  15.557  -19.992  85.177 0.0000000000
48191  10.380  -15.329  90.527 0.0000000000
48197  9.749  -15.792  89.299 0.0000000000
49071  9.625  -15.018  90.350 0.0000000000
105962  6.715  -13.800  90.615 0.0000000000
49074  6.952  -14.343  90.215 0.0000000000
51779  4.305  -12.190  89.056 0.0000000000
51796  4.104  -12.705  87.605 0.0000000000
50884  5.815  -12.986  85.231 0.0000000000
50916  4.991  -14.053  83.830 0.0000000000
50898  6.818  -13.438  84.648 0.0000000000
50912  9.651  -13.900  84.053 0.0000000000
50009  8.051  -14.222  83.278 0.0000000000
50025  9.525  -14.628  82.550 0.0000000000
49160  8.570  -15.182  81.607 0.0000000000
49159  9.430  -15.058  81.789 0.0000000000
54522  9.467  -9.176  84.601 0.0000000000
53674  10.605  -10.736  84.058 0.0000000000
53675  9.796  -10.300  83.601 0.0000000000
52833  11.057  -12.174  80.662 0.0000000000
114388  11.093  -12.266  81.569 0.0000000000
50949  11.951  -13.515  80.561 0.0000000000
49183  10.937  -15.662  79.697 0.0000000000
100757  11.968  -14.976  79.127 0.0000000000
48330  10.844  -16.759  77.592 0.0000000000
101983  12.272  -14.665  78.196 0.0000000000
50991  10.682  -13.411  76.289 0.0000000000
50091  12.098  -14.479  76.452 0.0000000000
50100  11.126  -14.342  75.080 0.0000000000
57163  5.558  -6.281  79.664 0.0000000000
57169  5.883  -7.166  79.409 0.0000000000
111341  5.162  -6.906  78.920 0.0000000000
55477  4.489  -8.766  76.286 0.0000000000
105587  4.636  -9.644  76.604 0.0000000000
103621  5.115  -9.960  77.605 0.0000000000
53751  5.211  -10.803  76.802 0.0000000000
51908  5.406  -11.806  77.139 0.0000000000
51920  5.088  -11.785  75.840 0.0000000000
112876  15.196  -11.552  90.473 0.0000000000
53619  14.939  -10.745  90.911 0.0000000000
53627  15.675  -10.695  89.298 0.0000000000
112860  15.706  -16.303  85.694 0.0000000000
47355  15.560  -17.369  86.672 0.0000000000
107046  15.182  -16.004  87.412 0.0000000000
49086  14.798  -15.268  88.489 0.0000000000
49069  14.250  -15.472  89.439 0.0000000000
49064  13.508  -14.815  90.000 0.0000000000
99875  14.322  -13.578  89.505 0.0000000000
116019  14.611  -12.748  89.995 0.0000000000
57897  11.119  -5.253  83.707 0.0000000000
57906  9.696  -5.872  84.058 0.0000000000
57913  10.468  -5.346  82.212 0.0000000000
117135  9.888  -5.735  81.882 0.0000000000
58698  9.268  -5.168  80.972 0.0000000000
52768  4.575  -11.791  89.039 0.0000000000
106703  4.963  -11.579  88.826 0.0000000000
53633  5.671  -11.312  90.096 0.0000000000
116030  7.533  -10.230  90.666 0.0000000000
55374  8.601  -9.561  91.117 0.0000000000
106032  14.236  -5.949  89.943 0.0000000000
57094  13.275  -6.042  90.297 0.0000000000
58620  13.836  -4.970  89.195 0.0000000000
58621  13.090  -4.911  89.070 0.0000000000
58632  12.559  -4.441  88.162 0.0000000000
58636  12.176  -4.324  87.612 0.0000000000
49944  9.175  -13.563  91.696 0.0000000000
49062  8.929  -14.079  91.260 0.0000000000
49939  7.682  -13.144  91.818 0.0000000000
50844  6.389  -12.919  91.509 0.0000000000
50848  5.291  -12.974  90.685 0.0000000000
49955  4.947  -13.328  89.879 0.0000000000
50846  5.002  -12.390  91.006 0.0000000000
52757  4.774  -11.896  90.624 0.0000000000
51792  9.034  -12.205  87.069 0.0000000000
50882  8.418  -13.213  85.128 0.0000000000
51803  9.534  -12.625  86.304 0.0000000000
51814  10.597  -12.770  85.196 0.0000000000
51824  10.942  -12.589  84.492 0.0000000000
53685  7.283  -10.544  82.799 0.0000000000
53684  8.609  -10.401  82.754 0.0000000000
52823  8.618  -11.303  81.594 0.0000000000
52834  9.985  -11.987  80.806 0.0000000000
51895  10.929  -12.567  78.961 0.0000000000
99955  11.848  -13.334  77.841 0.0000000000
51896  10.040  -12.785  78.515 0.0000000000
50969  9.158  -12.975  77.974 0.0000000000
50981  8.268  -13.000  77.292 0.0000000000
55489  4.401  -9.318  75.125 0.0000000000
52897  4.900  -11.442  75.218 0.0000000000
53769  4.782  -11.010  74.232 0.0000000000
113781  9.385  -10.959  92.877 0.0000000000
54466  9.470  -10.157  92.633 0.0000000000
54465  10.507  -10.154  92.477 0.0000000000
115699  12.132  -9.406  92.085 0.0000000000
109188  13.449  -8.347  91.280 0.0000000000
54483  15.164  -9.560  90.273 0.0000000000
55371  14.753  -8.100  90.478 0.0000000000
57092  14.869  -6.793  89.701 0.0000000000
57101  15.264  -6.118  88.711 0.0000000000
45368  18.337  -19.322  86.446 0.0000000000
43472  18.128  -20.145  86.086 0.0000000000
45369  17.317  -19.267  86.504 0.0000000000
47338  15.229  -17.514  87.383 0.0000000000
46325  14.848  -17.957  87.714 0.0000000000
44327  14.253  -19.174  87.263 0.0000000000
47307  11.589  -16.035  90.437 0.0000000000
48185  11.284  -15.234  90.943 0.0000000000
49056  12.938  -14.288  90.348 0.0000000000
49943  11.691  -14.311  91.321 0.0000000000
49055  10.058  -13.888  91.672 0.0000000000
110165  9.829  -12.866  92.263 0.0000000000
51761  9.102  -12.263  92.473 0.0000000000
55394  9.868  -7.906  86.472 0.0000000000
54510  10.358  -8.699  86.278 0.0000000000
55399  9.490  -8.161  85.639 0.0000000000
54517  8.986  -8.525  84.842 0.0000000000
55406  8.118  -8.517  84.445 0.0000000000
113419  8.378  -6.698  84.211 0.0000000000
56264  7.668  -7.881  84.180 0.0000000000
54525  7.054  -9.186  83.694 0.0000000000
54536  6.515  -9.578  82.957 0.0000000000
53687  6.455  -10.004  82.352 0.0000000000
54549  6.128  -10.040  80.753 0.0000000000
50879  16.034  -13.038  85.812 0.0000000000
45366  20.237  -19.084  86.404 0.0000000000
110075  23.407  -13.736  87.094 0.0000000000
51789  22.608  -12.882  86.216 0.0000000000
49085  22.511  -14.860  86.792 0.0000000000
48218  21.647  -16.296  86.624 0.0000000000
47326  21.014  -17.423  86.919 0.0000000000
46338  19.678  -18.379  86.412 0.0000000000
47367  17.830  -17.855  85.191 0.0000000000
47377  17.164  -17.418  84.742 0.0000000000
103577  18.076  -16.894  83.880 0.0000000000
47378  16.659  -16.817  84.541 0.0000000000
49123  16.141  -15.331  84.377 0.0000000000
102871  15.810  -13.925  85.266 0.0000000000
51819  5.127  -12.699  85.861 0.0000000000
51806  6.382  -12.201  86.651 0.0000000000
52767  5.742  -11.505  88.510 0.0000000000
52780  7.444  -11.662  87.688 0.0000000000
51793  7.994  -11.992  87.021 0.0000000000
52778  9.520  -11.735  87.668 0.0000000000
53636  10.327  -10.359  88.589 0.0000000000
54502  10.873  -9.236  87.948 0.0000000000
55362  9.257  -9.394  92.072 0.0000000000
55367  9.692  -9.005  91.656 0.0000000000
55373  9.765  -8.870  91.080 0.0000000000
57096  11.889  -6.293  89.887 0.0000000000
114800  11.220  -7.576  90.117 0.0000000000
55372  10.707  -8.172  90.234 0.0000000000
105440  10.889  -7.655  89.396 0.0000000000
55380  10.695  -7.742  88.699 0.0000000000
55385  10.111  -7.616  87.259 0.0000000000
56243  9.843  -6.710  87.389 0.0000000000
57876  9.673  -5.409  86.674 0.0000000000
57887  10.307  -5.042  85.668 0.0000000000
58637  11.678  -4.497  86.745 0.0000000000
58646  11.534  -4.813  85.447 0.0000000000
57886  10.851  -5.204  84.677 0.0000000000
48209  9.386  -16.110  88.484 0.0000000000
49073  7.832  -14.500  90.252 0.0000000000
50914  7.485  -13.849  83.895 0.0000000000
108053  6.763  -14.581  82.672 0.0000000000
48306  8.276  -16.955  79.903 0.0000000000
53662  11.181  -10.381  85.738 0.0000000000
52803  11.149  -11.461  84.544 0.0000000000
51831  11.046  -12.691  83.581 0.0000000000
52813  10.502  -11.630  82.758 0.0000000000
107794  11.390  -12.801  82.104 0.0000000000
117750  11.056  -14.185  82.548 0.0000000000
50042  10.255  -15.280  81.329 0.0000000000
49184  9.927  -16.020  79.942 0.0000000000
47423  8.746  -17.363  79.182 0.0000000000
47445  9.421  -17.702  77.531 0.0000000000
49207  12.257  -15.060  76.767 0.0000000000
48340  11.691  -16.178  76.305 0.0000000000
112534  8.053  -5.788  80.333 0.0000000000
58700  7.186  -5.173  80.421 0.0000000000
57161  7.495  -6.836  80.401 0.0000000000
56295  6.825  -7.704  80.187 0.0000000000
55443  6.033  -9.357  80.075 0.0000000000
109929  5.575  -10.170  79.382 0.0000000000
55461  5.393  -8.952  78.046 0.0000000000
54576  5.272  -10.043  78.277 0.0000000000
117548  5.218  -11.087  78.318 0.0000000000
51899  5.577  -12.316  78.111 0.0000000000
101254  6.540  -12.770  76.732 0.0000000000
99268  7.663  -13.094  75.786 0.0000000000
51008  7.005  -12.901  75.401 0.0000000000
51790  15.933  -12.359  87.244 0.0000000000
103149  16.315  -11.721  86.836 0.0000000000
50872  15.753  -13.039  86.728 0.0000000000
49974  15.436  -13.830  87.162 0.0000000000
47435  6.654  -18.184  78.597 0.0000000000
47447  7.278  -18.347  77.963 0.0000000000
99804  7.055  -18.610  77.127 0.0000000000
101252  7.944  -18.105  78.130 0.0000000000
53617  6.686  -11.242  91.679 0.0000000000
54476  6.540  -10.864  91.199 0.0000000000
54468  8.289  -10.396  92.288 0.0000000000
44359  19.697  -19.901  85.843 0.0000000000
43484  19.129  -20.180  85.409 0.0000000000
43471  19.018  -20.172  86.004 0.0000000000
52746  7.984  -11.711  92.347 0.0000000000
51762  7.368  -12.345  92.195 0.0000000000
118776  7.161  -11.820  92.213 0.0000000000
52752  6.027  -11.940  91.919 0.0000000000
52776  11.057  -11.081  87.023 0.0000000000
101199  6.551  -11.758  81.080 0.0000000000
52837  6.245  -11.741  80.514 0.0000000000
98813  5.771  -11.570  79.381 0.0000000000
98981  13.030  -11.213  91.777 0.0000000000
53614  13.412  -10.628  91.608 0.0000000000
53613  13.839  -11.089  91.439 0.0000000000
47354  16.300  -17.945  85.987 0.0000000000
48192  14.202  -15.934  89.654 0.0000000000
47309  14.209  -16.449  89.453 0.0000000000
47310  13.883  -16.700  89.623 0.0000000000
47304  13.452  -16.195  90.167 0.0000000000
48186  13.555  -15.645  90.204 0.0000000000
51766  13.010  -12.373  91.623 0.0000000000
52750  12.716  -11.866  91.927 0.0000000000
57888  9.436  -5.315  85.834 0.0000000000
57889  8.866  -6.061  85.447 0.0000000000
57899  9.255  -5.650  85.074 0.0000000000
57155  8.603  -6.486  81.126 0.0000000000
56278  8.035  -7.207  81.424 0.0000000000
56279  7.452  -7.947  81.856 0.0000000000
51795  4.295  -12.565  87.460 0.0000000000
52793  4.559  -12.385  87.355 0.0000000000
54494  8.513  -9.980  90.223 0.0000000000
53630  7.976  -10.412  89.645 0.0000000000
114570  9.385  -9.790  89.991 0.0000000000
56229  13.265  -7.329  91.148 0.0000000000
57089  12.960  -6.592  90.703 0.0000000000
58627  11.631  -4.968  88.564 0.0000000000
57866  11.406  -5.357  88.701 0.0000000000
57867  10.856  -5.609  88.396 0.0000000000
58628  11.016  -5.205  88.269 0.0000000000
101596  10.471  -5.351  87.849 0.0000000000
49066  10.550  -14.995  90.918 0.0000000000
49067  9.793  -14.694  90.820 0.0000000000
49954  5.582  -13.526  90.220 0.0000000000
49958  6.168  -14.035  90.031 0.0000000000
52769  4.377  -12.045  88.602 0.0000000000
51784  4.148  -12.525  88.340 0.0000000000
52784  4.270  -12.334  88.048 0.0000000000
109480  6.940  -12.526  86.015 0.0000000000
50883  6.883  -12.958  85.432 0.0000000000
50008  9.071  -14.259  83.308 0.0000000000
50024  10.521  -14.463  82.610 0.0000000000
53669  8.862  -9.573  83.906 0.0000000000
102027  8.928  -10.041  83.258 0.0000000000
51879  11.632  -12.748  80.132 0.0000000000
50069  12.133  -14.218  79.802 0.0000000000
50068  12.370  -13.988  78.886 0.0000000000
49194  11.892  -15.384  78.311 0.0000000000
50992  9.543  -13.293  76.056 0.0000000000
50092  11.447  -13.984  75.824 0.0000000000
57930  5.203  -5.485  79.911 0.0000000000
57938  4.717  -5.812  79.398 0.0000000000
57170  5.062  -6.464  79.240 0.0000000000
57171  4.569  -6.224  79.007 0.0000000000
54611  4.454  -9.624  75.999 0.0000000000
117879  4.639  -10.059  76.415 0.0000000000
109135  4.934  -10.347  76.692 0.0000000000
53752  5.004  -10.887  76.302 0.0000000000
52888  5.187  -11.357  76.400 0.0000000000
52889  4.973  -11.413  75.790 0.0000000000
105648  15.487  -11.564  90.080 0.0000000000
102228  15.300  -11.127  90.549 0.0000000000
118261  15.709  -11.292  89.644 0.0000000000
113394  16.439  -10.628  86.665 0.0000000000
49113  15.529  -15.537  86.126 0.0000000000
48234  15.394  -16.385  86.542 0.0000000000
49102  15.278  -15.380  87.081 0.0000000000
49967  14.949  -14.590  88.235 0.0000000000
49097  15.090  -15.298  87.909 0.0000000000
49957  14.696  -14.591  88.698 0.0000000000
49075  14.513  -15.324  88.955 0.0000000000
49953  14.374  -14.602  89.185 0.0000000000
50852  14.653  -13.663  89.039 0.0000000000
51775  15.288  -12.194  89.666 0.0000000000
50847  14.858  -12.733  89.583 0.0000000000
51776  15.060  -12.066  90.149 0.0000000000
57905  10.483  -5.521  83.230 0.0000000000
57920  10.085  -5.112  81.522 0.0000000000
57921  9.332  -5.784  81.338 0.0000000000
119054  5.155  -11.568  90.233 0.0000000000
53634  5.034  -11.596  89.579 0.0000000000
53625  5.584  -11.295  90.591 0.0000000000
54480  7.445  -10.203  91.253 0.0000000000
54488  7.033  -10.496  90.692 0.0000000000
54487  7.836  -10.048  90.927 0.0000000000
105123  14.071  -5.398  89.588 0.0000000000
116305  14.391  -5.248  89.173 0.0000000000
58625  13.644  -4.679  88.707 0.0000000000
58626  12.874  -4.651  88.609 0.0000000000
58631  13.378  -4.403  88.160 0.0000000000
49938  8.731  -13.084  92.036 0.0000000000
49945  8.374  -13.341  91.777 0.0000000000
119595  8.030  -12.926  92.147 0.0000000000
50840  6.701  -12.747  91.824 0.0000000000
50845  5.644  -12.718  91.300 0.0000000000
51773  5.341  -12.233  91.668 0.0000000000
52755  4.997  -11.820  91.202 0.0000000000
52758  4.718  -11.816  89.890 0.0000000000
51791  9.962  -12.148  86.993 0.0000000000
51801  11.011  -12.146  86.074 0.0000000000
110799  10.708  -12.456  85.745 0.0000000000
51813  11.037  -12.263  85.392 0.0000000000
119321  6.824  -10.491  82.924 0.0000000000
52815  8.360  -10.774  82.209 0.0000000000
52816  7.544  -10.966  81.953 0.0000000000
51868  8.027  -12.170  80.413 0.0000000000
52835  8.838  -11.901  80.989 0.0000000000
51866  10.272  -12.145  80.138 0.0000000000
51881  9.886  -12.406  79.379 0.0000000000
50970  7.989  -12.941  78.396 0.0000000000
55499  4.484  -9.004  74.212 0.0000000000
54616  4.472  -9.991  74.706 0.0000000000
54622  4.536  -9.693  73.905 0.0000000000
53610  10.062  -10.913  92.767 0.0000000000
106519  9.698  -10.421  92.727 0.0000000000
54470  12.871  -9.890  91.704 0.0000000000
55358  12.723  -9.088  91.706 0.0000000000
55363  14.293  -8.654  90.956 0.0000000000
54491  15.477  -9.983  89.733 0.0000000000
54477  14.839  -10.069  90.767 0.0000000000
55376  15.449  -8.262  89.330 0.0000000000
56234  15.131  -7.689  89.878 0.0000000000
57098  15.195  -6.596  89.123 0.0000000000
56240  15.445  -6.970  88.628 0.0000000000
46339  17.979  -18.906  86.327 0.0000000000
46341  16.080  -18.470  87.040 0.0000000000
45370  16.366  -18.942  87.002 0.0000000000
44325  15.669  -19.107  87.252 0.0000000000
48221  15.104  -16.753  87.303 0.0000000000
99903  14.827  -16.912  87.845 0.0000000000
46315  14.268  -17.650  88.646 0.0000000000
45345  14.534  -18.066  88.014 0.0000000000
45353  14.506  -18.670  87.704 0.0000000000
44320  14.065  -18.674  87.766 0.0000000000
45347  13.856  -18.220  88.260 0.0000000000
111742  13.281  -18.080  88.141 0.0000000000
48188  12.341  -15.805  90.558 0.0000000000
48189  11.762  -15.758  90.649 0.0000000000
49947  13.788  -14.106  89.690 0.0000000000
49948  13.327  -13.811  90.152 0.0000000000
49935  12.131  -13.388  91.701 0.0000000000
49942  12.228  -14.042  91.202 0.0000000000
49936  11.376  -13.774  91.725 0.0000000000
49054  10.972  -14.180  91.565 0.0000000000
49937  10.353  -13.561  91.926 0.0000000000
116210  10.673  -13.376  92.079 0.0000000000
52744  10.595  -11.664  92.599 0.0000000000
108951  9.977  -12.405  92.467 0.0000000000
109484  9.652  -11.668  92.711 0.0000000000
109483  8.940  -11.724  92.612 0.0000000000
56250  9.512  -7.128  86.681 0.0000000000
55395  9.103  -7.525  85.952 0.0000000000
119517  8.521  -7.671  84.944 0.0000000000
55400  8.741  -7.924  85.068 0.0000000000
55401  8.095  -8.025  84.597 0.0000000000
55407  7.450  -8.637  83.983 0.0000000000
55412  6.777  -9.070  83.439 0.0000000000
54530  6.778  -9.611  83.343 0.0000000000
54543  6.422  -9.551  82.300 0.0000000000
54544  6.383  -9.895  81.714 0.0000000000
55430  6.379  -9.490  81.268 0.0000000000
50892  16.242  -13.148  84.839 0.0000000000
51823  16.600  -12.270  84.688 0.0000000000
50910  16.521  -12.992  83.994 0.0000000000
45364  21.823  -18.326  86.394 0.0000000000
44357  20.607  -19.096  85.579 0.0000000000
44339  20.599  -19.070  85.984 0.0000000000
103561  20.844  -18.529  86.525 0.0000000000
50864  22.325  -14.102  85.796 0.0000000000
50870  22.408  -13.245  85.782 0.0000000000
50863  22.491  -13.722  86.072 0.0000000000
49965  22.492  -14.287  86.449 0.0000000000
49095  22.125  -15.122  86.476 0.0000000000
108360  22.198  -15.809  86.705 0.0000000000
116656  21.880  -15.903  86.592 0.0000000000
47336  20.424  -17.765  86.571 0.0000000000
113262  19.726  -17.890  86.250 0.0000000000
47366  18.995  -17.628  85.656 0.0000000000
48255  17.979  -17.301  84.448 0.0000000000
48267  17.602  -16.496  83.377 0.0000000000
48256  17.368  -16.863  84.116 0.0000000000
111473  16.243  -16.163  84.545 0.0000000000
108801  16.458  -13.954  83.464 0.0000000000
49999  16.107  -14.252  84.347 0.0000000000
51807  4.710  -12.542  86.553 0.0000000000
117294  4.294  -12.849  85.940 0.0000000000
105391  5.489  -12.392  86.422 0.0000000000
53641  5.692  -11.371  89.345 0.0000000000
52766  6.867  -11.265  88.377 0.0000000000
52779  8.536  -11.712  87.703 0.0000000000
52764  9.057  -11.296  88.342 0.0000000000
119033  10.776  -10.001  88.187 0.0000000000
106039  10.741  -8.674  88.649 0.0000000000
54472  10.047  -9.676  92.472 0.0000000000
54473  9.573  -9.652  92.408 0.0000000000
55360  10.580  -9.028  92.218 0.0000000000
56228  10.331  -8.724  91.761 0.0000000000
56233  10.202  -8.562  91.263 0.0000000000
57858  12.876  -5.612  89.831 0.0000000000
57095  12.549  -6.075  90.136 0.0000000000
57859  12.164  -5.690  89.672 0.0000000000
57097  11.463  -6.710  89.639 0.0000000000
118802  10.443  -7.035  88.405 0.0000000000
55384  10.598  -8.191  87.975 0.0000000000
56242  10.254  -7.253  88.002 0.0000000000
57870  10.215  -5.209  87.305 0.0000000000
107198  11.348  -4.657  87.642 0.0000000000
44342  17.274  -19.908  86.274 0.0000000000
43486  17.232  -20.333  85.597 0.0000000000
43487  16.351  -20.242  85.532 0.0000000000
48195  9.263  -15.297  89.782 0.0000000000
49949  7.971  -13.684  91.353 0.0000000000
49068  8.314  -14.261  90.834 0.0000000000
51809  3.851  -13.176  86.408 0.0000000000
49991  3.592  -14.308  85.756 0.0000000000
50915  6.301  -13.894  83.854 0.0000000000
50012  4.605  -14.445  83.229 0.0000000000
50897  7.984  -13.527  84.535 0.0000000000
50026  8.505  -14.547  82.666 0.0000000000
50027  7.588  -14.568  82.663 0.0000000000
49149  7.039  -14.956  82.034 0.0000000000
49161  7.695  -15.329  81.524 0.0000000000
49173  8.284  -15.787  81.085 0.0000000000
48294  7.784  -16.382  80.477 0.0000000000
54515  10.766  -9.511  86.028 0.0000000000
54521  10.509  -9.623  85.102 0.0000000000
99805  11.099  -12.137  84.120 0.0000000000
52806  10.917  -12.195  83.244 0.0000000000
52814  9.544  -11.055  82.259 0.0000000000
101621  10.394  -11.842  81.990 0.0000000000
50939  11.673  -13.509  81.574 0.0000000000
109730  11.358  -13.673  82.403 0.0000000000
50023  11.158  -14.465  81.989 0.0000000000
116820  10.720  -14.937  81.683 0.0000000000
50057  11.106  -14.930  81.288 0.0000000000
118390  10.405  -15.714  80.181 0.0000000000
48305  9.312  -16.716  79.677 0.0000000000
48319  9.708  -17.087  78.891 0.0000000000
47433  9.154  -17.579  78.367 0.0000000000
47456  11.056  -16.831  76.725 0.0000000000
50086  12.284  -14.532  77.333 0.0000000000
50978  12.021  -13.780  77.202 0.0000000000
50099  11.767  -14.782  75.580 0.0000000000
49217  12.015  -15.368  76.054 0.0000000000
48353  11.642  -16.168  75.406 0.0000000000
47467  11.405  -16.905  74.896 0.0000000000
58701  5.769  -5.073  80.495 0.0000000000
57929  6.294  -5.859  80.092 0.0000000000
57928  7.424  -6.152  80.195 0.0000000000
55442  6.156  -8.313  79.424 0.0000000000
56316  4.930  -7.523  77.307 0.0000000000
56310  4.847  -7.068  78.073 0.0000000000
56303  5.386  -7.593  78.319 0.0000000000
109165  5.174  -10.612  77.777 0.0000000000
54560  5.249  -10.725  78.370 0.0000000000
52849  5.300  -11.511  78.317 0.0000000000
51900  5.397  -11.951  77.790 0.0000000000
51918  5.443  -12.149  76.562 0.0000000000
50984  5.866  -12.506  76.705 0.0000000000
99170  6.815  -12.900  75.948 0.0000000000
51950  5.038  -11.787  75.030 0.0000000000
108839  15.780  -11.932  88.625 0.0000000000
52762  15.830  -11.286  88.729 0.0000000000
100729  16.056  -11.704  87.813 0.0000000000
52775  16.314  -11.132  87.161 0.0000000000
49981  15.441  -14.642  86.678 0.0000000000
49966  15.181  -13.844  87.945 0.0000000000
50858  15.272  -13.069  88.393 0.0000000000
51778  15.424  -12.355  88.920 0.0000000000
53621  5.451  -11.381  90.966 0.0000000000
54489  6.135  -10.940  90.697 0.0000000000
54474  8.492  -9.725  91.892 0.0000000000
109667  8.516  -12.460  92.344 0.0000000000
50835  7.792  -12.631  92.200 0.0000000000
51763  6.565  -12.220  92.073 0.0000000000
51768  6.245  -12.249  91.951 0.0000000000
51769  5.686  -12.118  91.918 0.0000000000
114243  5.567  -12.067  91.976 0.0000000000
52754  5.354  -11.847  91.611 0.0000000000
52790  11.124  -11.617  86.358 0.0000000000
53654  11.318  -11.128  86.198 0.0000000000
52824  6.835  -11.117  81.633 0.0000000000
51883  7.411  -12.403  79.878 0.0000000000
51897  7.195  -12.788  79.115 0.0000000000
51898  6.283  -12.658  78.602 0.0000000000
117551  11.707  -11.094  92.290 0.0000000000
53616  11.859  -10.563  92.188 0.0000000000
53615  12.548  -10.588  91.912 0.0000000000
54479  13.916  -10.155  91.435 0.0000000000
55375  15.573  -9.118  89.004 0.0000000000
55378  15.650  -8.304  87.990 0.0000000000
56239  15.572  -7.493  88.007 0.0000000000
56241  15.656  -7.327  87.348 0.0000000000
46356  16.654  -18.554  86.552 0.0000000000
118359  15.692  -18.073  87.212 0.0000000000
100322  14.638  -16.532  88.579 0.0000000000
47316  14.495  -16.849  88.899 0.0000000000
46309  14.056  -17.275  89.118 0.0000000000
47305  12.801  -16.190  90.341 0.0000000000
48183  12.479  -15.254  90.601 0.0000000000
50843  13.820  -12.694  90.789 0.0000000000
49940  13.023  -13.588  90.743 0.0000000000
50837  13.211  -12.952  91.239 0.0000000000
50838  12.650  -12.910  91.689 0.0000000000
51759  12.059  -12.752  92.068 0.0000000000
52743  12.117  -12.087  92.226 0.0000000000
113375  11.538  -11.610  92.391 0.0000000000
57111  8.807  -6.420  85.946 0.0000000000
57118  8.595  -6.782  85.352 0.0000000000
57146  9.139  -6.380  82.223 0.0000000000
57137  8.250  -6.994  83.306 0.0000000000
113460  7.150  -8.227  83.053 0.0000000000
117956  6.773  -8.796  83.235 0.0000000000
56289  7.044  -8.346  81.197 0.0000000000
46322  22.052  -17.862  86.993 0.0000000000
49973  21.804  -14.903  85.950 0.0000000000
48233  19.936  -17.245  85.945 0.0000000000
105915  19.521  -16.841  84.725 0.0000000000
103645  16.448  -15.031  83.645 0.0000000000
116973  4.005  -12.985  86.095 0.0000000000
53631  7.129  -10.567  89.734 0.0000000000
53638  8.487  -10.774  88.957 0.0000000000
53628  9.962  -10.026  89.348 0.0000000000
55366  11.765  -8.286  91.779 0.0000000000
56231  11.545  -7.691  91.093 0.0000000000
57863  11.806  -5.487  89.189 0.0000000000
57100  11.175  -6.241  88.962 0.0000000000
57102  10.594  -6.057  88.422 0.0000000000
57105  9.891  -5.951  87.544 0.0000000000
58638  10.686  -4.881  87.217 0.0000000000
43474  15.897  -20.017  86.154 0.0000000000
43488  15.672  -20.053  85.582 0.0000000000
47308  10.859  -15.841  90.271 0.0000000000
48194  10.091  -15.582  90.039 0.0000000000
50854  4.108  -12.989  89.070 0.0000000000
50873  3.823  -13.220  87.124 0.0000000000
50899  5.420  -13.555  84.561 0.0000000000
50895  9.709  -13.492  84.716 0.0000000000
50913  8.541  -13.908  83.951 0.0000000000
49147  8.796  -14.822  82.111 0.0000000000
101112  9.231  -15.550  81.144 0.0000000000
101225  10.061  -9.936  84.339 0.0000000000
118599  10.389  -10.850  83.571 0.0000000000
51856  11.543  -12.729  81.078 0.0000000000
50056  11.650  -14.612  80.613 0.0000000000
49182  11.639  -15.038  80.008 0.0000000000
49195  11.178  -15.810  78.797 0.0000000000
48318  10.577  -16.590  78.463 0.0000000000
48317  11.482  -16.075  77.980 0.0000000000
102697  12.114  -15.356  77.466 0.0000000000
50990  11.572  -13.692  76.553 0.0000000000
112456  5.735  -7.648  78.881 0.0000000000
55468  4.802  -8.738  77.002 0.0000000000
55462  5.062  -9.188  77.434 0.0000000000
109154  4.907  -9.822  77.080 0.0000000000
54590  5.158  -10.479  77.222 0.0000000000
53737  5.286  -10.968  77.409 0.0000000000
52860  5.294  -11.424  77.615 0.0000000000
52873  5.384  -11.340  77.003 0.0000000000
51919  5.289  -11.774  76.470 0.0000000000
50996  5.178  -11.988  75.983 0.0000000000
52748  14.221  -11.578  91.117 0.0000000000
106586  14.534  -10.910  91.189 0.0000000000
53622  15.606  -10.923  90.064 0.0000000000
54490  15.701  -9.519  88.288 0.0000000000
47370  15.834  -17.081  85.789 0.0000000000
48208  14.618  -15.820  88.719 0.0000000000
49070  13.996  -15.555  89.883 0.0000000000
49063  14.037  -14.889  89.616 0.0000000000
119286  14.126  -14.338  89.437 0.0000000000
50842  14.464  -12.435  90.446 0.0000000000
51772  14.214  -12.185  90.849 0.0000000000
105058  10.453  -5.510  84.101 0.0000000000
57914  9.863  -5.940  82.799 0.0000000000
57922  8.677  -5.832  80.710 0.0000000000
104002  4.624  -11.834  88.469 0.0000000000
53632  6.397  -10.936  89.919 0.0000000000
53624  6.274  -10.885  90.470 0.0000000000
54496  7.031  -10.494  90.299 0.0000000000
102767  8.126  -9.864  90.784 0.0000000000
57093  14.318  -6.578  90.305 0.0000000000
118385  13.869  -6.107  90.312 0.0000000000
57857  13.632  -5.677  89.943 0.0000000000
57861  13.319  -5.259  89.510 0.0000000000
58624  14.332  -4.893  88.769 0.0000000000
115506  12.348  -4.919  88.870 0.0000000000
101273  12.195  -4.706  88.508 0.0000000000
58633  11.663  -4.689  88.168 0.0000000000
115829  7.380  -13.392  91.395 0.0000000000
50839  7.472  -12.745  92.081 0.0000000000
49946  7.053  -13.003  91.748 0.0000000000
49951  6.853  -13.359  91.167 0.0000000000
49952  6.108  -13.317  90.826 0.0000000000
50849  4.750  -12.654  90.245 0.0000000000
109647  4.700  -12.175  90.527 0.0000000000
51774  4.928  -12.062  91.283 0.0000000000
51777  4.494  -12.015  89.828 0.0000000000
52759  4.443  -11.947  89.228 0.0000000000
51804  8.455  -12.561  86.430 0.0000000000
51817  7.814  -12.837  85.752 0.0000000000
51816  8.858  -12.938  85.744 0.0000000000
51815  9.630  -12.966  85.631 0.0000000000
51802  10.416  -12.380  86.286 0.0000000000
111934  10.229  -12.762  85.735 0.0000000000
50880  10.061  -13.157  85.181 0.0000000000
50894  10.396  -13.311  84.461 0.0000000000
50911  10.487  -13.728  83.667 0.0000000000
53676  7.846  -9.897  83.346 0.0000000000
52822  9.681  -11.703  81.501 0.0000000000
51880  11.015  -12.340  79.745 0.0000000000
51894  11.621  -12.798  79.287 0.0000000000
50968  12.022  -13.275  78.656 0.0000000000
118554  11.486  -12.807  78.757 0.0000000000
113761  11.208  -12.840  78.201 0.0000000000
113558  10.218  -12.975  77.773 0.0000000000
111975  9.072  -12.754  78.755 0.0000000000
50980  9.600  -13.160  76.984 0.0000000000
50993  8.477  -13.185  76.339 0.0000000000
54612  4.531  -10.221  75.492 0.0000000000
53758  4.805  -10.911  75.676 0.0000000000
53764  4.683  -10.861  74.971 0.0000000000
53779  4.662  -10.343  73.699 0.0000000000
53611  8.576  -10.893  92.595 0.0000000000
109220  9.002  -10.386  92.683 0.0000000000
115032  9.237  -10.716  92.800 0.0000000000
102201  10.942  -9.438  92.282 0.0000000000
54464  11.395  -9.931  92.269 0.0000000000
104603  11.708  -9.323  92.234 0.0000000000
55359  11.994  -8.959  92.120 0.0000000000
112380  14.157  -7.440  90.861 0.0000000000
53620  14.540  -10.448  91.158 0.0000000000
54478  14.426  -9.681  91.079 0.0000000000
106609  15.403  -9.081  89.719 0.0000000000
55370  15.194  -8.602  90.095 0.0000000000
118518  14.557  -6.310  89.825 0.0000000000
57099  14.728  -5.937  89.378 0.0000000000
57103  15.522  -6.548  87.923 0.0000000000
102028  19.058  -19.375  86.487 0.0000000000
44341  18.739  -19.869  86.307 0.0000000000
99373  17.970  -19.716  86.325 0.0000000000
44343  16.375  -19.546  86.618 0.0000000000
44344  15.459  -19.577  86.744 0.0000000000
44345  14.753  -19.504  86.716 0.0000000000
46342  15.330  -18.038  87.418 0.0000000000
47327  14.727  -17.379  88.014 0.0000000000
45352  14.972  -18.636  87.565 0.0000000000
44326  14.963  -19.225  87.337 0.0000000000
98854  14.252  -19.427  86.650 0.0000000000
48190  11.105  -15.587  90.664 0.0000000000
49060  10.715  -14.592  91.285 0.0000000000
49065  13.009  -15.097  90.369 0.0000000000
49941  12.662  -13.959  90.790 0.0000000000
49057  12.575  -14.568  90.676 0.0000000000
49058  12.100  -14.718  90.930 0.0000000000
49059  11.488  -14.753  91.152 0.0000000000
118857  9.392  -13.038  92.133 0.0000000000
50834  8.797  -12.480  92.337 0.0000000000
50832  10.588  -13.024  92.272 0.0000000000
50833  9.104  -12.358  92.427 0.0000000000
52745  8.765  -11.331  92.654 0.0000000000
55393  10.577  -8.498  87.161 0.0000000000
54523  8.359  -8.998  84.281 0.0000000000
57126  8.866  -6.237  84.596 0.0000000000
57128  8.014  -7.223  84.230 0.0000000000
54524  7.552  -9.046  83.975 0.0000000000
54529  7.203  -9.560  83.614 0.0000000000
53677  6.970  -10.141  83.190 0.0000000000
53686  6.704  -10.222  82.887 0.0000000000
55419  6.499  -9.155  82.864 0.0000000000
53693  6.666  -10.552  82.040 0.0000000000
53694  6.397  -10.397  81.404 0.0000000000
53698  5.882  -10.742  80.341 0.0000000000
51812  16.451  -12.314  85.526 0.0000000000
99319  19.584  -19.671  86.290 0.0000000000
50857  22.724  -13.412  86.523 0.0000000000
47325  22.160  -17.239  86.883 0.0000000000
46323  21.604  -17.496  87.049 0.0000000000
100397  21.308  -16.354  86.394 0.0000000000
46337  21.096  -18.023  86.986 0.0000000000
98780  20.351  -18.450  86.531 0.0000000000
45367  19.660  -19.009  86.534 0.0000000000
100243  18.926  -18.888  86.479 0.0000000000
47352  18.297  -18.293  85.809 0.0000000000
47368  16.946  -17.872  85.330 0.0000000000
48254  19.464  -16.478  83.841 0.0000000000
111420  18.771  -16.967  84.199 0.0000000000
48266  18.607  -16.689  83.485 0.0000000000
48246  16.100  -16.614  85.104 0.0000000000
49112  15.817  -15.676  85.157 0.0000000000
112409  15.861  -14.803  84.941 0.0000000000
50885  4.688  -13.190  85.263 0.0000000000
51818  6.110  -12.562  85.904 0.0000000000
115163  4.943  -11.670  88.336 0.0000000000
109169  5.296  -11.743  87.973 0.0000000000
52781  6.282  -11.803  87.664 0.0000000000
51794  7.108  -11.946  87.061 0.0000000000
52763  9.973  -11.177  88.235 0.0000000000
115224  10.629  -10.726  87.870 0.0000000000
54467  9.023  -9.885  92.440 0.0000000000
55361  9.898  -9.203  92.187 0.0000000000
55368  8.976  -9.390  91.485 0.0000000000
57090  12.170  -6.885  90.441 0.0000000000
57091  11.569  -7.267  90.214 0.0000000000
56237  10.682  -8.141  90.604 0.0000000000
54485  10.192  -8.765  90.427 0.0000000000
55377  10.664  -8.512  89.494 0.0000000000
106471  9.454  -6.139  86.725 0.0000000000
58647  10.807  -4.888  86.393 0.0000000000
52789  16.601  -11.685  86.080 0.0000000000
42576  17.466  -20.477  84.778 0.0000000000
42590  16.995  -20.514  84.352 0.0000000000
43499  16.101  -20.206  84.984 0.0000000000
111471  9.117  -14.535  90.711 0.0000000000
49072  8.774  -14.740  90.256 0.0000000000
49076  8.326  -15.042  89.607 0.0000000000
50917  4.191  -14.204  83.766 0.0000000000
118679  7.609  -13.185  85.071 0.0000000000
50010  7.042  -14.246  83.231 0.0000000000
50028  6.060  -14.747  82.273 0.0000000000
50044  6.187  -15.104  81.725 0.0000000000
49174  7.433  -15.890  80.997 0.0000000000
47424  7.752  -17.430  79.277 0.0000000000
53661  11.321  -11.290  85.381 0.0000000000
53668  10.986  -10.484  84.817 0.0000000000
52802  11.306  -11.994  84.986 0.0000000000
50893  10.900  -13.188  83.762 0.0000000000
114938  10.908  -13.508  83.367 0.0000000000
53683  9.452  -10.497  82.920 0.0000000000
52808  10.134  -10.955  83.082 0.0000000000
51844  10.943  -12.265  82.426 0.0000000000
51843  11.117  -12.653  82.858 0.0000000000
110850  11.227  -13.176  83.023 0.0000000000
50928  10.881  -13.915  83.027 0.0000000000
50043  10.284  -14.884  82.033 0.0000000000
49172  9.936  -15.732  80.596 0.0000000000
49171  10.904  -15.381  80.573 0.0000000000
103232  8.266  -17.778  78.621 0.0000000000
47446  8.620  -17.911  77.841 0.0000000000
114942  8.877  -18.042  77.163 0.0000000000
99777  12.276  -13.899  78.028 0.0000000000
108653  12.016  -15.604  76.731 0.0000000000
47455  11.255  -16.852  75.828 0.0000000000
57160  8.104  -6.303  80.483 0.0000000000
101884  6.478  -8.748  80.623 0.0000000000
55455  5.730  -8.327  78.656 0.0000000000
53706  5.463  -10.994  79.099 0.0000000000
51907  5.547  -12.289  77.339 0.0000000000
50983  6.093  -12.800  77.705 0.0000000000
50982  7.160  -12.928  77.528 0.0000000000
50994  7.441  -12.973  76.583 0.0000000000
51007  8.789  -13.293  75.399 0.0000000000
51935  4.997  -11.694  75.342 0.0000000000
51934  5.098  -11.938  75.373 0.0000000000
51009  6.329  -12.777  75.426 0.0000000000
45365  21.085  -18.548  86.286 0.0000000000
45384  21.163  -18.613  85.957 0.0000000000
48206  21.839  -16.694  86.901 0.0000000000
50881  9.290  -13.254  85.175 0.0000000000
50995  5.657  -12.399  75.993 0.0000000000
51011  5.369  -12.224  75.418 0.0000000000
51764  6.009  -12.095  92.005 0.0000000000
51771  14.764  -11.829  90.654 0.0000000000
51885  5.864  -12.005  78.764 0.0000000000
52753  14.930  -11.255  90.865 0.0000000000
53623  15.241  -10.464  90.444 0.0000000000
54469  7.454  -10.970  91.985 0.0000000000
54482  6.006  -10.981  90.959 0.0000000000
54484  14.807  -9.119  90.612 0.0000000000
56235  14.675  -7.292  90.266 0.0000000000
107086  4.623  -10.558  74.350 0.0000000000
108217  13.470  -13.220  90.680 0.0000000000
110677  5.224  -12.074  75.006 0.0000000000
110941  6.863  -11.715  92.108 0.0000000000
116239  20.587  -18.955  86.221 0.0000000000
117286  21.653  -17.953  87.077 0.0000000000
118449  9.144  -11.044  92.870 0.0000000000
118451  9.261  -12.356  92.430 0.0000000000
