#!ascii label  , from subject sub-01 vox2ras=TkReg
869
52721  19.809  -11.911  7.375 0.2500000000
99951  20.485  -12.366  6.816 0.2500000000
51746  20.909  -13.166  6.957 0.7500000000
103713  19.449  -9.584  6.339 0.2500000000
54433  19.502  -10.442  6.747 0.1250000000
54442  19.870  -10.058  6.033 0.3750000000
113733  20.090  -11.696  6.741 0.3750000000
51745  21.937  -13.560  6.534 0.8750000000
52720  21.438  -12.652  6.333 0.8750000000
53582  20.181  -11.010  6.285 0.3750000000
53590  21.210  -11.227  5.653 0.8750000000
53581  20.828  -11.882  6.176 0.7500000000
108708  23.095  -12.371  5.492 1.0000000000
52731  22.095  -11.990  5.702 1.0000000000
51744  23.015  -13.541  6.009 1.0000000000
55329  19.546  -9.164  5.716 0.2500000000
54441  20.703  -10.400  5.592 0.8750000000
52740  23.246  -11.751  5.158 1.0000000000
53600  22.233  -11.186  5.202 1.0000000000
52729  24.266  -12.500  5.245 1.0000000000
52730  23.798  -12.438  5.233 1.0000000000
51755  23.875  -13.246  5.538 1.0000000000
51756  23.314  -12.908  5.589 1.0000000000
55317  19.357  -9.295  6.304 0.1250000000
54440  21.235  -9.894  5.011 1.0000000000
55328  20.338  -9.545  5.377 0.8750000000
106723  21.519  -10.629  5.239 1.0000000000
52739  24.022  -11.892  5.017 1.0000000000
53599  22.959  -11.107  4.757 1.0000000000
52727  25.114  -12.355  5.458 1.0000000000
51754  24.510  -13.130  5.518 1.0000000000
58548  18.001  -4.916  4.705 0.2500000000
55330  19.146  -8.717  5.939 0.2500000000
56177  19.236  -8.311  5.437 0.3750000000
56191  20.281  -8.354  4.450 1.0000000000
55342  20.033  -8.796  4.941 0.6250000000
55341  20.755  -9.116  4.696 1.0000000000
54459  22.641  -9.845  4.233 1.0000000000
55340  21.656  -9.511  4.383 1.0000000000
116690  24.458  -11.345  4.789 1.0000000000
53597  24.143  -11.425  4.740 1.0000000000
54458  23.509  -10.079  4.128 1.0000000000
115055  24.831  -10.785  4.587 1.0000000000
52737  24.798  -12.028  5.242 1.0000000000
117770  25.326  -10.751  4.775 1.0000000000
53589  25.352  -11.725  5.374 1.0000000000
57818  18.161  -4.987  4.205 0.5000000000
57806  18.199  -5.242  4.702 0.3750000000
57044  18.620  -6.780  4.942 0.3750000000
57060  18.837  -6.289  4.469 0.5000000000
56208  19.854  -7.567  4.240 0.8750000000
57058  20.307  -7.121  3.557 1.0000000000
55349  23.012  -9.253  3.809 1.0000000000
55351  21.157  -8.723  4.156 1.0000000000
54457  24.143  -10.135  4.065 1.0000000000
55348  23.807  -9.377  3.706 1.0000000000
109150  25.369  -10.069  4.349 1.0000000000
53595  25.695  -11.049  5.208 0.8750000000
58556  17.650  -4.552  4.337 0.5000000000
57805  18.463  -5.781  4.678 0.5000000000
57817  18.530  -5.273  3.889 0.6250000000
57075  19.836  -6.101  3.336 0.6250000000
57059  19.440  -6.738  4.046 1.0000000000
57057  21.389  -7.402  3.205 1.0000000000
57056  24.734  -8.116  3.311 1.0000000000
56214  23.652  -7.799  2.855 1.0000000000
56204  23.460  -8.492  3.434 1.0000000000
56205  22.603  -8.424  3.556 1.0000000000
56202  25.011  -8.826  3.615 1.0000000000
55347  24.501  -9.286  3.702 1.0000000000
55346  26.184  -9.029  4.427 0.8750000000
110020  25.518  -9.278  4.026 1.0000000000
54447  26.862  -10.052  5.550 0.8750000000
114236  17.887  -4.659  3.934 0.5000000000
57830  18.950  -5.282  3.542 0.8750000000
98379  21.984  -6.006  1.810 1.0000000000
57084  21.712  -6.366  2.249 1.0000000000
56213  23.920  -7.717  2.772 1.0000000000
57083  22.663  -7.649  0.888 1.0000000000
56216  22.323  -7.725  3.246 1.0000000000
57826  24.201  -6.544  2.428 1.0000000000
56190  26.266  -8.300  4.302 1.0000000000
56201  25.453  -8.523  3.739 1.0000000000
57070  24.483  -7.416  2.916 1.0000000000
57055  25.656  -7.838  3.767 1.0000000000
58571  17.552  -4.379  3.972 0.5000000000
119000  18.136  -4.339  3.433 0.8750000000
100521  18.778  -4.580  3.174 1.0000000000
59431  22.062  -4.769  1.463 1.0000000000
57828  21.286  -5.583  2.103 1.0000000000
58583  20.481  -5.084  2.369 1.0000000000
59419  24.675  -4.793  2.092 1.0000000000
58594  23.888  -6.019  1.808 1.0000000000
58569  25.175  -5.910  3.228 1.0000000000
58582  24.441  -5.636  2.144 1.0000000000
57814  26.008  -6.976  4.000 1.0000000000
58581  24.688  -6.005  2.700 1.0000000000
57042  26.400  -7.543  4.299 0.8750000000
61761  19.655  -1.409  1.404 1.0000000000
61746  17.857  -1.045  2.409 0.3750000000
60229  20.984  -3.796  1.516 1.0000000000
60227  24.237  -4.280  1.629 1.0000000000
59429  23.589  -4.661  1.363 1.0000000000
62575  20.577  -0.274  0.087 0.8750000000
62574  20.762  -0.797  0.260 1.0000000000
61777  20.503  -1.409  0.717 1.0000000000
61016  20.159  -2.219  1.352 1.0000000000
61776  21.293  -1.238  0.275 1.0000000000
60239  21.488  -3.097  1.061 1.0000000000
60228  23.636  -3.831  1.257 1.0000000000
61015  23.514  -2.985  1.036 1.0000000000
60215  24.886  -3.810  2.210 1.0000000000
63429  20.782  0.221  -0.307 0.7500000000
61775  21.905  -1.032  0.045 1.0000000000
103406  21.827  -1.691  0.282 1.0000000000
115276  24.320  -1.441  2.107 1.0000000000
61760  23.293  -2.069  0.720 1.0000000000
62587  21.863  -0.376  -0.231 1.0000000000
62573  22.434  -0.802  0.066 1.0000000000
110314  23.095  -1.185  0.415 1.0000000000
67442  19.953  5.837  -1.071 0.1250000000
68249  20.191  6.461  -0.793 0.1250000000
67452  20.344  5.794  -1.835 0.2500000000
68266  20.671  6.339  -2.240 0.1250000000
67460  20.792  5.715  -2.364 0.3750000000
69068  20.743  6.993  -2.426 0.2500000000
68264  21.321  6.477  -2.668 0.5000000000
69076  21.344  7.196  -2.810 0.3750000000
69055  20.637  7.209  -1.675 0.2500000000
69077  20.912  7.205  -2.853 0.2500000000
100328  20.890  7.898  -3.042 0.2500000000
69834  20.653  8.619  -3.132 0.2500000000
113769  21.408  7.805  -2.929 0.2500000000
69066  22.286  7.369  -2.433 0.3750000000
69822  22.451  8.281  -2.513 0.3750000000
54423  19.242  -10.694  7.459 0.1250000000
110559  24.853  -13.187  5.636 1.0000000000
58584  19.722  -5.202  2.964 0.8750000000
57841  23.225  -6.344  1.625 1.0000000000
51735  20.217  -13.132  8.303 0.1250000000
51733  21.249  -13.931  7.207 0.6250000000
50811  22.460  -14.975  7.211 0.7500000000
55316  19.339  -10.028  6.926 0.1250000000
53575  19.406  -11.361  7.696 0.1250000000
50823  23.620  -14.195  6.180 1.0000000000
50821  24.782  -13.860  6.018 1.0000000000
51743  25.395  -13.622  6.210 1.0000000000
56178  18.890  -7.864  5.787 0.3750000000
57801  18.494  -6.261  5.153 0.2500000000
57036  18.700  -7.166  5.438 0.2500000000
53588  26.335  -11.333  5.731 0.8750000000
55338  27.051  -9.451  5.271 0.8750000000
54439  26.670  -10.687  5.610 0.8750000000
56189  27.264  -8.728  4.920 0.8750000000
62551  17.540  -0.883  2.572 0.1250000000
114220  16.983  -1.187  3.020 0.1250000000
60204  17.176  -3.562  4.063 0.3750000000
100723  18.525  -3.760  2.792 0.6250000000
99496  25.627  -6.397  3.616 1.0000000000
61762  19.248  -0.710  1.522 0.5000000000
62576  20.005  -0.596  0.725 0.8750000000
101489  17.801  -1.687  2.562 0.3750000000
61004  18.213  -2.316  2.521 0.8750000000
59418  25.289  -4.413  2.727 1.0000000000
60214  25.535  -3.669  2.925 1.0000000000
103306  25.349  -3.016  2.747 1.0000000000
105468  24.052  -2.331  1.630 1.0000000000
99924  21.029  0.790  -0.661 0.8750000000
63438  22.298  0.684  -0.408 1.0000000000
62572  22.995  -0.355  0.265 1.0000000000
61759  23.689  -1.393  1.318 1.0000000000
68235  19.037  6.310  0.805 0.1250000000
67443  19.219  5.224  -0.462 0.1250000000
119371  21.109  4.158  -2.150 0.6250000000
67459  21.277  5.714  -2.603 0.6250000000
67451  22.305  5.335  -2.204 0.5000000000
68260  20.477  6.465  -1.697 0.2500000000
68258  23.112  6.859  -1.511 0.5000000000
69067  20.729  7.900  -2.751 0.2500000000
69065  23.449  7.639  -1.671 0.5000000000
69823  20.994  8.365  -3.204 0.2500000000
70498  23.285  9.113  -2.205 0.2500000000
69821  23.922  8.431  -1.693 0.3750000000
70510  24.164  9.808  -2.125 0.2500000000
104767  20.553  8.968  -3.232 0.1250000000
52713  20.238  -12.698  7.573 0.1250000000
51734  20.592  -13.504  7.686 0.5000000000
53583  19.495  -11.230  7.067 0.1250000000
50825  21.956  -14.315  6.961 0.7500000000
50824  22.714  -14.305  6.569 1.0000000000
51757  22.482  -12.851  5.918 1.0000000000
50830  24.251  -13.757  5.815 1.0000000000
54451  22.226  -10.419  4.738 1.0000000000
52738  24.410  -11.894  5.107 1.0000000000
53598  23.700  -11.324  4.685 1.0000000000
54450  23.248  -10.656  4.434 1.0000000000
52728  24.663  -12.569  5.364 1.0000000000
51753  25.124  -12.918  5.633 1.0000000000
112598  18.896  -7.565  5.163 0.3750000000
56192  19.453  -7.972  4.797 0.8750000000
55350  22.054  -9.089  3.868 1.0000000000
53596  24.928  -11.422  4.982 1.0000000000
54448  24.329  -10.841  4.478 1.0000000000
54449  23.891  -10.834  4.404 1.0000000000
54456  24.716  -10.111  4.143 1.0000000000
106043  25.938  -10.366  5.012 1.0000000000
57043  19.060  -7.199  4.618 0.6250000000
57816  19.082  -5.933  3.948 0.6250000000
56207  20.726  -7.954  3.891 1.0000000000
57074  20.931  -6.597  2.735 1.0000000000
56206  21.644  -8.279  3.664 1.0000000000
55339  26.088  -9.704  4.722 0.8750000000
53587  27.622  -11.108  5.825 0.8750000000
102863  21.983  -6.733  2.423 1.0000000000
112529  25.068  -7.894  3.373 1.0000000000
56203  24.402  -8.304  3.320 1.0000000000
56215  23.054  -7.772  3.073 1.0000000000
57072  22.948  -7.714  1.515 1.0000000000
98380  22.959  -6.051  1.403 1.0000000000
57829  20.589  -5.777  2.573 1.0000000000
98616  22.505  -7.376  0.998 1.0000000000
56226  21.970  -6.955  1.316 1.0000000000
107881  23.554  -7.200  2.391 1.0000000000
57827  23.033  -6.995  1.936 1.0000000000
118657  25.105  -6.578  3.313 1.0000000000
57815  25.173  -7.193  3.405 1.0000000000
107104  18.142  -4.028  3.211 0.6250000000
59420  19.717  -4.613  2.643 1.0000000000
107950  21.126  -4.934  1.840 1.0000000000
118458  20.400  -4.608  2.244 1.0000000000
58597  22.026  -5.567  1.694 1.0000000000
115659  21.276  -4.386  1.594 1.0000000000
59446  22.581  -4.087  1.139 1.0000000000
59430  22.930  -4.827  1.276 1.0000000000
105729  24.962  -5.272  2.660 1.0000000000
59428  24.107  -5.190  1.651 1.0000000000
58596  22.789  -5.522  1.416 1.0000000000
61763  18.658  -1.365  2.110 0.7500000000
61017  19.214  -2.237  2.080 0.7500000000
59433  20.239  -3.690  2.030 1.0000000000
59447  21.772  -3.910  1.290 1.0000000000
115549  20.641  -3.016  1.464 1.0000000000
60237  23.066  -3.511  0.906 1.0000000000
61027  21.139  -2.168  0.748 1.0000000000
61025  22.849  -2.641  0.656 1.0000000000
60238  22.325  -3.274  0.889 1.0000000000
61026  22.052  -2.442  0.528 1.0000000000
61014  24.222  -3.365  1.590 1.0000000000
112647  22.389  -0.078  -0.161 1.0000000000
61774  22.513  -1.673  0.306 1.0000000000
63439  21.881  0.178  -0.430 1.0000000000
63440  21.402  0.165  -0.418 1.0000000000
68250  19.472  5.953  -0.138 0.1250000000
68265  20.938  6.486  -2.570 0.2500000000
67453  19.828  5.226  -1.365 0.3750000000
102071  20.359  5.080  -2.059 0.5000000000
68259  22.191  6.395  -2.350 0.5000000000
67458  21.826  5.746  -2.510 0.7500000000
69833  21.641  9.019  -2.962 0.2500000000
108422  20.218  -13.201  8.745 0.1250000000
50813  20.857  -14.212  7.900 0.6250000000
50812  21.582  -14.613  7.526 0.7500000000
49932  23.239  -14.967  6.808 1.0000000000
61748  16.778  -1.754  3.459 0.5000000000
60218  17.604  -3.684  3.463 0.6250000000
59421  19.000  -4.174  2.738 0.8750000000
60217  18.064  -3.390  2.899 0.7500000000
104837  19.314  -3.719  2.459 0.8750000000
105620  17.833  -2.922  2.874 0.8750000000
60216  18.613  -3.144  2.550 1.0000000000
60230  19.736  -3.022  2.077 1.0000000000
98725  21.563  0.719  -0.602 1.0000000000
64202  22.950  1.191  -0.016 1.0000000000
63419  23.517  0.293  0.790 1.0000000000
114617  19.429  4.797  -0.908 0.3750000000
66611  21.511  4.440  -2.234 0.7500000000
66617  21.801  4.998  -2.533 0.7500000000
108280  21.062  4.868  -2.484 0.5000000000
70497  24.616  9.104  -1.751 0.2500000000
47298  22.989  -18.496  9.627 0.7500000000
47296  24.686  -18.539  9.186 0.7500000000
47299  22.322  -18.044  9.439 0.7500000000
104187  22.390  -17.492  8.949 0.7500000000
48167  23.155  -17.778  8.891 0.7500000000
47303  24.958  -17.987  8.693 0.7500000000
48175  24.117  -17.721  8.578 0.7500000000
108138  23.559  -17.141  8.317 0.7500000000
49921  21.884  -15.296  7.790 0.7500000000
49040  23.424  -16.552  7.955 0.7500000000
49051  23.228  -15.971  7.596 0.8750000000
101937  22.587  -15.673  7.640 0.8750000000
48174  24.811  -17.283  8.227 0.7500000000
49039  24.154  -16.784  7.939 0.7500000000
110384  23.608  -15.527  7.208 0.8750000000
49038  24.918  -16.652  7.796 0.7500000000
49049  24.520  -16.108  7.545 0.7500000000
49919  24.220  -15.535  7.171 0.8750000000
49931  23.909  -14.944  6.684 0.8750000000
49917  25.733  -15.467  7.359 0.7500000000
49918  24.906  -15.471  7.209 0.8750000000
49930  24.571  -14.807  6.694 0.8750000000
50820  26.258  -14.323  6.929 0.8750000000
104006  26.329  -13.634  6.616 0.8750000000
51742  25.785  -13.073  6.185 0.8750000000
51740  28.346  -13.262  6.176 0.3750000000
52718  27.511  -12.634  6.274 0.7500000000
52719  26.453  -12.635  6.257 0.7500000000
51751  29.259  -13.030  5.572 0.5000000000
52724  28.422  -12.352  5.871 0.5000000000
99986  28.579  -11.650  5.568 0.7500000000
52725  27.245  -11.834  6.132 0.7500000000
52735  30.966  -12.634  4.403 0.1250000000
117272  30.087  -12.192  4.615 0.3750000000
53586  29.565  -11.723  4.849 0.6250000000
54438  27.847  -10.581  5.632 0.6250000000
53591  32.121  -12.826  4.064 0.1250000000
53605  30.402  -11.311  4.150 0.1250000000
118133  30.411  -10.788  3.820 0.1250000000
113300  29.130  -10.050  4.893 0.6250000000
56188  28.230  -9.370  5.178 0.6250000000
53604  30.821  -11.212  3.683 0.1250000000
55355  30.673  -9.961  3.202 0.1250000000
55336  29.855  -9.891  4.054 0.1250000000
117200  29.188  -9.381  4.694 0.5000000000
56200  28.608  -8.557  4.712 0.6250000000
57041  27.440  -7.708  4.638 0.7500000000
53603  31.949  -11.900  3.578 0.1250000000
56199  29.712  -8.911  3.993 0.5000000000
57053  29.682  -7.991  3.639 0.5000000000
57054  28.817  -7.526  4.203 0.6250000000
63441  20.463  0.975  -0.329 0.6250000000
64215  20.857  1.545  -0.782 0.5000000000
64214  21.249  1.398  -0.789 0.7500000000
101488  28.357  -5.961  3.907 0.6250000000
58567  27.099  -5.236  3.835 0.6250000000
58568  26.060  -5.515  3.629 0.8750000000
58565  28.947  -5.741  3.181 0.5000000000
58566  28.226  -5.134  3.571 0.6250000000
59404  27.598  -4.444  3.509 0.6250000000
59405  26.607  -4.658  3.565 0.7500000000
59406  25.665  -4.950  3.219 0.8750000000
61758  24.928  -1.884  2.558 0.8750000000
101559  27.044  -3.944  3.494 0.7500000000
60213  26.056  -3.069  3.239 0.8750000000
61002  25.786  -2.185  2.960 0.8750000000
61757  25.718  -1.242  2.704 0.8750000000
102055  24.899  -0.983  2.477 0.8750000000
58579  29.434  -5.616  2.252 0.3750000000
58580  28.913  -4.783  2.706 0.5000000000
59403  28.275  -4.326  3.164 0.5000000000
60988  26.902  -3.233  3.345 0.6250000000
59417  29.397  -4.911  1.869 0.2500000000
60201  27.774  -3.608  3.147 0.5000000000
64224  21.084  2.244  -1.125 0.6250000000
65007  21.460  2.793  -1.283 0.7500000000
64996  21.566  1.986  -0.871 0.7500000000
64213  21.810  1.278  -0.688 0.8750000000
62561  23.559  -0.526  1.030 0.8750000000
63418  24.150  0.255  1.675 0.7500000000
62559  25.171  0.152  2.022 0.8750000000
61001  26.747  -2.362  3.047 0.6250000000
60212  28.531  -3.871  2.580 0.3750000000
99917  28.197  -3.045  2.412 0.5000000000
104832  26.489  -0.788  2.394 0.7500000000
59427  29.120  -4.211  1.886 0.2500000000
65009  20.736  2.930  -1.329 0.6250000000
106333  22.174  1.818  -0.615 0.8750000000
64212  22.430  1.365  -0.435 0.8750000000
64191  23.511  1.048  0.632 0.8750000000
64984  23.550  2.714  0.621 0.7500000000
103392  24.087  1.033  1.395 0.8750000000
112558  25.899  0.653  1.891 0.7500000000
61745  26.654  -1.490  2.705 0.5000000000
61024  28.718  -2.616  0.406 0.2500000000
61773  28.411  -1.907  0.853 0.5000000000
60999  27.973  -2.294  2.264 0.5000000000
60235  29.354  -3.958  0.364 0.2500000000
65778  20.872  3.567  -1.784 0.5000000000
65777  21.415  3.687  -1.762 0.6250000000
65766  22.518  3.473  -0.578 0.7500000000
64985  22.965  3.031  -0.083 0.7500000000
65757  22.988  3.953  -0.028 0.7500000000
65756  23.577  3.563  0.551 0.7500000000
65744  24.778  3.155  1.219 0.7500000000
66596  23.634  4.403  0.392 0.7500000000
64971  25.147  2.441  1.503 0.7500000000
64189  25.524  1.625  1.679 0.7500000000
102575  27.371  -0.122  1.519 0.5000000000
64187  27.032  1.236  1.190 0.3750000000
64188  26.436  1.422  1.478 0.6250000000
106643  28.398  -1.534  0.240 0.2500000000
62571  27.884  -0.296  0.896 0.3750000000
66610  22.062  4.411  -1.926 0.6250000000
66604  22.472  4.244  -0.752 0.7500000000
66603  23.056  4.781  -0.166 0.7500000000
66595  24.358  4.836  0.484 0.7500000000
65754  25.115  3.687  0.937 0.7500000000
65742  26.234  3.143  0.726 0.6250000000
64200  27.259  1.433  0.647 0.3750000000
64982  27.118  2.027  0.468 0.3750000000
61785  28.431  -1.830  -0.719 0.1250000000
106595  28.004  -0.270  -0.746 0.1250000000
62586  27.801  0.126  0.070 0.2500000000
67441  22.648  5.064  -1.036 0.6250000000
67440  23.453  5.574  -0.447 0.7500000000
67428  23.691  5.082  0.193 0.6250000000
66594  25.239  4.479  0.582 0.7500000000
64983  26.740  2.531  0.656 0.3750000000
108063  25.767  3.790  0.617 0.3750000000
65743  25.490  3.090  1.149 0.7500000000
108393  27.511  1.218  -0.795 0.2500000000
64211  27.349  1.728  -0.181 0.3750000000
64970  26.089  2.342  1.309 0.6250000000
62604  27.600  -0.601  -2.620 0.1250000000
62596  27.841  -0.215  -1.654 0.1250000000
62595  28.263  -1.039  -1.241 0.1250000000
67450  22.941  5.923  -1.446 0.6250000000
106060  23.576  6.324  -0.867 0.6250000000
68233  24.925  6.054  0.039 0.3750000000
67427  24.280  5.552  0.120 0.3750000000
67425  25.717  5.148  0.279 0.3750000000
65764  27.288  3.661  -1.324 0.2500000000
65753  26.389  3.832  0.162 0.3750000000
66593  26.064  4.578  0.263 0.3750000000
64230  27.460  1.110  -2.330 0.1250000000
106682  27.345  2.222  -0.848 0.3750000000
64992  27.143  2.457  -0.081 0.3750000000
61801  27.653  -1.698  -3.240 0.1250000000
63447  27.576  0.763  -1.551 0.1250000000
69064  24.434  7.788  -1.101 0.3750000000
67439  24.193  6.196  -0.353 0.3750000000
68246  25.505  6.500  -0.310 0.3750000000
68247  24.722  6.611  -0.351 0.3750000000
67436  26.900  5.283  -0.768 0.3750000000
67437  26.291  5.397  -0.113 0.3750000000
67438  25.641  5.788  0.061 0.3750000000
66601  27.144  4.473  -0.985 0.3750000000
65765  26.929  3.790  -0.502 0.3750000000
64238  26.879  1.628  -4.179 0.1250000000
65006  27.380  2.714  -1.821 0.1250000000
63459  26.910  -0.002  -4.080 0.1250000000
69063  25.395  7.764  -1.066 0.2500000000
68257  26.633  6.818  -1.201 0.2500000000
69051  25.841  7.116  -0.784 0.3750000000
69052  24.924  7.199  -0.598 0.3750000000
67457  27.368  5.680  -2.603 0.1250000000
67449  26.633  6.060  -0.652 0.3750000000
68245  26.199  6.543  -0.577 0.3750000000
66609  27.356  4.369  -1.903 0.1250000000
101113  27.234  5.064  -1.420 0.2500000000
65031  26.988  3.086  -3.921 0.1250000000
65775  27.368  3.555  -2.127 0.1250000000
69820  25.016  8.423  -1.379 0.3750000000
69819  26.173  7.606  -1.417 0.2500000000
68263  27.279  6.384  -2.353 0.1250000000
69074  27.210  7.011  -2.616 0.1250000000
67464  27.364  5.423  -3.583 0.1250000000
107908  27.269  6.687  -4.036 0.1250000000
65798  26.839  3.073  -4.721 0.1250000000
67468  27.155  5.184  -4.537 0.1250000000
69081  26.903  7.837  -3.750 0.1250000000
113430  26.980  5.737  -4.988 0.1250000000
69084  27.070  7.241  -4.320 0.1250000000
98417  26.504  3.699  -6.247 0.1250000000
98416  26.563  2.610  -5.664 0.1250000000
50819  27.174  -14.306  6.900 0.6250000000
57811  28.886  -6.582  3.692 0.6250000000
100956  27.450  -1.823  2.525 0.5000000000
104516  28.747  -3.437  1.764 0.3750000000
65008  21.098  3.006  -1.506 0.6250000000
64995  22.213  2.613  -0.758 0.8750000000
64994  22.856  2.051  -0.153 0.8750000000
115394  23.523  1.841  0.597 0.8750000000
64972  24.274  2.439  1.251 0.7500000000
64190  24.649  1.730  1.588 0.7500000000
63417  24.852  0.976  1.878 0.7500000000
61744  27.325  -0.889  2.139 0.5000000000
62543  26.657  -0.145  1.939 0.7500000000
62570  28.282  -1.062  0.959 0.5000000000
65784  27.188  3.144  -2.921 0.1250000000
68256  27.091  6.744  -1.901 0.2500000000
102791  27.276  6.003  -4.216 0.1250000000
66624  27.007  4.314  -4.975 0.1250000000
54446  29.017  -10.664  5.108 0.5000000000
107328  29.483  -7.216  3.442 0.3750000000
115967  29.584  -6.596  2.692 0.3750000000
58593  29.679  -5.492  1.284 0.2500000000
105847  27.366  3.902  -2.663 0.1250000000
46290  23.781  -19.675  10.316 0.7500000000
46291  22.906  -19.177  10.241 0.7500000000
47286  21.614  -18.148  9.896 0.7500000000
48168  21.480  -17.508  9.442 0.7500000000
46289  24.651  -19.841  10.166 0.7500000000
46304  23.538  -18.953  9.873 0.7500000000
46302  25.370  -19.467  9.702 0.7500000000
49042  21.364  -15.605  8.360 0.6250000000
49041  22.598  -16.332  8.096 0.7500000000
110698  25.393  -17.087  8.057 0.7500000000
48182  25.720  -16.638  7.806 0.6250000000
50810  27.013  -14.984  7.239 0.5000000000
112523  28.862  -15.490  6.594 0.3750000000
51739  29.355  -14.113  5.925 0.1250000000
51749  31.092  -13.651  4.860 0.1250000000
51748  32.160  -13.617  4.540 0.1250000000
52734  33.318  -13.369  4.469 0.1250000000
53602  33.448  -12.228  3.536 0.1250000000
54462  32.491  -10.698  2.632 0.1250000000
54463  31.203  -10.189  2.899 0.1250000000
110432  30.987  -9.554  2.673 0.1250000000
56211  30.786  -8.861  2.421 0.1250000000
57069  30.019  -7.618  2.778 0.1250000000
65010  20.212  2.977  -0.936 0.5000000000
59426  29.481  -4.621  0.987 0.2500000000
60248  28.889  -3.751  -1.227 0.1250000000
61792  28.298  -2.050  -1.835 0.1250000000
66612  20.604  4.320  -1.939 0.3750000000
61800  28.032  -2.511  -2.909 0.1250000000
61807  27.360  -1.956  -4.224 0.1250000000
64245  26.608  0.747  -4.581 0.1250000000
64251  25.780  0.440  -6.335 0.1250000000
111320  20.753  7.505  -0.897 0.1250000000
70508  26.150  9.056  -2.597 0.2500000000
69837  26.565  8.421  -3.145 0.1250000000
70520  26.373  9.188  -3.538 0.1250000000
68272  26.996  6.531  -4.884 0.1250000000
69085  26.757  7.842  -4.704 0.1250000000
67472  26.556  4.921  -5.695 0.1250000000
98411  25.792  1.570  -6.983 0.1250000000
52726  25.877  -12.038  5.826 0.7500000000
104831  26.507  -6.093  4.048 0.7500000000
57804  26.985  -6.773  4.464 0.7500000000
62562  19.389  -0.047  1.078 0.3750000000
49920  23.062  -15.467  7.271 0.8750000000
50822  24.250  -14.327  6.249 0.8750000000
55337  28.014  -10.018  5.457 0.6250000000
60202  26.150  -3.965  3.366 0.8750000000
63428  22.952  0.428  0.112 0.8750000000
62560  24.260  -0.632  1.978 0.8750000000
70509  25.353  9.557  -2.227 0.1250000000
69832  25.671  8.848  -1.841 0.2500000000
47285  22.215  -18.632  10.064 0.7500000000
47297  23.775  -18.432  9.303 0.7500000000
46303  24.278  -19.119  9.771 0.7500000000
48177  22.008  -16.943  8.708 0.7500000000
48176  22.892  -17.020  8.435 0.7500000000
117003  22.061  -15.842  8.058 0.7500000000
49922  21.108  -14.918  8.147 0.6250000000
49050  23.873  -16.093  7.572 0.8750000000
49048  25.265  -16.077  7.549 0.7500000000
49928  26.229  -14.972  7.234 0.7500000000
49929  25.380  -14.629  6.823 0.8750000000
49916  26.686  -15.600  7.389 0.6250000000
118881  26.387  -13.183  6.433 0.7500000000
50818  28.328  -14.439  6.472 0.2500000000
51741  27.198  -13.411  6.533 0.6250000000
103029  29.398  -12.208  5.132 0.5000000000
52723  30.108  -12.818  4.894 0.2500000000
51750  30.188  -13.831  5.376 0.1250000000
52736  30.347  -11.827  4.401 0.2500000000
53593  29.759  -11.266  4.627 0.3750000000
53594  28.824  -11.163  5.298 0.6250000000
53592  31.092  -11.938  4.122 0.1250000000
52742  33.158  -12.865  3.898 0.1250000000
54445  29.922  -10.653  4.296 0.5000000000
55345  30.326  -10.236  3.642 0.1250000000
54454  30.684  -10.503  3.417 0.1250000000
54453  31.399  -10.938  3.224 0.1250000000
56198  30.425  -9.469  3.278 0.1250000000
56212  30.289  -8.531  3.021 0.1250000000
118631  29.268  -8.270  4.218 0.6250000000
57812  28.020  -6.654  4.460 0.6250000000
57813  27.557  -5.924  4.222 0.6250000000
62558  25.784  -0.374  2.328 0.7500000000
61000  27.540  -2.691  2.854 0.5000000000
65776  21.981  3.483  -1.265 0.6250000000
61013  28.435  -2.570  1.509 0.3750000000
119678  23.997  1.649  1.206 0.7500000000
63416  26.870  0.642  1.539 0.6250000000
61756  28.044  -1.547  1.753 0.5000000000
102786  28.539  -2.114  0.024 0.1250000000
98748  29.012  -3.250  0.857 0.2500000000
60236  29.054  -3.383  -0.169 0.1250000000
65755  24.394  3.921  0.805 0.7500000000
63427  27.443  0.604  0.918 0.3750000000
62585  28.222  -0.811  -0.054 0.1250000000
67426  25.047  5.357  0.350 0.3750000000
63437  27.534  0.944  0.012 0.3750000000
104800  27.720  0.448  -0.777 0.1250000000
64993  26.824  3.143  0.062 0.3750000000
64223  27.465  1.671  -1.493 0.2500000000
119579  27.372  -0.132  -2.843 0.1250000000
62610  27.252  -0.714  -3.485 0.1250000000
61793  28.037  -1.313  -2.250 0.1250000000
63453  27.517  0.250  -2.332 0.1250000000
108775  27.209  3.014  -0.733 0.2500000000
106877  27.280  0.436  -3.124 0.1250000000
64237  27.326  1.565  -3.199 0.1250000000
65016  27.459  1.909  -2.339 0.1250000000
68248  24.025  7.023  -0.752 0.3750000000
67448  27.182  5.956  -1.542 0.3750000000
109847  27.141  0.903  -3.849 0.1250000000
65023  27.097  2.425  -3.634 0.1250000000
65032  26.686  2.332  -4.667 0.1250000000
119214  27.351  2.400  -2.800 0.1250000000
62617  26.756  -1.160  -4.468 0.1250000000
69831  26.336  8.209  -2.142 0.2500000000
114300  25.779  8.206  -1.517 0.2500000000
105467  26.747  7.361  -1.996 0.2500000000
101005  27.405  4.696  -2.896 0.1250000000
107711  27.088  3.750  -4.365 0.1250000000
66620  27.266  3.841  -3.447 0.1250000000
98663  26.793  3.465  -5.360 0.1250000000
69075  26.870  7.695  -2.844 0.1250000000
69080  27.212  7.178  -3.473 0.1250000000
98412  26.227  1.773  -5.835 0.1250000000
111324  27.295  4.555  -3.958 0.1250000000
69839  26.652  8.525  -4.117 0.1250000000
45321  22.919  -20.085  10.755 0.7500000000
117295  24.294  -20.124  10.443 0.7500000000
46292  21.955  -19.407  10.686 0.7500000000
49043  20.752  -16.038  8.917 0.5000000000
115493  21.640  -16.271  8.518 0.6250000000
49047  26.193  -16.131  7.585 0.6250000000
49915  27.708  -15.909  7.129 0.5000000000
56210  31.449  -9.071  1.911 0.1250000000
61035  28.712  -2.765  -0.694 0.1250000000
99878  26.041  0.623  -5.431 0.1250000000
64250  25.930  1.154  -5.895 0.1250000000
44296  23.974  -21.214  11.152 0.6250000000
45320  23.944  -20.480  10.740 0.6250000000
45318  25.907  -20.822  10.403 0.3750000000
46288  25.407  -20.172  10.172 0.6250000000
45326  26.293  -20.298  9.996 0.2500000000
49927  27.942  -15.224  6.842 0.3750000000
64997  20.595  2.339  -0.882 0.3750000000
65779  20.183  3.676  -1.311 0.2500000000
66613  19.915  4.577  -1.459 0.2500000000
47295  25.831  -18.668  9.014 0.5000000000
48173  26.204  -17.332  8.137 0.5000000000
48181  26.733  -16.895  7.801 0.3750000000
44294  26.399  -21.533  10.701 0.5000000000
44295  25.449  -21.318  10.780 0.6250000000
49046  27.291  -16.455  7.480 0.5000000000
43418  23.608  -22.304  11.720 0.6250000000
115039  20.890  -17.849  10.205 0.3750000000
110593  21.341  -18.563  10.478 0.3750000000
44282  23.213  -21.466  11.451 0.6250000000
45306  23.305  -20.796  11.068 0.6250000000
43404  25.984  -22.463  11.360 0.3750000000
44281  24.850  -21.801  11.219 0.5000000000
105804  24.010  -21.868  11.420 0.6250000000
48169  20.551  -17.116  9.881 0.2500000000
44279  26.523  -21.974  11.157 0.3750000000
46287  27.402  -20.511  9.837 0.2500000000
45317  26.928  -21.037  10.311 0.2500000000
47294  27.152  -19.161  8.974 0.2500000000
47301  26.761  -18.298  8.558 0.3750000000
48172  27.365  -17.816  8.111 0.2500000000
57791  18.630  -6.882  5.466 0.1250000000
59399  17.111  -3.856  4.131 0.2500000000
60994  17.254  -2.316  3.233 0.3750000000
104126  17.078  -2.904  3.977 0.2500000000
66605  19.480  4.180  -0.768 0.2500000000
57792  18.303  -5.456  5.113 0.1250000000
100686  17.485  -2.958  3.297 0.3750000000
47302  25.611  -17.754  8.469 0.5000000000
45319  24.879  -20.533  10.505 0.6250000000
49926  28.784  -16.141  6.884 0.2500000000
49033  21.046  -16.729  9.179 0.3750000000
113863  24.607  -21.048  10.873 0.5000000000
45304  27.513  -20.846  10.201 0.2500000000
99628  26.641  -19.680  9.495 0.3750000000
44280  25.885  -22.080  11.087 0.5000000000
45307  22.617  -20.763  11.293 0.6250000000
43416  25.394  -22.600  11.442 0.3750000000
43417  24.501  -22.533  11.547 0.5000000000
117763  27.554  -18.949  8.628 0.2500000000
48180  28.016  -17.456  7.681 0.2500000000
57028  19.039  -6.913  6.513 0.1250000000
44273  21.838  -21.635  12.240 0.5000000000
42507  24.958  -23.246  11.708 0.2500000000
42497  24.499  -23.788  12.129 0.3750000000
43406  24.083  -23.122  11.854 0.5000000000
44283  22.420  -21.322  11.703 0.5000000000
103182  21.001  -21.609  12.788 0.3750000000
45308  20.971  -20.387  11.930 0.5000000000
44284  21.783  -20.760  11.677 0.5000000000
46273  21.367  -19.942  11.309 0.3750000000
45322  22.113  -20.198  11.125 0.5000000000
44262  19.830  -21.714  13.808 0.1250000000
46274  20.580  -19.580  11.701 0.2500000000
42472  20.232  -23.462  14.232 0.1250000000
43396  20.535  -22.133  13.414 0.2500000000
42500  21.849  -22.932  12.953 0.3750000000
42499  22.673  -23.272  12.629 0.3750000000
42488  19.914  -22.618  14.114 0.1250000000
43395  21.168  -22.609  13.251 0.3750000000
112982  19.950  -20.428  13.059 0.1250000000
46275  19.885  -19.153  12.259 0.1250000000
101736  29.921  -6.307  1.600 0.1250000000
46293  20.974  -19.088  11.079 0.3750000000
43419  22.735  -21.999  11.965 0.5000000000
47287  20.499  -18.258  10.880 0.2500000000
43394  25.706  -23.124  12.851 0.2500000000
43408  22.277  -22.465  12.476 0.5000000000
45295  21.241  -21.048  12.243 0.5000000000
43407  23.172  -22.769  12.205 0.3750000000
42498  23.603  -23.624  12.306 0.3750000000
43409  21.509  -22.233  12.787 0.3750000000
45296  20.622  -20.811  12.579 0.1250000000
46262  20.288  -20.001  12.403 0.1250000000
45297  20.261  -21.268  13.214 0.1250000000
44248  19.402  -21.301  14.137 0.1250000000
42473  19.704  -23.253  14.620 0.1250000000
42486  21.375  -23.357  13.414 0.3750000000
41525  24.004  -24.370  12.546 0.2500000000
41515  21.611  -24.154  13.614 0.2500000000
41514  22.508  -24.635  13.440 0.2500000000
42484  24.702  -24.225  12.645 0.2500000000
41516  20.877  -23.801  13.876 0.1250000000
42487  20.659  -22.995  13.697 0.1250000000
42485  22.150  -23.757  13.089 0.2500000000
49908  20.353  -15.562  9.453 0.1250000000
114658  20.009  0.361  0.290 0.1250000000
64216  20.338  1.893  -0.299 0.1250000000
64203  19.872  1.359  0.301 0.1250000000
64986  19.759  2.539  0.269 0.1250000000
65767  19.622  3.407  -0.597 0.1250000000
65768  18.952  3.953  -0.003 0.1250000000
63420  19.535  0.753  0.663 0.1250000000
65758  19.210  3.328  -0.025 0.1250000000
65760  17.199  3.882  0.857 0.1250000000
117425  18.521  0.896  1.635 0.1250000000
60194  16.992  -3.475  4.042 0.1250000000
48160  20.230  -17.398  10.751 0.1250000000
49035  20.166  -15.736  10.105 0.1250000000
61738  16.682  -1.902  3.727 0.1250000000
63421  17.983  0.972  2.102 0.1250000000
64179  18.607  1.283  1.858 0.1250000000
64193  19.604  1.175  0.601 0.1250000000
64192  19.794  2.212  1.347 0.1250000000
65747  19.038  3.415  1.191 0.1250000000
65739  16.087  3.960  1.844 0.1250000000
66598  16.826  4.246  0.970 0.1250000000
62550  18.482  -0.612  1.971 0.1250000000
112414  20.459  -13.785  8.334 0.1250000000
51730  20.271  -13.767  8.942 0.1250000000
64998  19.945  2.726  -0.479 0.1250000000
49034  20.433  -16.315  9.657 0.1250000000
49022  20.160  -16.564  10.525 0.1250000000
60981  16.781  -2.267  3.899 0.1250000000
50807  20.472  -14.453  8.701 0.1250000000
49912  20.619  -15.301  8.784 0.1250000000
49909  20.230  -15.003  9.879 0.1250000000
108390  19.885  1.937  0.478 0.1250000000
64975  18.868  3.507  0.433 0.1250000000
64974  19.491  2.688  0.163 0.1250000000
66597  17.939  4.306  0.439 0.1250000000
65748  17.323  3.755  1.030 0.1250000000
116416  20.290  2.906  1.351 0.1250000000
67404  16.583  5.062  2.607 0.1250000000
115897  26.206  -22.403  11.681 0.1250000000
44272  26.786  -21.884  12.194 0.1250000000
45305  27.030  -21.442  10.662 0.1250000000
46286  28.074  -20.371  9.715 0.1250000000
46301  27.840  -19.958  9.320 0.1250000000
47293  28.353  -19.488  8.760 0.1250000000
47300  28.006  -18.752  8.365 0.1250000000
100797  29.210  -19.056  8.631 0.1250000000
47292  29.038  -19.131  8.430 0.1250000000
48171  28.700  -18.420  7.965 0.1250000000
48178  29.868  -17.502  7.754 0.1250000000
113657  28.732  -16.971  7.330 0.1250000000
48165  29.875  -17.773  8.182 0.1250000000
49053  29.795  -16.790  7.177 0.1250000000
41512  24.275  -24.876  13.099 0.1250000000
41513  23.517  -24.893  13.163 0.1250000000
41511  24.962  -24.521  13.441 0.1250000000
42483  25.318  -23.796  13.144 0.1250000000
114940  26.101  -22.855  13.284 0.1250000000
44261  26.891  -22.031  13.326 0.1250000000
119019  27.055  -21.619  11.266 0.1250000000
117242  27.882  -20.086  11.504 0.1250000000
46271  28.447  -19.749  10.002 0.1250000000
46285  28.552  -19.789  9.230 0.1250000000
113686  28.660  -18.831  10.184 0.1250000000
109883  29.721  -16.175  6.746 0.1250000000
49044  30.923  -16.494  7.051 0.1250000000
49037  30.245  -17.066  7.764 0.1250000000
50817  29.757  -15.327  6.326 0.1250000000
43405  25.651  -22.905  11.840 0.1250000000
42496  25.171  -23.630  12.206 0.1250000000
42482  25.983  -23.273  13.777 0.1250000000
108930  26.518  -22.653  13.651 0.1250000000
113449  27.465  -20.874  11.162 0.1250000000
46272  28.004  -20.408  10.412 0.1250000000
113862  29.021  -19.552  8.777 0.1250000000
48170  29.532  -18.489  8.124 0.1250000000
47284  28.948  -19.438  9.225 0.1250000000
48166  29.500  -18.249  8.641 0.1250000000
48179  29.139  -17.974  7.741 0.1250000000
49045  30.449  -16.818  7.358 0.1250000000
41500  24.598  -25.228  13.896 0.1250000000
41499  25.445  -24.685  14.294 0.1250000000
44271  27.339  -21.099  12.235 0.1250000000
49036  30.674  -16.534  7.310 0.1250000000
41502  20.461  -24.214  14.377 0.1250000000
41526  23.078  -24.141  12.781 0.1250000000
43393  26.242  -22.531  12.696 0.1250000000
49052  30.452  -16.636  7.064 0.1250000000
50800  20.313  -14.915  9.284 0.1250000000
51752  25.538  -12.596  5.810 1.0000000000
53608  32.512  -11.431  3.195 0.1250000000
54455  25.088  -9.505  3.898 1.0000000000
56221  22.412  -7.635  0.857 1.0000000000
56222  22.497  -7.715  1.004 1.0000000000
56223  22.228  -6.490  2.053 1.0000000000
57071  23.011  -7.844  1.502 1.0000000000
57073  22.651  -7.195  2.399 1.0000000000
57082  22.576  -7.741  0.660 1.0000000000
57825  24.764  -6.648  2.993 1.0000000000
57842  21.460  -6.164  2.257 1.0000000000
57843  21.729  -6.299  2.216 1.0000000000
58557  17.332  -4.139  4.196 0.5000000000
58570  18.216  -4.681  3.664 0.8750000000
58595  23.386  -5.560  1.443 1.0000000000
59391  16.979  -3.706  4.126 0.2500000000
59407  17.695  -4.222  3.672 0.5000000000
59408  17.440  -3.867  3.718 0.3750000000
59409  17.176  -3.964  3.999 0.2500000000
59432  20.655  -4.308  1.921 1.0000000000
59445  23.155  -4.206  1.131 1.0000000000
60183  17.070  -3.227  4.078 0.1250000000
60203  17.284  -3.278  3.763 0.6250000000
60226  29.250  -3.843  1.193 0.2500000000
60995  16.930  -2.245  3.640 0.1250000000
61003  24.751  -2.837  2.252 1.0000000000
61747  17.234  -1.532  2.895 0.5000000000
62557  27.865  -0.743  1.516 0.3750000000
62588  21.275  -0.477  -0.111 1.0000000000
63471  25.723  -0.134  -5.799 0.1250000000
64201  26.865  1.876  1.058 0.3750000000
65745  24.116  3.199  1.019 0.7500000000
65749  16.566  3.816  1.543 0.1250000000
65759  18.238  3.803  0.552 0.1250000000
66589  16.295  4.281  1.573 0.1250000000
66602  26.621  4.576  -0.284 0.3750000000
67405  16.105  4.355  2.021 0.1250000000
67416  16.574  5.197  1.955 0.1250000000
68269  27.333  6.360  -3.269 0.1250000000
69041  20.491  6.998  -0.343 0.1250000000
98381  23.083  -5.968  1.415 1.0000000000
98382  22.501  -6.831  1.827 1.0000000000
98568  22.050  -6.380  2.044 1.0000000000
98656  22.098  -7.540  0.966 1.0000000000
102645  27.368  5.168  -2.054 0.1250000000
104613  26.122  6.088  -0.252 0.3750000000
106161  17.487  -2.334  2.934 0.7500000000
112810  19.915  -4.190  2.383 0.8750000000
114253  22.680  -6.865  2.003 1.0000000000
114370  26.385  1.426  -5.086 0.1250000000
114759  17.302  -2.874  3.529 0.3750000000
115058  27.422  1.713  -0.826 0.2500000000
115401  24.035  -8.617  3.422 1.0000000000
116509  23.489  -6.705  2.148 1.0000000000
117597  16.282  3.962  1.810 0.1250000000
118272  25.195  -2.498  2.649 0.8750000000
118552  21.053  -22.133  13.078 0.3750000000
119457  18.515  -6.289  5.301 0.2500000000
