#!ascii label  , from subject sub-01 vox2ras=TkReg
579
48168  21.480  -17.508  9.442 0.0000000000
53594  28.824  -11.163  5.298 0.0000000000
61759  23.689  -1.393  1.318 0.0000000000
119000  18.136  -4.339  3.433 0.0000000000
43419  22.735  -21.999  11.965 0.0000000000
45326  26.293  -20.298  9.996 0.0000000000
49930  24.571  -14.807  6.694 0.0000000000
54459  22.641  -9.845  4.233 0.0000000000
99496  25.627  -6.397  3.616 0.0000000000
102786  28.539  -2.114  0.024 0.0000000000
65757  22.988  3.953  -0.028 0.0000000000
46292  21.955  -19.407  10.686 0.0000000000
113863  24.607  -21.048  10.873 0.0000000000
47297  23.775  -18.432  9.303 0.0000000000
53590  21.210  -11.227  5.653 0.0000000000
56177  19.236  -8.311  5.437 0.0000000000
60229  20.984  -3.796  1.516 0.0000000000
98380  22.959  -6.051  1.403 0.0000000000
60215  24.886  -3.810  2.210 0.0000000000
60201  27.774  -3.608  3.147 0.0000000000
104832  26.489  -0.788  2.394 0.0000000000
67453  19.828  5.226  -1.365 0.0000000000
65009  20.736  2.930  -1.329 0.0000000000
67451  22.305  5.335  -2.204 0.0000000000
52719  26.453  -12.635  6.257 0.0000000000
49915  27.708  -15.909  7.129 0.0000000000
51739  29.355  -14.113  5.925 0.0000000000
61777  20.503  -1.409  0.717 0.0000000000
56198  30.425  -9.469  3.278 0.0000000000
49922  21.108  -14.918  8.147 0.0000000000
49051  23.228  -15.971  7.596 0.0000000000
51745  21.937  -13.560  6.534 0.0000000000
52739  24.022  -11.892  5.017 0.0000000000
117770  25.326  -10.751  4.775 0.0000000000
57058  20.307  -7.121  3.557 0.0000000000
56214  23.652  -7.799  2.855 0.0000000000
56189  27.264  -8.728  4.920 0.0000000000
115967  29.584  -6.596  2.692 0.0000000000
99924  21.029  0.790  -0.661 0.0000000000
64191  23.511  1.048  0.632 0.0000000000
69052  24.924  7.199  -0.598 0.0000000000
66593  26.064  4.578  0.263 0.0000000000
64188  26.436  1.422  1.478 0.0000000000
104800  27.720  0.448  -0.777 0.0000000000
110698  25.393  -17.087  8.057 0.0000000000
49034  20.433  -16.315  9.657 0.0000000000
115039  20.890  -17.849  10.205 0.0000000000
47286  21.614  -18.148  9.896 0.0000000000
46304  23.538  -18.953  9.873 0.0000000000
48167  23.155  -17.778  8.891 0.0000000000
61025  22.849  -2.641  0.656 0.0000000000
60237  23.066  -3.511  0.906 0.0000000000
105468  24.052  -2.331  1.630 0.0000000000
61002  25.786  -2.185  2.960 0.0000000000
102055  24.899  -0.983  2.477 0.0000000000
68265  20.938  6.486  -2.570 0.0000000000
67459  21.277  5.714  -2.603 0.0000000000
69076  21.344  7.196  -2.810 0.0000000000
52725  27.245  -11.834  6.132 0.0000000000
51740  28.346  -13.262  6.176 0.0000000000
103029  29.398  -12.208  5.132 0.0000000000
61017  19.214  -2.237  2.080 0.0000000000
61762  19.248  -0.710  1.522 0.0000000000
44284  21.783  -20.760  11.677 0.0000000000
43408  22.277  -22.465  12.476 0.0000000000
42498  23.603  -23.624  12.306 0.0000000000
42507  24.958  -23.246  11.708 0.0000000000
45318  25.907  -20.822  10.403 0.0000000000
44279  26.523  -21.974  11.157 0.0000000000
50812  21.582  -14.613  7.526 0.0000000000
51746  20.909  -13.166  6.957 0.0000000000
106723  21.519  -10.629  5.239 0.0000000000
52731  22.095  -11.990  5.702 0.0000000000
53598  23.700  -11.324  4.685 0.0000000000
116690  24.458  -11.345  4.789 0.0000000000
54457  24.143  -10.135  4.065 0.0000000000
57060  18.837  -6.289  4.469 0.0000000000
57075  19.836  -6.101  3.336 0.0000000000
57826  24.201  -6.544  2.428 0.0000000000
57083  22.663  -7.649  0.888 0.0000000000
57070  24.483  -7.416  2.916 0.0000000000
56201  25.453  -8.523  3.739 0.0000000000
57042  26.400  -7.543  4.299 0.0000000000
57054  28.817  -7.526  4.203 0.0000000000
57813  27.557  -5.924  4.222 0.0000000000
61013  28.435  -2.570  1.509 0.0000000000
59427  29.120  -4.211  1.886 0.0000000000
65776  21.981  3.483  -1.265 0.0000000000
64215  20.857  1.545  -0.782 0.0000000000
106333  22.174  1.818  -0.615 0.0000000000
63438  22.298  0.684  -0.408 0.0000000000
64984  23.550  2.714  0.621 0.0000000000
65742  26.234  3.143  0.726 0.0000000000
64992  27.143  2.457  -0.081 0.0000000000
64200  27.259  1.433  0.647 0.0000000000
110384  23.608  -15.527  7.208 0.0000000000
49039  24.154  -16.784  7.939 0.0000000000
49048  25.265  -16.077  7.549 0.0000000000
113657  28.732  -16.971  7.330 0.0000000000
48180  28.016  -17.456  7.681 0.0000000000
46273  21.367  -19.942  11.309 0.0000000000
45307  22.617  -20.763  11.293 0.0000000000
105804  24.010  -21.868  11.420 0.0000000000
45320  23.944  -20.480  10.740 0.0000000000
46289  24.651  -19.841  10.166 0.0000000000
46302  25.370  -19.467  9.702 0.0000000000
54433  19.502  -10.442  6.747 0.0000000000
54442  19.870  -10.058  6.033 0.0000000000
55341  20.755  -9.116  4.696 0.0000000000
59421  19.000  -4.174  2.738 0.0000000000
58583  20.481  -5.084  2.369 0.0000000000
59431  22.062  -4.769  1.463 0.0000000000
59428  24.107  -5.190  1.651 0.0000000000
105729  24.962  -5.272  2.660 0.0000000000
59405  26.607  -4.658  3.565 0.0000000000
60988  26.902  -3.233  3.345 0.0000000000
100956  27.450  -1.823  2.525 0.0000000000
62570  28.282  -1.062  0.959 0.0000000000
65768  18.952  3.953  -0.003 0.0000000000
66612  20.604  4.320  -1.939 0.0000000000
66611  21.511  4.440  -2.234 0.0000000000
67441  22.648  5.064  -1.036 0.0000000000
51743  25.395  -13.622  6.210 0.0000000000
49928  26.229  -14.972  7.234 0.0000000000
50819  27.174  -14.306  6.900 0.0000000000
112523  28.862  -15.490  6.594 0.0000000000
60218  17.604  -3.684  3.463 0.0000000000
60216  18.613  -3.144  2.550 0.0000000000
61027  21.139  -2.168  0.748 0.0000000000
103406  21.827  -1.691  0.282 0.0000000000
43416  25.394  -22.600  11.442 0.0000000000
54445  29.922  -10.653  4.296 0.0000000000
52736  30.347  -11.827  4.401 0.0000000000
49043  20.752  -16.038  8.917 0.0000000000
49041  22.598  -16.332  8.096 0.0000000000
49921  21.884  -15.296  7.790 0.0000000000
50811  22.460  -14.975  7.211 0.0000000000
50823  23.620  -14.195  6.180 0.0000000000
52720  21.438  -12.652  6.333 0.0000000000
51756  23.314  -12.908  5.589 0.0000000000
51754  24.510  -13.130  5.518 0.0000000000
52728  24.663  -12.569  5.364 0.0000000000
53589  25.352  -11.725  5.374 0.0000000000
54439  26.670  -10.687  5.610 0.0000000000
56192  19.453  -7.972  4.797 0.0000000000
55351  21.157  -8.723  4.156 0.0000000000
57084  21.712  -6.366  2.249 0.0000000000
56216  22.323  -7.725  3.246 0.0000000000
55349  23.012  -9.253  3.809 0.0000000000
55347  24.501  -9.286  3.702 0.0000000000
55339  26.088  -9.704  4.722 0.0000000000
55337  28.014  -10.018  5.457 0.0000000000
117200  29.188  -9.381  4.694 0.0000000000
57053  29.682  -7.991  3.639 0.0000000000
58580  28.913  -4.783  2.706 0.0000000000
62575  20.577  -0.274  0.087 0.0000000000
112647  22.389  -0.078  -0.161 0.0000000000
63419  23.517  0.293  0.790 0.0000000000
106060  23.576  6.324  -0.867 0.0000000000
67427  24.280  5.552  0.120 0.0000000000
67438  25.641  5.788  0.061 0.0000000000
66595  24.358  4.836  0.484 0.0000000000
65744  24.778  3.155  1.219 0.0000000000
64190  24.649  1.730  1.588 0.0000000000
62559  25.171  0.152  2.022 0.0000000000
63416  26.870  0.642  1.539 0.0000000000
62571  27.884  -0.296  0.896 0.0000000000
62595  28.263  -1.039  -1.241 0.0000000000
108138  23.559  -17.141  8.317 0.0000000000
47303  24.958  -17.987  8.693 0.0000000000
47295  25.831  -18.668  9.014 0.0000000000
49047  26.193  -16.131  7.585 0.0000000000
47301  26.761  -18.298  8.558 0.0000000000
49033  21.046  -16.729  9.179 0.0000000000
48169  20.551  -17.116  9.881 0.0000000000
47299  22.322  -18.044  9.439 0.0000000000
104187  22.390  -17.492  8.949 0.0000000000
61760  23.293  -2.069  0.720 0.0000000000
61015  23.514  -2.985  1.036 0.0000000000
115276  24.320  -1.441  2.107 0.0000000000
68264  21.321  6.477  -2.668 0.0000000000
53587  27.622  -11.108  5.825 0.0000000000
99986  28.579  -11.650  5.568 0.0000000000
53586  29.565  -11.723  4.849 0.0000000000
44283  22.420  -21.322  11.703 0.0000000000
44273  21.838  -21.635  12.240 0.0000000000
42499  22.673  -23.272  12.629 0.0000000000
43407  23.172  -22.769  12.205 0.0000000000
42497  24.499  -23.788  12.129 0.0000000000
43406  24.083  -23.122  11.854 0.0000000000
44294  26.399  -21.533  10.701 0.0000000000
45317  26.928  -21.037  10.311 0.0000000000
45304  27.513  -20.846  10.201 0.0000000000
51734  20.592  -13.504  7.686 0.0000000000
52713  20.238  -12.698  7.573 0.0000000000
54451  22.226  -10.419  4.738 0.0000000000
53599  22.959  -11.107  4.757 0.0000000000
54450  23.248  -10.656  4.434 0.0000000000
54449  23.891  -10.834  4.404 0.0000000000
54458  23.509  -10.079  4.128 0.0000000000
57817  18.530  -5.273  3.889 0.0000000000
57830  18.950  -5.282  3.542 0.0000000000
58581  24.688  -6.005  2.700 0.0000000000
118657  25.105  -6.578  3.313 0.0000000000
57815  25.173  -7.193  3.405 0.0000000000
57814  26.008  -6.976  4.000 0.0000000000
57804  26.985  -6.773  4.464 0.0000000000
104831  26.507  -6.093  4.048 0.0000000000
61024  28.718  -2.616  0.406 0.0000000000
98748  29.012  -3.250  0.857 0.0000000000
65766  22.518  3.473  -0.578 0.0000000000
64995  22.213  2.613  -0.758 0.0000000000
64994  22.856  2.051  -0.153 0.0000000000
64985  22.965  3.031  -0.083 0.0000000000
64993  26.824  3.143  0.062 0.0000000000
108775  27.209  3.014  -0.733 0.0000000000
106682  27.345  2.222  -0.848 0.0000000000
49919  24.220  -15.535  7.171 0.0000000000
49918  24.906  -15.471  7.209 0.0000000000
48178  29.868  -17.502  7.754 0.0000000000
48179  29.139  -17.974  7.741 0.0000000000
46293  20.974  -19.088  11.079 0.0000000000
45322  22.113  -20.198  11.125 0.0000000000
45321  22.919  -20.085  10.755 0.0000000000
45306  23.305  -20.796  11.068 0.0000000000
46290  23.781  -19.675  10.316 0.0000000000
46303  24.278  -19.119  9.771 0.0000000000
47296  24.686  -18.539  9.186 0.0000000000
55329  19.546  -9.164  5.716 0.0000000000
55328  20.338  -9.545  5.377 0.0000000000
55342  20.033  -8.796  4.941 0.0000000000
59433  20.239  -3.690  2.030 0.0000000000
118458  20.400  -4.608  2.244 0.0000000000
115659  21.276  -4.386  1.594 0.0000000000
60228  23.636  -3.831  1.257 0.0000000000
59429  23.589  -4.661  1.363 0.0000000000
60227  24.237  -4.280  1.629 0.0000000000
59419  24.675  -4.793  2.092 0.0000000000
59418  25.289  -4.413  2.727 0.0000000000
60202  26.150  -3.965  3.366 0.0000000000
60214  25.535  -3.669  2.925 0.0000000000
61745  26.654  -1.490  2.705 0.0000000000
61001  26.747  -2.362  3.047 0.0000000000
61756  28.044  -1.547  1.753 0.0000000000
61744  27.325  -0.889  2.139 0.0000000000
67442  19.953  5.837  -1.071 0.0000000000
67443  19.219  5.224  -0.462 0.0000000000
114617  19.429  4.797  -0.908 0.0000000000
66605  19.480  4.180  -0.768 0.0000000000
66613  19.915  4.577  -1.459 0.0000000000
67458  21.826  5.746  -2.510 0.0000000000
66617  21.801  4.998  -2.533 0.0000000000
66610  22.062  4.411  -1.926 0.0000000000
67450  22.941  5.923  -1.446 0.0000000000
51742  25.785  -13.073  6.185 0.0000000000
104006  26.329  -13.634  6.616 0.0000000000
118881  26.387  -13.183  6.433 0.0000000000
50818  28.328  -14.439  6.472 0.0000000000
104126  17.078  -2.904  3.977 0.0000000000
100686  17.485  -2.958  3.297 0.0000000000
60217  18.064  -3.390  2.899 0.0000000000
105620  17.833  -2.922  2.874 0.0000000000
61761  19.655  -1.409  1.404 0.0000000000
61016  20.159  -2.219  1.352 0.0000000000
61776  21.293  -1.238  0.275 0.0000000000
44281  24.850  -21.801  11.219 0.0000000000
43417  24.501  -22.533  11.547 0.0000000000
115897  26.206  -22.403  11.681 0.0000000000
55345  30.326  -10.236  3.642 0.0000000000
49912  20.619  -15.301  8.784 0.0000000000
49042  21.364  -15.605  8.360 0.0000000000
50825  21.956  -14.315  6.961 0.0000000000
50824  22.714  -14.305  6.569 0.0000000000
49932  23.239  -14.967  6.808 0.0000000000
53581  20.828  -11.882  6.176 0.0000000000
99951  20.485  -12.366  6.816 0.0000000000
52740  23.246  -11.751  5.158 0.0000000000
108708  23.095  -12.371  5.492 0.0000000000
52730  23.798  -12.438  5.233 0.0000000000
51755  23.875  -13.246  5.538 0.0000000000
52729  24.266  -12.500  5.245 0.0000000000
115055  24.831  -10.785  4.587 0.0000000000
53596  24.928  -11.422  4.982 0.0000000000
53595  25.695  -11.049  5.208 0.0000000000
106043  25.938  -10.366  5.012 0.0000000000
57059  19.440  -6.738  4.046 0.0000000000
57043  19.060  -7.199  4.618 0.0000000000
56208  19.854  -7.567  4.240 0.0000000000
56191  20.281  -8.354  4.450 0.0000000000
56207  20.726  -7.954  3.891 0.0000000000
57828  21.286  -5.583  2.103 0.0000000000
57829  20.589  -5.777  2.573 0.0000000000
98379  21.984  -6.006  1.810 0.0000000000
57072  22.948  -7.714  1.515 0.0000000000
56215  23.054  -7.772  3.073 0.0000000000
56205  22.603  -8.424  3.556 0.0000000000
56204  23.460  -8.492  3.434 0.0000000000
55348  23.807  -9.377  3.706 0.0000000000
56203  24.402  -8.304  3.320 0.0000000000
56190  26.266  -8.300  4.302 0.0000000000
55346  26.184  -9.029  4.427 0.0000000000
55338  27.051  -9.451  5.271 0.0000000000
56188  28.230  -9.370  5.178 0.0000000000
56200  28.608  -8.557  4.712 0.0000000000
57811  28.886  -6.582  3.692 0.0000000000
107328  29.483  -7.216  3.442 0.0000000000
57069  30.019  -7.618  2.778 0.0000000000
101559  27.044  -3.944  3.494 0.0000000000
59404  27.598  -4.444  3.509 0.0000000000
59403  28.275  -4.326  3.164 0.0000000000
65010  20.212  2.977  -0.936 0.0000000000
64997  20.595  2.339  -0.882 0.0000000000
64214  21.249  1.398  -0.789 0.0000000000
63441  20.463  0.975  -0.329 0.0000000000
63429  20.782  0.221  -0.307 0.0000000000
64202  22.950  1.191  -0.016 0.0000000000
63439  21.881  0.178  -0.430 0.0000000000
63428  22.952  0.428  0.112 0.0000000000
62572  22.995  -0.355  0.265 0.0000000000
69064  24.434  7.788  -1.101 0.0000000000
68248  24.025  7.023  -0.752 0.0000000000
67439  24.193  6.196  -0.353 0.0000000000
68247  24.722  6.611  -0.351 0.0000000000
67437  26.291  5.397  -0.113 0.0000000000
67425  25.717  5.148  0.279 0.0000000000
67426  25.047  5.357  0.350 0.0000000000
66594  25.239  4.479  0.582 0.0000000000
65755  24.394  3.921  0.805 0.0000000000
65754  25.115  3.687  0.937 0.0000000000
64970  26.089  2.342  1.309 0.0000000000
64971  25.147  2.441  1.503 0.0000000000
64189  25.524  1.625  1.679 0.0000000000
63417  24.852  0.976  1.878 0.0000000000
112558  25.899  0.653  1.891 0.0000000000
63437  27.534  0.944  0.012 0.0000000000
63427  27.443  0.604  0.918 0.0000000000
62586  27.801  0.126  0.070 0.0000000000
62585  28.222  -0.811  -0.054 0.0000000000
106595  28.004  -0.270  -0.746 0.0000000000
48176  22.892  -17.020  8.435 0.0000000000
49040  23.424  -16.552  7.955 0.0000000000
49038  24.918  -16.652  7.796 0.0000000000
48174  24.811  -17.283  8.227 0.0000000000
47302  25.611  -17.754  8.469 0.0000000000
49916  26.686  -15.600  7.389 0.0000000000
49917  25.733  -15.467  7.359 0.0000000000
49046  27.291  -16.455  7.480 0.0000000000
48171  28.700  -18.420  7.965 0.0000000000
48172  27.365  -17.816  8.111 0.0000000000
47300  28.006  -18.752  8.365 0.0000000000
117763  27.554  -18.949  8.628 0.0000000000
110593  21.341  -18.563  10.478 0.0000000000
47285  22.215  -18.632  10.064 0.0000000000
46291  22.906  -19.177  10.241 0.0000000000
47298  22.989  -18.496  9.627 0.0000000000
60239  21.488  -3.097  1.061 0.0000000000
59447  21.772  -3.910  1.290 0.0000000000
60238  22.325  -3.274  0.889 0.0000000000
61014  24.222  -3.365  1.590 0.0000000000
103306  25.349  -3.016  2.747 0.0000000000
61758  24.928  -1.884  2.558 0.0000000000
61757  25.718  -1.242  2.704 0.0000000000
68266  20.671  6.339  -2.240 0.0000000000
67452  20.344  5.794  -1.835 0.0000000000
102071  20.359  5.080  -2.059 0.0000000000
67460  20.792  5.715  -2.364 0.0000000000
68259  22.191  6.395  -2.350 0.0000000000
52718  27.511  -12.634  6.274 0.0000000000
52724  28.422  -12.352  5.871 0.0000000000
51751  29.259  -13.030  5.572 0.0000000000
61763  18.658  -1.365  2.110 0.0000000000
45308  20.971  -20.387  11.930 0.0000000000
45296  20.622  -20.811  12.579 0.0000000000
45295  21.241  -21.048  12.243 0.0000000000
103182  21.001  -21.609  12.788 0.0000000000
41525  24.004  -24.370  12.546 0.0000000000
42484  24.702  -24.225  12.645 0.0000000000
44295  25.449  -21.318  10.780 0.0000000000
44280  25.885  -22.080  11.087 0.0000000000
50813  20.857  -14.212  7.900 0.0000000000
51733  21.249  -13.931  7.207 0.0000000000
53600  22.233  -11.186  5.202 0.0000000000
53597  24.143  -11.425  4.740 0.0000000000
54448  24.329  -10.841  4.478 0.0000000000
54456  24.716  -10.111  4.143 0.0000000000
57816  19.082  -5.933  3.948 0.0000000000
57841  23.225  -6.344  1.625 0.0000000000
98616  22.505  -7.376  0.998 0.0000000000
57827  23.033  -6.995  1.936 0.0000000000
107881  23.554  -7.200  2.391 0.0000000000
56213  23.920  -7.717  2.772 0.0000000000
57056  24.734  -8.116  3.311 0.0000000000
112529  25.068  -7.894  3.373 0.0000000000
57055  25.656  -7.838  3.767 0.0000000000
57041  27.440  -7.708  4.638 0.0000000000
57812  28.020  -6.654  4.460 0.0000000000
101488  28.357  -5.961  3.907 0.0000000000
99917  28.197  -3.045  2.412 0.0000000000
60212  28.531  -3.871  2.580 0.0000000000
104516  28.747  -3.437  1.764 0.0000000000
60235  29.354  -3.958  0.364 0.0000000000
65008  21.098  3.006  -1.506 0.0000000000
64224  21.084  2.244  -1.125 0.0000000000
65007  21.460  2.793  -1.283 0.0000000000
64996  21.566  1.986  -0.871 0.0000000000
98725  21.563  0.719  -0.602 0.0000000000
64213  21.810  1.278  -0.688 0.0000000000
64212  22.430  1.365  -0.435 0.0000000000
115394  23.523  1.841  0.597 0.0000000000
65753  26.389  3.832  0.162 0.0000000000
108063  25.767  3.790  0.617 0.0000000000
64983  26.740  2.531  0.656 0.0000000000
64982  27.118  2.027  0.468 0.0000000000
64211  27.349  1.728  -0.181 0.0000000000
108393  27.511  1.218  -0.795 0.0000000000
49050  23.873  -16.093  7.572 0.0000000000
49049  24.520  -16.108  7.545 0.0000000000
46274  20.580  -19.580  11.701 0.0000000000
44282  23.213  -21.466  11.451 0.0000000000
43418  23.608  -22.304  11.720 0.0000000000
44296  23.974  -21.214  11.152 0.0000000000
117295  24.294  -20.124  10.443 0.0000000000
45319  24.879  -20.533  10.505 0.0000000000
46288  25.407  -20.172  10.172 0.0000000000
53582  20.181  -11.010  6.285 0.0000000000
54441  20.703  -10.400  5.592 0.0000000000
54440  21.235  -9.894  5.011 0.0000000000
55340  21.656  -9.511  4.383 0.0000000000
100521  18.778  -4.580  3.174 0.0000000000
59420  19.717  -4.613  2.643 0.0000000000
107950  21.126  -4.934  1.840 0.0000000000
58597  22.026  -5.567  1.694 0.0000000000
59446  22.581  -4.087  1.139 0.0000000000
59430  22.930  -4.827  1.276 0.0000000000
58596  22.789  -5.522  1.416 0.0000000000
58594  23.888  -6.019  1.808 0.0000000000
58582  24.441  -5.636  2.144 0.0000000000
58569  25.175  -5.910  3.228 0.0000000000
58568  26.060  -5.515  3.629 0.0000000000
59406  25.665  -4.950  3.219 0.0000000000
60213  26.056  -3.069  3.239 0.0000000000
61000  27.540  -2.691  2.854 0.0000000000
60999  27.973  -2.294  2.264 0.0000000000
61773  28.411  -1.907  0.853 0.0000000000
106643  28.398  -1.534  0.240 0.0000000000
65778  20.872  3.567  -1.784 0.0000000000
108280  21.062  4.868  -2.484 0.0000000000
119371  21.109  4.158  -2.150 0.0000000000
65777  21.415  3.687  -1.762 0.0000000000
66604  22.472  4.244  -0.752 0.0000000000
50821  24.782  -13.860  6.018 0.0000000000
49929  25.380  -14.629  6.823 0.0000000000
50820  26.258  -14.323  6.929 0.0000000000
50810  27.013  -14.984  7.239 0.0000000000
51741  27.198  -13.411  6.533 0.0000000000
49927  27.942  -15.224  6.842 0.0000000000
49926  28.784  -16.141  6.884 0.0000000000
107104  18.142  -4.028  3.211 0.0000000000
100723  18.525  -3.760  2.792 0.0000000000
104837  19.314  -3.719  2.459 0.0000000000
61004  18.213  -2.316  2.521 0.0000000000
60230  19.736  -3.022  2.077 0.0000000000
115549  20.641  -3.016  1.464 0.0000000000
61026  22.052  -2.442  0.528 0.0000000000
61774  22.513  -1.673  0.306 0.0000000000
110314  23.095  -1.185  0.415 0.0000000000
43404  25.984  -22.463  11.360 0.0000000000
54446  29.017  -10.664  5.108 0.0000000000
53593  29.759  -11.266  4.627 0.0000000000
53605  30.402  -11.311  4.150 0.0000000000
48177  22.008  -16.943  8.708 0.0000000000
115493  21.640  -16.271  8.518 0.0000000000
117003  22.061  -15.842  8.058 0.0000000000
101937  22.587  -15.673  7.640 0.0000000000
49920  23.062  -15.467  7.271 0.0000000000
49931  23.909  -14.944  6.684 0.0000000000
50822  24.250  -14.327  6.249 0.0000000000
51757  22.482  -12.851  5.918 0.0000000000
51744  23.015  -13.541  6.009 0.0000000000
50830  24.251  -13.757  5.815 0.0000000000
110559  24.853  -13.187  5.636 0.0000000000
51753  25.124  -12.918  5.633 0.0000000000
52727  25.114  -12.355  5.458 0.0000000000
52738  24.410  -11.894  5.107 0.0000000000
52737  24.798  -12.028  5.242 0.0000000000
52726  25.877  -12.038  5.826 0.0000000000
53588  26.335  -11.333  5.731 0.0000000000
54438  27.847  -10.581  5.632 0.0000000000
55350  22.054  -9.089  3.868 0.0000000000
58584  19.722  -5.202  2.964 0.0000000000
57074  20.931  -6.597  2.735 0.0000000000
56226  21.970  -6.955  1.316 0.0000000000
102863  21.983  -6.733  2.423 0.0000000000
57057  21.389  -7.402  3.205 0.0000000000
56206  21.644  -8.279  3.664 0.0000000000
56202  25.011  -8.826  3.615 0.0000000000
110020  25.518  -9.278  4.026 0.0000000000
109150  25.369  -10.069  4.349 0.0000000000
54447  26.862  -10.052  5.550 0.0000000000
113300  29.130  -10.050  4.893 0.0000000000
55336  29.855  -9.891  4.054 0.0000000000
118631  29.268  -8.270  4.218 0.0000000000
56199  29.712  -8.911  3.993 0.0000000000
56212  30.289  -8.531  3.021 0.0000000000
58567  27.099  -5.236  3.835 0.0000000000
58566  28.226  -5.134  3.571 0.0000000000
58579  29.434  -5.616  2.252 0.0000000000
62576  20.005  -0.596  0.725 0.0000000000
62574  20.762  -0.797  0.260 0.0000000000
63440  21.402  0.165  -0.418 0.0000000000
62587  21.863  -0.376  -0.231 0.0000000000
61775  21.905  -1.032  0.045 0.0000000000
62573  22.434  -0.802  0.066 0.0000000000
62561  23.559  -0.526  1.030 0.0000000000
69066  22.286  7.369  -2.433 0.0000000000
68258  23.112  6.859  -1.511 0.0000000000
67440  23.453  5.574  -0.447 0.0000000000
66603  23.056  4.781  -0.166 0.0000000000
68246  25.505  6.500  -0.310 0.0000000000
68233  24.925  6.054  0.039 0.0000000000
67428  23.691  5.082  0.193 0.0000000000
66596  23.634  4.403  0.392 0.0000000000
65756  23.577  3.563  0.551 0.0000000000
64972  24.274  2.439  1.251 0.0000000000
65743  25.490  3.090  1.149 0.0000000000
119678  23.997  1.649  1.206 0.0000000000
103392  24.087  1.033  1.395 0.0000000000
63418  24.150  0.255  1.675 0.0000000000
62560  24.260  -0.632  1.978 0.0000000000
62558  25.784  -0.374  2.328 0.0000000000
62543  26.657  -0.145  1.939 0.0000000000
64187  27.032  1.236  1.190 0.0000000000
102575  27.371  -0.122  1.519 0.0000000000
61785  28.431  -1.830  -0.719 0.0000000000
62596  27.841  -0.215  -1.654 0.0000000000
48175  24.117  -17.721  8.578 0.0000000000
99628  26.641  -19.680  9.495 0.0000000000
48182  25.720  -16.638  7.806 0.0000000000
48181  26.733  -16.895  7.801 0.0000000000
48173  26.204  -17.332  8.137 0.0000000000
47294  27.152  -19.161  8.974 0.0000000000
46287  27.402  -20.511  9.837 0.0000000000
117272  30.087  -12.192  4.615 0.0000000000
52723  30.108  -12.818  4.894 0.0000000000
50800  20.313  -14.915  9.284 0.0000000000
51752  25.538  -12.596  5.810 0.0000000000
54455  25.088  -9.505  3.898 0.0000000000
56221  22.412  -7.635  0.857 0.0000000000
56222  22.497  -7.715  1.004 0.0000000000
56223  22.228  -6.490  2.053 0.0000000000
57071  23.011  -7.844  1.502 0.0000000000
57073  22.651  -7.195  2.399 0.0000000000
57082  22.576  -7.741  0.660 0.0000000000
57825  24.764  -6.648  2.993 0.0000000000
57842  21.460  -6.164  2.257 0.0000000000
57843  21.729  -6.299  2.216 0.0000000000
58570  18.216  -4.681  3.664 0.0000000000
58595  23.386  -5.560  1.443 0.0000000000
59432  20.655  -4.308  1.921 0.0000000000
59445  23.155  -4.206  1.131 0.0000000000
60203  17.284  -3.278  3.763 0.0000000000
60226  29.250  -3.843  1.193 0.0000000000
61003  24.751  -2.837  2.252 0.0000000000
62557  27.865  -0.743  1.516 0.0000000000
62588  21.275  -0.477  -0.111 0.0000000000
64201  26.865  1.876  1.058 0.0000000000
65745  24.116  3.199  1.019 0.0000000000
66602  26.621  4.576  -0.284 0.0000000000
98381  23.083  -5.968  1.415 0.0000000000
98382  22.501  -6.831  1.827 0.0000000000
98568  22.050  -6.380  2.044 0.0000000000
98656  22.098  -7.540  0.966 0.0000000000
112810  19.915  -4.190  2.383 0.0000000000
114253  22.680  -6.865  2.003 0.0000000000
114759  17.302  -2.874  3.529 0.0000000000
115058  27.422  1.713  -0.826 0.0000000000
115401  24.035  -8.617  3.422 0.0000000000
116509  23.489  -6.705  2.148 0.0000000000
118272  25.195  -2.498  2.649 0.0000000000
