#!ascii label  , from subject sub-01 vox2ras=TkReg
1417
18285  28.341  -52.754  27.360 0.8999999762
18306  29.023  -53.047  26.938 0.8000000119
16611  29.297  -54.300  26.488 0.6999999881
16618  29.508  -54.064  25.824 0.8000000119
18286  27.559  -52.486  27.421 0.8999999762
105151  28.891  -52.113  27.023 1.0000000000
19141  29.381  -51.717  26.540 1.0000000000
18305  29.481  -52.579  26.233 0.8999999762
17448  29.385  -53.520  26.347 0.8000000119
16627  29.543  -54.281  25.055 0.8000000119
17461  29.622  -53.381  25.387 0.8999999762
116644  29.515  -53.993  23.729 0.6999999881
16636  29.353  -54.543  23.419 0.6999999881
18287  26.826  -52.203  27.030 0.8000000119
19124  27.497  -51.720  27.212 0.8999999762
19142  26.798  -51.343  26.670 0.8999999762
18317  26.345  -52.031  26.392 0.8999999762
18319  25.130  -53.069  25.243 0.8999999762
19980  29.015  -51.201  27.001 0.8999999762
18330  29.731  -52.528  25.294 0.8999999762
19159  30.261  -51.134  24.796 1.0000000000
19178  29.924  -52.057  24.601 0.8999999762
106716  29.737  -52.924  24.487 0.8999999762
17473  29.612  -53.739  24.415 0.8000000119
17484  29.375  -53.839  22.970 0.6999999881
19965  27.548  -50.919  27.111 0.8999999762
19981  27.012  -50.541  26.701 0.8999999762
19161  26.204  -51.442  25.832 0.8999999762
18331  25.185  -52.215  24.916 0.8999999762
19123  28.323  -51.436  27.274 0.8999999762
19995  30.023  -50.886  25.740 1.0000000000
18348  29.780  -52.471  23.585 0.8000000119
106139  29.604  -53.344  23.682 0.8000000119
105168  29.200  -53.053  22.247 0.8000000119
18359  29.006  -52.417  21.804 0.8000000119
17507  28.652  -53.127  21.624 0.8000000119
17508  27.908  -53.212  21.105 0.8000000119
19996  26.527  -50.651  26.081 0.8999999762
19179  25.099  -51.428  24.627 0.8999999762
113298  24.473  -51.303  24.301 0.8999999762
20818  27.598  -49.971  26.985 0.8999999762
20012  24.861  -50.714  24.377 0.8999999762
20027  24.112  -50.763  24.004 0.8000000119
19181  23.758  -51.626  23.992 0.8000000119
19964  28.431  -50.606  27.191 0.8999999762
20028  23.402  -50.915  23.690 0.6999999881
19192  22.784  -51.545  23.473 0.6999999881
19193  21.971  -51.804  22.987 0.6999999881
109437  29.170  -50.372  26.899 0.8999999762
19206  21.458  -51.236  22.606 0.6999999881
117850  19.804  -50.888  22.643 0.6999999881
19979  29.862  -50.156  26.229 1.0000000000
103797  19.197  -50.437  23.059 0.6000000238
103347  29.568  -51.001  26.462 1.0000000000
19994  30.322  -50.318  25.290 1.0000000000
20025  30.375  -50.809  23.881 1.0000000000
19191  30.146  -51.544  23.745 0.8999999762
117029  30.242  -51.045  23.406 0.8999999762
19203  30.029  -51.267  22.908 0.8000000119
106615  29.816  -51.884  23.001 0.8000000119
19219  28.719  -51.803  21.373 0.8000000119
18367  28.154  -52.412  21.074 0.8000000119
19220  28.053  -51.526  20.750 0.8000000119
102017  26.994  -51.132  20.484 0.8000000119
19997  26.096  -50.749  25.257 0.8999999762
20819  26.831  -49.885  26.371 0.8999999762
20010  26.378  -49.984  25.496 0.8999999762
109250  25.577  -50.764  24.743 0.8999999762
102599  24.507  -49.994  24.124 0.8999999762
20817  28.561  -49.730  27.026 0.8999999762
20029  22.711  -50.603  23.339 0.6999999881
99124  29.343  -49.520  26.667 0.8999999762
20040  21.879  -50.413  22.834 0.6000000238
20041  21.081  -50.335  22.429 0.6000000238
20816  29.882  -49.334  26.243 1.0000000000
19182  19.877  -50.602  24.505 0.5000000000
20815  30.295  -49.531  25.657 1.0000000000
20000  21.025  -50.699  24.860 0.5000000000
20846  30.563  -49.668  24.656 1.0000000000
20009  30.450  -50.411  24.478 1.0000000000
105792  30.517  -50.107  23.816 1.0000000000
19204  29.458  -51.669  22.105 0.8000000119
20038  29.817  -50.796  22.095 0.8999999762
20039  28.960  -50.973  21.117 0.8000000119
20051  29.559  -50.112  21.399 0.8999999762
21707  28.789  -48.998  20.615 0.8999999762
20052  27.854  -50.659  20.526 0.8000000119
20053  26.557  -50.399  20.180 0.8000000119
115594  26.981  -49.523  20.046 0.8000000119
111652  26.502  -49.192  19.382 0.8000000119
105102  25.330  -50.045  24.466 0.8999999762
20834  27.329  -49.180  26.474 0.8999999762
101547  23.563  -50.032  23.634 0.6999999881
108795  28.711  -48.792  26.758 0.8999999762
21634  27.840  -48.507  26.580 0.8999999762
20876  21.512  -49.568  22.574 0.6999999881
20043  19.393  -49.847  23.114 0.6000000238
20015  18.970  -50.224  24.000 0.6000000238
20877  20.723  -49.498  22.514 0.6999999881
20879  19.566  -49.493  23.447 0.6000000238
20014  19.408  -49.977  24.143 0.5000000000
20013  21.121  -49.863  24.842 0.5000000000
19999  21.756  -50.225  25.291 0.5000000000
21652  30.578  -48.896  25.209 1.0000000000
104392  30.652  -49.467  23.797 1.0000000000
20862  30.517  -49.727  23.047 1.0000000000
20863  30.163  -50.011  22.224 0.8999999762
21664  30.769  -48.906  24.277 1.0000000000
21692  30.662  -48.440  22.236 0.8999999762
20875  30.424  -49.248  22.266 0.8999999762
20886  29.966  -49.507  21.672 0.8999999762
21706  30.051  -48.764  21.496 0.8999999762
99571  29.438  -49.339  21.105 0.8999999762
20896  27.795  -49.200  20.293 0.8999999762
21720  29.044  -48.321  20.535 0.8999999762
21722  27.126  -48.595  19.736 0.8999999762
22558  28.628  -47.849  20.244 0.8999999762
20835  26.703  -49.214  25.778 0.8999999762
20847  26.204  -49.336  25.066 0.8999999762
20849  24.994  -49.296  24.276 0.8999999762
20848  25.690  -49.373  24.627 0.8999999762
21667  24.723  -48.562  24.108 1.0000000000
20865  23.339  -49.177  23.453 0.8000000119
21653  27.068  -48.444  25.974 0.8999999762
20866  22.495  -49.601  23.099 0.6999999881
21633  29.586  -48.603  26.421 0.8999999762
106517  21.897  -48.788  22.543 0.6999999881
21685  20.066  -48.770  23.133 0.6999999881
20851  19.986  -49.164  24.116 0.5000000000
21632  30.220  -48.758  25.979 1.0000000000
20837  21.581  -49.374  25.029 0.5000000000
20836  22.337  -49.670  25.570 0.5000000000
103842  30.485  -48.260  25.587 1.0000000000
101512  30.827  -48.234  24.859 1.0000000000
22499  31.061  -47.542  24.486 1.0000000000
100791  31.026  -48.216  23.902 1.0000000000
21680  30.814  -48.892  23.190 1.0000000000
22516  31.128  -48.014  22.973 1.0000000000
118984  31.194  -47.562  23.661 1.0000000000
22548  30.378  -48.057  21.571 0.8999999762
21719  29.719  -47.950  20.932 0.8999999762
23425  30.449  -47.323  17.129 0.6999999881
22592  29.570  -47.488  17.449 0.8000000119
22593  28.696  -47.638  17.754 0.8000000119
101874  28.889  -46.965  17.553 0.8000000119
22471  27.557  -47.749  26.210 0.8999999762
22485  26.793  -47.653  25.426 1.0000000000
21665  25.989  -48.779  24.773 1.0000000000
22501  25.166  -47.875  24.256 1.0000000000
117026  24.225  -48.519  23.832 0.6999999881
21683  22.712  -48.659  23.106 0.6999999881
22470  28.446  -47.838  26.601 0.8999999762
106486  21.168  -48.798  22.398 0.6999999881
21668  20.532  -48.506  24.268 0.6000000238
101933  30.123  -47.943  26.117 0.8999999762
22469  29.389  -47.612  26.494 0.8999999762
21637  22.897  -49.021  25.833 0.4000000060
22533  31.223  -47.147  23.020 1.0000000000
22534  30.806  -47.519  22.110 1.0000000000
23373  31.082  -46.588  22.305 1.0000000000
23412  27.202  -46.214  18.607 0.8999999762
22590  31.510  -47.398  17.133 0.6000000238
22605  31.069  -47.209  16.831 0.6000000238
23437  30.754  -46.585  16.772 0.8000000119
23426  29.715  -46.570  17.270 0.8000000119
101511  28.082  -46.975  17.922 0.8999999762
23413  27.139  -46.836  18.664 0.8999999762
23303  27.932  -47.064  26.348 0.8999999762
21681  24.330  -47.899  23.831 0.8000000119
21693  22.883  -48.002  23.118 0.6999999881
21696  20.631  -48.074  22.748 0.6999999881
22503  20.873  -47.728  24.233 0.6000000238
100559  23.426  -48.317  26.116 0.4000000060
105796  30.647  -47.502  25.471 1.0000000000
22468  30.118  -46.967  26.218 0.8999999762
22498  31.308  -46.812  23.985 1.0000000000
23372  31.405  -46.300  23.180 1.0000000000
24155  30.908  -46.003  21.631 1.0000000000
23404  27.171  -46.311  18.954 0.8999999762
24194  27.400  -45.510  18.498 0.8999999762
24206  27.642  -45.328  17.821 0.8999999762
23428  27.479  -46.288  18.161 0.8999999762
111418  32.871  -45.967  17.555 0.6000000238
23436  31.534  -46.580  16.706 0.6000000238
24218  30.218  -45.760  16.852 0.8000000119
23427  28.471  -46.172  17.611 0.8999999762
22500  26.016  -47.931  24.688 0.8999999762
23339  26.393  -46.979  24.772 0.8999999762
23340  25.633  -47.002  24.240 0.8999999762
21694  22.195  -48.028  22.526 0.6000000238
113857  28.670  -47.096  26.516 1.0000000000
23302  28.391  -46.387  26.356 1.0000000000
22536  21.828  -47.188  22.179 0.6000000238
22520  20.749  -47.205  22.843 0.6000000238
22502  21.515  -47.015  24.415 0.5000000000
23318  30.314  -46.182  25.942 1.0000000000
109324  30.588  -46.713  25.643 1.0000000000
23337  31.253  -46.142  24.607 1.0000000000
23358  31.471  -46.041  23.907 1.0000000000
104977  31.356  -45.738  22.450 1.0000000000
24167  31.224  -45.234  21.712 1.0000000000
117970  30.779  -45.495  21.121 1.0000000000
23395  30.327  -46.120  20.801 1.0000000000
24179  29.766  -45.623  20.146 1.0000000000
24909  29.165  -45.115  19.607 1.0000000000
24180  29.008  -45.886  19.758 0.8999999762
23396  29.527  -46.439  20.285 0.8999999762
24188  27.553  -45.749  19.077 0.8999999762
24207  27.324  -45.616  18.213 0.8999999762
24205  28.605  -45.375  17.455 0.8999999762
24201  35.334  -45.018  17.275 0.6000000238
24202  34.435  -45.105  17.629 0.6000000238
23435  32.244  -46.260  17.012 0.6000000238
24217  31.148  -45.782  16.436 0.8000000119
23320  26.906  -46.861  25.367 0.8999999762
22519  23.483  -47.595  23.323 0.6000000238
22535  22.627  -47.382  22.666 0.6000000238
114177  21.138  -46.822  22.429 0.6000000238
23342  21.038  -46.976  23.824 0.5000000000
23300  29.806  -46.204  26.295 1.0000000000
23338  30.820  -46.142  25.340 1.0000000000
24089  29.883  -45.519  26.057 0.8999999762
24123  31.424  -45.471  24.300 1.0000000000
24141  31.551  -45.396  23.406 1.0000000000
24154  31.556  -44.848  22.538 1.0000000000
24895  31.514  -44.451  21.651 1.0000000000
24896  31.016  -44.858  20.982 1.0000000000
24178  30.433  -45.249  20.536 1.0000000000
24908  29.948  -44.840  19.926 1.0000000000
24918  27.724  -44.942  18.733 0.8999999762
24935  27.337  -44.892  18.054 0.8999999762
24951  27.953  -43.995  17.438 0.8999999762
24930  34.762  -44.349  17.525 0.6000000238
24203  33.406  -45.336  17.617 0.6000000238
24204  32.579  -45.459  17.101 0.6000000238
111250  32.222  -44.904  16.389 0.6999999881
24949  31.609  -44.990  16.221 0.6999999881
24950  30.614  -44.849  16.442 0.6999999881
24933  29.411  -44.979  17.056 0.8000000119
104869  28.784  -44.169  16.955 0.8999999762
24946  36.073  -44.960  16.628 0.6000000238
103052  31.430  -44.199  16.038 0.6999999881
106197  29.741  -44.295  16.654 0.8999999762
23361  23.253  -46.841  22.971 0.6999999881
23375  22.402  -46.648  22.224 0.6000000238
24107  27.299  -45.515  25.367 0.8999999762
104701  26.766  -46.215  25.031 0.8000000119
117170  25.557  -46.317  24.081 0.6999999881
24090  29.079  -45.751  26.312 0.8999999762
24106  28.098  -45.565  26.077 0.8000000119
24105  30.512  -45.524  25.592 1.0000000000
24842  29.596  -44.824  25.912 0.8000000119
104575  30.705  -44.841  25.306 0.8999999762
102824  30.181  -44.975  25.706 0.8000000119
24859  31.239  -44.825  24.690 1.0000000000
116643  31.563  -44.877  24.033 1.0000000000
24869  31.733  -44.469  23.410 1.0000000000
25612  31.875  -43.692  21.419 1.0000000000
24906  31.292  -44.151  20.753 1.0000000000
24907  30.638  -44.507  20.295 1.0000000000
24916  29.366  -44.356  19.345 1.0000000000
24917  28.482  -44.590  19.042 0.8999999762
24924  27.493  -44.503  18.167 0.8999999762
25672  27.778  -43.290  17.435 0.8999999762
24932  32.875  -44.618  17.174 0.6000000238
115979  31.991  -44.413  15.980 0.6999999881
25664  36.495  -43.224  16.215 0.6000000238
24929  35.608  -44.161  17.153 0.6000000238
25669  30.442  -43.856  16.313 0.6999999881
23359  24.919  -46.444  23.802 0.6999999881
23374  23.126  -46.097  22.589 0.6000000238
24125  26.642  -45.449  24.657 0.8000000119
24143  25.474  -45.691  23.843 0.6999999881
23360  23.973  -46.261  23.272 0.6999999881
24843  28.785  -44.907  26.042 0.6999999881
24844  27.890  -44.802  25.618 0.8000000119
24841  30.115  -44.175  25.611 0.6999999881
103674  31.512  -44.207  24.244 0.8000000119
25588  31.925  -43.536  23.643 0.8000000119
25587  32.344  -43.174  22.900 0.8000000119
24884  32.001  -43.926  22.551 0.8999999762
25623  31.645  -43.434  20.425 1.0000000000
25624  30.954  -43.817  19.946 1.0000000000
25634  29.646  -43.646  19.026 1.0000000000
25633  30.506  -43.408  19.245 1.0000000000
24915  30.185  -44.108  19.633 1.0000000000
25635  28.757  -43.846  18.790 1.0000000000
117789  28.208  -43.328  18.411 1.0000000000
25636  27.884  -43.969  18.405 0.8999999762
25643  27.594  -43.548  17.987 0.8999999762
116855  27.635  -43.205  17.708 0.8999999762
25652  35.253  -43.242  17.380 0.6000000238
103759  34.277  -43.576  17.527 0.6000000238
24947  33.152  -43.651  17.133 0.6000000238
24948  32.378  -44.131  16.297 0.6999999881
25671  28.320  -43.449  16.925 0.8999999762
25670  29.328  -43.609  16.570 0.8999999762
25682  32.005  -42.871  15.802 0.6999999881
25683  31.244  -43.220  15.974 0.6999999881
26412  30.018  -42.984  16.268 0.8999999762
117213  29.407  -42.063  16.214 0.8999999762
24861  27.141  -44.781  24.917 0.6999999881
24142  26.104  -45.237  24.085 0.6000000238
116949  25.228  -45.233  23.499 0.6000000238
118689  28.450  -44.274  25.648 0.6999999881
24862  26.570  -44.800  24.362 0.6000000238
99883  29.198  -44.161  25.797 0.6999999881
25562  30.411  -43.193  25.215 0.6999999881
26327  32.203  -42.643  23.433 0.8000000119
25611  32.344  -43.100  22.074 0.8000000119
26365  32.038  -42.692  20.035 0.8000000119
26376  28.964  -43.151  18.587 1.0000000000
26375  29.935  -42.945  18.689 1.0000000000
26389  29.132  -42.440  18.293 1.0000000000
26390  28.162  -42.670  18.202 1.0000000000
26391  27.639  -42.078  17.793 1.0000000000
99509  27.658  -42.700  17.753 1.0000000000
25653  33.694  -42.971  17.326 0.6000000238
26414  27.847  -42.732  16.962 0.8999999762
26410  35.961  -42.702  16.924 0.6000000238
108395  34.414  -42.658  17.511 0.6000000238
25666  33.093  -42.757  16.757 0.6999999881
26425  27.992  -42.081  16.635 0.8999999762
25667  32.457  -43.256  16.245 0.6999999881
26424  31.550  -42.467  15.754 0.6999999881
24872  24.971  -44.743  23.167 0.5000000000
25565  27.722  -44.006  25.129 0.6000000238
24870  26.211  -44.380  23.805 0.5000000000
25564  28.603  -43.581  25.464 0.6999999881
25563  29.509  -43.385  25.522 0.6999999881
100899  31.652  -42.735  24.185 0.6999999881
26340  32.502  -42.465  22.631 0.8000000119
26351  32.589  -42.330  21.696 0.8000000119
26364  32.510  -42.166  20.697 0.8000000119
26352  32.262  -42.948  21.038 0.8000000119
26372  32.318  -41.907  19.774 0.8000000119
26373  31.667  -42.272  19.103 0.8999999762
26374  30.853  -42.719  18.803 1.0000000000
27112  32.048  -41.555  19.133 0.8000000119
26387  31.029  -42.043  18.505 0.8999999762
26388  30.204  -42.209  18.343 1.0000000000
27122  29.420  -41.667  17.918 1.0000000000
27131  27.363  -41.439  17.301 1.0000000000
26404  27.443  -41.983  17.344 0.8999999762
98728  27.583  -42.616  17.393 0.8999999762
26415  27.375  -42.008  17.039 0.8999999762
26401  35.234  -42.247  17.422 0.6000000238
26411  32.525  -42.410  16.055 0.6999999881
27146  31.316  -41.829  15.625 0.8000000119
109704  33.278  -41.220  16.569 0.6999999881
26423  32.046  -42.020  15.582 0.6999999881
27147  30.361  -41.586  15.805 0.8000000119
27148  29.449  -41.308  15.937 0.8999999762
116447  31.842  -41.347  15.447 0.6999999881
27917  30.040  -40.847  15.688 0.8999999762
25580  26.900  -44.146  24.409 0.5000000000
25590  25.865  -43.677  23.293 0.5000000000
25579  27.927  -43.112  24.989 0.6999999881
25589  26.628  -43.365  23.852 0.5000000000
26308  28.819  -42.693  25.239 0.6999999881
26306  30.304  -42.197  24.881 0.6999999881
26307  29.688  -42.668  25.266 0.6999999881
26319  31.187  -42.084  24.483 0.6999999881
27065  32.339  -41.821  23.188 0.6999999881
27091  32.840  -41.567  21.368 0.8000000119
27102  32.730  -41.385  20.438 0.8000000119
27111  32.481  -41.108  19.595 0.8000000119
27120  31.500  -41.485  18.560 0.8000000119
27121  30.559  -41.344  18.022 0.8999999762
103150  28.580  -41.040  17.635 1.0000000000
27123  28.207  -41.884  17.931 1.0000000000
27119  32.046  -40.875  18.804 0.8000000119
27876  31.338  -40.635  18.098 0.8000000119
102679  29.662  -40.918  17.689 0.8999999762
27879  27.826  -40.276  17.510 1.0000000000
27124  27.565  -41.118  17.468 1.0000000000
27891  27.118  -40.699  17.085 1.0000000000
27140  27.225  -41.290  17.060 1.0000000000
27904  26.946  -40.433  16.969 1.0000000000
27149  28.410  -41.338  16.282 0.8999999762
27130  33.652  -41.600  17.165 0.6999999881
27919  27.738  -40.502  16.401 0.8999999762
27129  35.222  -41.474  17.446 0.6000000238
26402  34.384  -41.684  17.481 0.6000000238
27918  28.958  -40.712  15.891 0.8999999762
27890  33.891  -40.962  17.220 0.6999999881
27139  32.628  -41.547  15.858 0.6999999881
27915  32.378  -40.835  15.476 0.6999999881
100326  31.026  -41.084  15.548 0.6999999881
103825  30.678  -40.260  15.469 0.8000000119
27916  31.624  -40.555  15.347 0.6999999881
103009  29.600  -40.078  15.663 0.8000000119
28697  28.876  -39.281  15.735 0.8999999762
28695  31.345  -39.683  15.250 0.6999999881
26322  27.349  -42.733  24.338 0.5000000000
26320  29.363  -42.025  24.995 0.6999999881
118349  28.690  -42.022  24.881 0.5000000000
115009  31.353  -41.527  24.179 0.6999999881
27054  30.706  -41.461  24.484 0.6999999881
27066  31.799  -41.249  23.659 0.6999999881
113554  31.133  -40.917  24.099 0.6999999881
27818  32.427  -40.846  22.967 0.6999999881
27077  32.701  -41.643  22.336 0.6999999881
27829  33.032  -40.795  21.938 0.6999999881
100070  33.067  -40.940  21.048 0.8000000119
27855  32.922  -40.508  20.288 0.8000000119
27868  32.518  -40.275  19.334 0.8000000119
28654  32.549  -39.330  19.090 0.8000000119
28660  31.921  -39.245  18.310 0.8000000119
27877  30.343  -40.258  17.644 0.8000000119
27878  29.028  -40.236  17.565 0.8999999762
27880  27.220  -40.293  17.280 1.0000000000
29426  31.484  -38.642  17.895 0.8000000119
116734  30.462  -39.523  17.560 0.8000000119
28672  26.825  -39.861  17.012 1.0000000000
115115  35.582  -41.002  17.353 0.6000000238
28699  27.062  -39.888  16.737 1.0000000000
27903  33.570  -40.579  16.587 0.6999999881
27914  33.029  -40.709  15.892 0.6999999881
110242  28.602  -40.053  15.909 0.8999999762
28698  27.829  -39.637  16.210 1.0000000000
100301  32.902  -40.030  15.419 0.6999999881
100337  32.199  -39.959  15.191 0.8000000119
27820  30.877  -40.183  23.965 0.6999999881
27819  31.657  -40.447  23.631 0.6999999881
28601  32.188  -39.822  23.250 0.6999999881
28613  32.778  -40.023  22.526 0.6999999881
28612  33.091  -39.400  22.112 0.6999999881
27843  33.201  -40.286  21.189 0.6999999881
28627  33.279  -39.588  21.360 0.6999999881
28641  33.185  -39.717  20.601 0.8000000119
28642  32.883  -39.764  19.872 0.8000000119
29425  32.208  -38.539  18.541 0.8000000119
29418  32.772  -38.401  19.293 0.8000000119
28662  29.562  -39.381  17.472 0.8999999762
28663  28.176  -39.515  17.523 0.8999999762
29427  30.524  -38.785  17.512 0.8000000119
29429  28.562  -38.740  17.429 0.8999999762
28664  27.306  -39.671  17.328 0.8999999762
28671  34.857  -39.947  17.150 0.6000000238
29439  27.932  -38.178  17.127 0.8999999762
99451  27.346  -38.540  16.886 0.8999999762
28682  26.803  -39.730  16.956 1.0000000000
27901  35.618  -40.233  17.185 0.6000000238
29461  27.526  -38.269  16.124 0.8999999762
28693  33.402  -39.287  15.316 0.6999999881
29460  28.405  -38.283  15.656 0.8999999762
28696  30.242  -39.310  15.435 0.8999999762
30255  29.494  -38.619  15.480 0.8000000119
100356  32.616  -39.174  22.834 0.6999999881
105922  33.328  -39.113  20.865 0.6999999881
29390  33.293  -38.891  21.526 0.6999999881
28653  33.135  -38.974  20.055 0.6999999881
29428  29.546  -38.547  17.418 0.8000000119
30231  30.006  -37.894  17.423 0.8000000119
30241  29.377  -37.209  17.229 0.8000000119
100201  26.999  -39.271  16.935 0.8999999762
27902  34.179  -40.238  16.932 0.6000000238
30232  28.933  -37.963  17.310 0.8000000119
30242  28.326  -37.334  17.003 0.8999999762
30249  27.420  -37.613  16.259 0.8999999762
29447  27.396  -38.422  16.504 0.8999999762
28679  35.348  -39.404  16.801 0.6000000238
28681  33.631  -39.871  16.087 0.6999999881
29476  27.670  -37.533  15.811 0.8999999762
28694  32.713  -39.337  15.012 0.6999999881
30256  29.466  -37.790  15.308 0.8000000119
116756  31.566  -38.572  14.953 0.6999999881
29459  30.340  -38.394  15.272 0.8000000119
29361  32.000  -38.861  23.438 0.6999999881
29376  33.010  -38.625  22.242 0.6999999881
111478  33.312  -38.232  21.666 0.6999999881
30230  30.983  -37.762  17.628 0.8000000119
30240  30.307  -37.112  17.454 0.8000000119
31026  28.835  -36.525  16.834 0.8000000119
30243  27.618  -37.538  16.603 0.8999999762
113623  27.271  -36.774  16.017 0.8999999762
28692  34.180  -39.061  15.799 0.6000000238
30258  27.362  -37.548  16.089 0.8999999762
28708  33.156  -38.753  14.820 0.6999999881
30272  28.159  -36.932  15.468 0.8999999762
103781  31.985  -38.239  14.781 0.6999999881
29475  31.140  -38.088  14.960 0.8000000119
30271  28.989  -36.940  15.207 0.8000000119
30269  31.592  -37.562  14.707 0.6999999881
99912  30.889  -37.276  14.785 0.8000000119
31047  31.602  -36.734  14.459 0.8000000119
29377  32.529  -38.312  22.832 0.6999999881
30179  33.057  -37.722  22.210 0.6000000238
114948  35.400  -38.445  15.760 0.6000000238
31918  28.198  -35.641  16.462 0.8000000119
31937  27.367  -35.654  15.929 0.8999999762
31038  27.251  -36.161  15.941 0.8999999762
29456  34.675  -38.494  15.453 0.6000000238
31051  27.601  -36.100  15.562 0.8999999762
105914  32.788  -38.159  14.609 0.8000000119
31050  28.353  -36.148  15.103 0.8999999762
30270  29.991  -37.073  14.986 0.8000000119
31046  32.650  -36.690  14.315 0.6999999881
31048  30.522  -36.465  14.595 0.8000000119
31948  29.976  -35.513  14.472 0.8000000119
29473  34.359  -38.103  14.820 0.6999999881
32793  27.563  -35.097  16.053 0.8000000119
30266  34.868  -37.560  14.546 0.5000000000
108683  33.552  -38.117  14.653 0.6000000238
30267  34.016  -37.483  14.451 0.6000000238
109074  33.151  -37.465  14.418 0.6999999881
31949  28.797  -35.453  14.736 0.8000000119
31045  33.607  -36.732  14.292 0.6000000238
31945  33.141  -35.861  14.172 0.6000000238
31946  32.117  -35.800  14.106 0.6999999881
31947  31.072  -35.788  14.269 0.8000000119
31049  29.461  -36.282  14.819 0.8000000119
117030  32.677  -35.403  13.987 0.6000000238
32803  27.637  -34.823  15.722 0.8000000119
32809  27.754  -34.588  15.198 0.8000000119
108005  28.260  -34.591  14.780 0.8999999762
31044  34.595  -36.803  14.326 0.6000000238
31962  30.652  -35.039  14.187 0.8000000119
118491  29.143  -34.839  14.489 0.8000000119
31960  32.252  -34.953  13.849 0.6000000238
32802  27.963  -34.105  15.346 0.8000000119
32807  28.963  -34.065  14.460 0.8000000119
31944  34.077  -36.013  14.322 0.6000000238
31959  33.746  -35.375  14.217 0.6000000238
32806  29.889  -34.578  14.246 0.8000000119
32820  30.678  -34.230  13.818 0.6999999881
32821  29.746  -33.725  13.983 0.8000000119
109791  33.392  -34.121  13.654 0.6000000238
33676  31.822  -33.433  13.370 0.6000000238
115879  31.084  -33.606  13.488 0.6999999881
32816  34.779  -34.534  14.258 0.6000000238
117762  34.161  -34.091  13.894 0.6000000238
34545  30.100  -32.571  14.971 0.8000000119
33666  28.821  -33.267  14.666 0.8000000119
31943  34.946  -36.004  14.349 0.6000000238
34546  29.031  -33.003  14.613 0.8000000119
32814  36.410  -34.849  13.910 0.5000000000
107095  30.212  -32.294  13.376 0.8000000119
33678  29.602  -32.919  13.758 0.8000000119
31957  35.483  -35.225  14.308 0.6000000238
31958  34.491  -35.304  14.349 0.6000000238
34563  30.956  -32.761  13.240 0.6000000238
32815  35.642  -34.237  14.169 0.6000000238
106932  34.832  -33.716  14.009 0.6000000238
33675  32.760  -33.316  13.320 0.6000000238
33673  35.646  -33.341  13.856 0.6000000238
33674  34.776  -32.866  13.745 0.6000000238
34560  34.021  -32.332  13.376 0.6000000238
34561  33.001  -32.446  13.040 0.6000000238
35384  29.814  -32.257  14.134 0.8000000119
34552  29.235  -33.029  14.115 0.8000000119
35383  30.434  -32.088  14.312 0.8000000119
35391  30.319  -31.821  13.602 0.6999999881
35392  29.995  -32.143  13.666 0.6999999881
116429  36.448  -33.928  13.683 0.6000000238
34562  31.836  -32.378  12.956 0.6000000238
34573  31.335  -31.422  12.652 0.6000000238
34574  30.706  -31.720  12.889 0.6999999881
34558  36.454  -32.924  13.379 0.5000000000
35401  33.287  -31.655  12.821 0.6000000238
35398  36.132  -31.911  13.353 0.5000000000
108041  34.804  -32.153  13.592 0.6000000238
35400  34.317  -31.609  13.205 0.6000000238
35409  37.304  -31.804  11.977 0.5000000000
35390  31.049  -31.393  13.870 0.6999999881
35402  30.644  -31.187  13.110 0.6000000238
103059  30.827  -31.028  12.778 0.6000000238
35415  30.561  -31.246  12.941 0.6000000238
35414  31.490  -30.690  12.554 0.6000000238
36342  30.980  -30.623  12.915 0.6000000238
35410  36.563  -31.439  12.622 0.5000000000
99826  35.709  -31.131  12.937 0.6000000238
35411  34.722  -30.981  12.943 0.6000000238
34572  32.247  -31.601  12.619 0.6000000238
36348  36.251  -30.525  12.303 0.6000000238
35424  37.426  -31.044  11.444 0.5000000000
36359  36.965  -30.384  11.666 0.5000000000
36358  37.548  -30.323  11.047 0.4000000060
37302  37.710  -29.505  10.688 0.5000000000
36341  31.378  -30.094  12.944 0.6000000238
36350  34.100  -30.298  12.431 0.6000000238
36351  32.950  -30.263  12.179 0.6000000238
36352  31.651  -29.901  12.635 0.6000000238
36349  35.192  -30.358  12.575 0.6000000238
37277  34.600  -29.641  12.244 0.6000000238
102775  36.413  -29.855  11.785 0.6000000238
37289  37.017  -29.637  11.303 0.5000000000
37301  38.491  -29.272  10.318 0.4000000060
38114  37.941  -28.714  10.385 0.4000000060
37278  33.386  -29.595  12.001 0.6000000238
36335  31.075  -30.611  13.222 0.5000000000
37293  32.888  -28.938  11.836 0.5000000000
37276  35.627  -29.718  12.142 0.6000000238
37290  36.166  -29.065  11.530 0.5000000000
37303  37.102  -28.857  10.873 0.4000000060
36334  31.826  -30.027  13.484 0.4000000060
37292  33.971  -28.954  11.883 0.6000000238
38115  36.356  -28.130  11.005 0.4000000060
37291  35.089  -28.988  11.918 0.6000000238
38105  34.510  -28.433  11.724 0.6000000238
38106  33.452  -28.179  11.742 0.4000000060
38107  32.678  -28.316  11.928 0.4000000060
38104  35.387  -28.347  11.497 0.4000000060
104577  37.402  -28.140  10.538 0.4000000060
38886  34.487  -27.702  11.507 0.4000000060
38084  33.085  -28.616  13.522 0.4000000060
38864  32.631  -27.831  12.744 0.4000000060
110028  33.459  -27.421  11.636 0.4000000060
38901  35.945  -27.294  10.838 0.4000000060
38116  35.467  -27.706  11.200 0.4000000060
38902  34.953  -26.984  11.052 0.4000000060
38887  33.899  -26.871  11.392 0.4000000060
38870  32.753  -27.157  12.254 0.4000000060
38877  32.535  -27.715  12.176 0.4000000060
39739  35.527  -26.668  10.724 0.3000000119
38888  32.821  -27.575  11.852 0.4000000060
101672  32.952  -27.236  12.789 0.4000000060
38876  32.732  -27.144  11.946 0.4000000060
116450  27.404  -47.119  18.405 0.8999999762
22578  26.870  -47.392  18.894 0.8999999762
117642  27.083  -47.270  18.682 0.8999999762
21747  26.640  -48.098  18.956 0.8999999762
108942  30.315  -47.486  21.351 0.8999999762
23385  30.563  -46.796  21.484 1.0000000000
21721  28.148  -48.462  20.250 0.8999999762
118483  29.435  -48.684  20.926 0.8999999762
22557  29.200  -47.304  20.331 0.8999999762
22559  27.714  -47.869  19.844 0.8999999762
117407  29.194  -47.863  20.498 0.8999999762
108719  28.272  -47.269  19.841 0.8999999762
23386  29.986  -47.041  20.812 1.0000000000
23399  27.025  -47.049  19.117 0.8999999762
24181  28.253  -46.035  19.474 0.8999999762
37280  32.159  -29.285  12.431 0.4000000060
37294  32.475  -28.966  12.052 0.4000000060
37270  32.038  -29.423  12.873 0.4000000060
37264  32.558  -29.275  13.478 0.4000000060
105887  28.157  -52.084  27.355 0.8999999762
19160  29.799  -51.706  25.706 1.0000000000
18318  25.753  -52.349  25.670 0.8999999762
18358  29.492  -52.425  22.615 0.8000000119
99322  27.998  -49.210  26.859 0.8999999762
20026  30.306  -50.551  23.050 0.8999999762
20887  28.649  -49.920  20.659 0.8999999762
20888  27.498  -49.896  20.322 0.8000000119
21733  26.627  -48.332  19.149 0.8000000119
106311  26.452  -48.552  25.238 0.8999999762
21666  25.449  -48.640  24.463 1.0000000000
21684  20.395  -48.107  23.365 0.6000000238
21655  22.114  -48.779  25.217 0.4000000060
21656  21.230  -48.529  24.699 0.4000000060
21760  28.467  -48.266  17.979 0.6999999881
24219  29.325  -45.767  17.274 0.8000000119
116823  27.315  -47.127  25.841 0.8999999762
23405  27.001  -46.879  18.941 0.8999999762
22591  30.921  -47.856  17.088 0.6000000238
22518  24.163  -47.056  23.552 0.6999999881
21654  22.636  -48.117  25.469 0.4000000060
108290  27.456  -47.306  19.503 0.8999999762
24934  28.265  -44.703  17.436 0.8999999762
24216  31.916  -45.715  16.469 0.6999999881
24126  26.099  -46.135  24.349 0.8000000119
23319  27.479  -46.370  25.808 0.8999999762
23397  28.710  -46.605  19.828 0.8999999762
24910  28.329  -45.375  19.300 0.8999999762
23398  27.652  -46.587  19.386 0.8999999762
116140  27.567  -44.544  17.799 0.8999999762
23387  21.670  -45.888  21.772 0.5000000000
24124  31.059  -45.488  25.029 1.0000000000
99595  27.511  -43.982  17.868 0.8999999762
24860  30.924  -44.090  25.015 0.8000000119
25668  31.992  -43.751  15.845 0.6999999881
26413  28.761  -42.836  16.562 0.8999999762
98881  30.702  -42.360  15.920 0.8000000119
119452  23.784  -45.645  22.904 0.6000000238
25578  31.290  -43.404  24.581 0.6999999881
25632  31.336  -43.103  19.525 1.0000000000
26377  27.761  -43.024  18.090 1.0000000000
108002  25.638  -44.942  23.609 0.6000000238
24157  23.135  -45.346  22.263 0.5000000000
100031  30.966  -42.711  24.724 0.6999999881
24871  25.602  -44.346  23.350 0.5000000000
26328  31.815  -42.007  23.891 0.6999999881
27150  27.369  -41.310  16.817 0.8999999762
26321  28.095  -42.358  24.738 0.6000000238
27869  31.984  -40.020  18.487 0.8000000119
28661  31.220  -39.617  17.796 0.8000000119
27055  29.842  -41.383  24.653 0.6999999881
116553  33.158  -40.037  21.853 0.6999999881
29430  27.517  -38.983  17.326 0.8999999762
29474  32.527  -38.734  14.793 0.8000000119
109599  31.124  -38.859  15.149 0.8000000119
104460  31.809  -37.808  18.212 0.8000000119
30257  28.482  -37.488  15.479 0.8999999762
31928  27.365  -35.976  16.124 0.8999999762
31951  27.509  -35.426  15.579 0.8999999762
31961  31.429  -35.021  13.990 0.6999999881
108000  33.104  -34.967  13.894 0.6000000238
32818  32.509  -34.208  13.547 0.6000000238
33677  30.288  -33.237  13.519 0.8000000119
34564  29.767  -32.429  13.742 0.6999999881
34559  35.543  -32.452  13.642 0.6000000238
35412  33.655  -30.957  12.637 0.6000000238
118626  32.123  -30.209  12.362 0.6000000238
38089  32.449  -28.549  13.013 0.4000000060
38094  32.375  -28.546  12.456 0.4000000060
38863  33.370  -27.871  13.396 0.4000000060
39722  34.193  -26.255  10.976 0.4000000060
22568  26.752  -47.573  19.008 0.8999999762
12348  26.520  -60.188  29.100 0.4000000060
12986  26.067  -59.565  29.291 0.4000000060
13633  25.469  -59.068  29.218 0.4000000060
104064  27.379  -59.020  28.453 0.4000000060
13649  26.250  -58.829  29.051 0.4000000060
12999  24.755  -58.590  28.744 0.4000000060
13660  28.352  -58.102  27.241 0.3000000119
113716  26.869  -58.687  28.746 0.4000000060
14327  28.620  -57.594  26.404 0.4000000060
14337  28.608  -57.612  25.285 0.4000000060
14347  28.736  -56.978  24.676 0.4000000060
15029  28.816  -56.475  23.922 0.4000000060
13650  25.659  -58.273  28.875 0.5000000000
118337  27.599  -57.321  28.304 0.4000000060
107871  26.488  -58.101  28.738 0.4000000060
15005  28.773  -56.645  26.802 0.5000000000
15014  28.882  -56.670  25.727 0.4000000060
15023  29.076  -56.131  24.785 0.4000000060
15780  29.144  -55.695  23.945 0.5000000000
108262  28.796  -55.976  23.177 0.5000000000
15796  28.573  -55.420  22.360 0.6000000238
110336  28.404  -56.231  22.555 0.5000000000
15797  27.902  -55.188  21.591 0.6000000238
15805  27.052  -54.940  21.028 0.4000000060
14305  25.888  -57.372  28.604 0.5000000000
14320  25.198  -57.136  28.185 0.5000000000
14321  24.617  -57.455  27.734 0.5000000000
13662  23.926  -57.980  27.196 0.5000000000
14985  27.457  -56.540  28.356 0.6000000238
14304  26.867  -57.327  28.564 0.6000000238
15000  28.460  -56.435  27.600 0.5000000000
15739  28.326  -55.705  27.766 0.6000000238
117197  28.987  -56.014  26.399 0.5000000000
15786  29.357  -55.040  23.893 0.6000000238
15787  29.111  -55.235  23.207 0.6000000238
16643  29.044  -54.581  22.597 0.6000000238
16644  28.542  -54.566  21.833 0.6000000238
17496  28.350  -53.843  21.448 0.6000000238
18368  27.305  -52.712  20.758 0.6000000238
16651  27.768  -54.426  21.274 0.6000000238
17509  26.972  -53.305  20.738 0.6000000238
17510  25.914  -53.340  20.386 0.6000000238
14987  25.644  -56.562  28.222 0.5000000000
14328  24.289  -57.174  26.791 0.5000000000
14329  23.647  -57.509  26.307 0.5000000000
14986  26.457  -56.583  28.459 0.6000000238
101788  28.787  -55.869  27.126 0.6000000238
15754  28.114  -54.901  27.761 0.6000000238
15763  28.671  -55.215  27.334 0.6000000238
15013  29.213  -55.681  25.684 0.6000000238
15779  29.385  -55.179  24.757 0.6000000238
17495  29.002  -53.800  22.116 0.6000000238
18369  26.396  -52.648  20.498 0.6000000238
19222  26.035  -52.047  20.259 0.6999999881
15001  24.936  -56.611  27.505 0.6000000238
15007  24.493  -56.392  26.507 0.5000000000
15008  23.926  -56.817  25.931 0.5000000000
15741  26.933  -55.805  28.366 0.6000000238
15742  26.126  -55.988  28.238 0.6000000238
106908  25.548  -55.853  27.755 0.6000000238
15016  23.793  -56.288  25.376 0.5000000000
99586  23.255  -56.847  25.347 0.5000000000
16587  27.248  -55.006  28.043 0.6000000238
15770  29.426  -54.795  25.760 0.6000000238
19230  26.060  -51.251  20.211 0.6999999881
15764  25.532  -55.042  27.275 0.6000000238
15006  25.009  -55.788  26.993 0.6000000238
113892  24.674  -55.751  26.276 0.6000000238
15755  26.285  -55.236  27.954 0.6000000238
15765  25.065  -55.170  26.401 0.6000000238
15771  24.599  -55.342  25.703 0.6000000238
15772  24.024  -55.617  25.219 0.6000000238
15024  23.317  -55.981  24.804 0.6000000238
114474  26.004  -54.721  27.567 0.6000000238
15030  21.931  -56.207  24.068 0.5000000000
15788  21.963  -55.382  23.852 0.6000000238
20064  25.945  -50.639  19.920 0.6999999881
16619  24.365  -54.720  25.159 0.6000000238
17430  26.296  -53.618  27.282 0.6000000238
16613  25.445  -54.471  26.556 0.6000000238
16614  25.024  -54.574  25.730 0.6000000238
15781  23.609  -55.099  24.732 0.6000000238
110138  22.814  -55.253  24.342 0.6000000238
16598  26.585  -54.394  27.707 0.6000000238
16637  22.288  -54.514  23.836 0.6000000238
16597  27.486  -54.228  27.783 0.6000000238
17449  29.104  -53.773  26.926 0.6000000238
106522  26.216  -50.019  19.681 0.6999999881
20907  26.237  -49.679  19.259 0.6999999881
101758  26.923  -53.668  27.648 0.6000000238
17462  25.109  -53.858  25.472 0.6999999881
17428  27.741  -53.378  27.619 0.6000000238
101976  26.416  -48.928  19.052 0.6999999881
118055  25.412  -54.007  26.016 0.6999999881
17429  26.850  -52.974  27.433 0.6999999881
17450  26.145  -52.850  26.689 0.6999999881
16628  23.751  -54.222  24.637 0.6999999881
17475  22.980  -53.744  24.091 0.6999999881
105478  23.280  -52.987  24.046 0.6000000238
22594  27.871  -47.694  18.180 0.8000000119
101753  25.539  -53.306  25.909 0.6999999881
18332  24.528  -52.827  24.731 0.6999999881
17474  23.810  -53.342  24.484 0.6999999881
17497  20.817  -53.842  22.638 0.5000000000
18333  23.821  -52.512  24.274 0.6999999881
17485  22.669  -53.009  23.606 0.6000000238
17487  21.401  -53.262  22.845 0.6000000238
31025  29.804  -36.470  17.191 0.6999999881
30229  31.465  -37.054  18.064 0.6999999881
29404  33.437  -38.333  20.834 0.6000000238
29417  33.266  -38.027  19.925 0.6000000238
30239  30.915  -36.940  17.680 0.6999999881
31024  30.570  -36.388  17.506 0.6999999881
31917  29.334  -35.781  16.842 0.6999999881
115030  28.076  -34.726  16.239 0.6999999881
30196  33.472  -37.547  21.387 0.6000000238
30220  33.294  -37.240  19.708 0.6000000238
30228  32.158  -37.077  18.576 0.6999999881
31023  31.216  -36.353  17.877 0.6999999881
31916  29.748  -35.179  16.992 0.6999999881
32792  28.981  -34.962  16.608 0.6999999881
33653  28.360  -33.727  15.517 0.6999999881
30207  33.525  -37.426  20.487 0.6000000238
31007  32.536  -36.306  18.855 0.6000000238
112479  32.067  -35.968  18.540 0.6999999881
31915  30.899  -35.658  17.647 0.6999999881
32791  29.784  -34.443  16.805 0.6999999881
113047  29.596  -33.877  16.421 0.6999999881
110414  29.221  -33.523  15.856 0.6999999881
105550  33.613  -36.730  21.067 0.6000000238
109821  33.515  -36.648  20.176 0.6000000238
31895  33.039  -35.570  19.332 0.5000000000
31905  32.356  -35.527  18.668 0.6000000238
32789  32.182  -34.297  18.053 0.5000000000
105667  30.718  -34.227  17.227 0.6999999881
34534  31.697  -33.053  16.371 0.6999999881
34544  30.661  -32.534  15.153 0.6999999881
40664  38.815  -25.879  10.896 0.3000000119
39736  38.241  -26.804  10.471 0.3000000119
38900  36.866  -27.448  10.647 0.3000000119
103221  25.885  -60.213  29.426 0.4000000060
12987  25.347  -59.877  29.476 0.3000000119
12337  24.539  -60.399  29.640 0.4000000060
13011  27.783  -59.542  27.728 0.3000000119
12989  23.946  -59.988  29.245 0.4000000060
13672  28.419  -58.431  26.531 0.4000000060
117238  24.241  -59.023  28.711 0.4000000060
13685  28.444  -58.390  25.695 0.4000000060
113075  28.507  -57.664  24.460 0.4000000060
14357  28.534  -57.256  23.829 0.4000000060
15039  28.560  -56.746  23.121 0.5000000000
15798  27.130  -55.595  21.228 0.4000000060
13663  23.282  -58.670  27.267 0.4000000060
16652  26.641  -54.114  20.750 0.5000000000
13673  23.228  -58.174  26.527 0.5000000000
18370  25.700  -52.654  20.135 0.6000000238
14330  23.023  -57.670  25.790 0.5000000000
14338  22.483  -57.334  25.088 0.5000000000
19242  25.783  -51.195  19.895 0.6000000238
15025  22.582  -56.553  24.676 0.5000000000
15031  21.288  -56.531  23.577 0.4000000060
20077  25.887  -50.481  19.425 0.6999999881
116928  21.696  -54.819  23.520 0.5000000000
20938  26.751  -48.774  18.778 0.6999999881
16638  21.430  -54.245  23.138 0.5000000000
21761  27.703  -48.458  18.342 0.6999999881
109740  19.647  -53.855  22.666 0.5000000000
109940  20.700  -53.092  22.506 0.6000000238
27807  30.353  -40.742  24.326 0.6000000238
30991  33.557  -35.970  20.699 0.5000000000
31882  33.460  -35.212  20.236 0.5000000000
32777  32.741  -34.693  18.773 0.5000000000
33650  31.827  -33.381  17.096 0.5000000000
35381  32.225  -31.973  15.092 0.5000000000
98920  37.808  -25.927  10.772 0.3000000119
39737  37.317  -26.748  10.567 0.3000000119
17427  28.599  -53.582  27.327 0.6000000238
16612  28.806  -54.432  27.221 0.6000000238
15762  29.128  -55.196  26.623 0.6000000238
19180  24.499  -51.990  24.470 0.8000000119
19221  26.959  -51.956  20.554 0.6999999881
104410  32.474  -37.777  18.815 0.6999999881
32798  27.879  -34.375  15.870 0.6999999881
35382  31.314  -32.001  14.605 0.6000000238
99137  37.805  -27.524  10.399 0.3000000119
22595  27.052  -47.784  18.626 0.8000000119
20936  28.615  -49.100  18.040 0.6999999881
31016  31.812  -36.395  18.386 0.6999999881
12998  26.736  -59.346  28.912 0.4000000060
14319  28.030  -57.722  27.945 0.4000000060
13010  28.242  -58.940  27.089 0.3000000119
14318  28.464  -57.243  27.402 0.5000000000
13651  23.903  -58.669  28.116 0.5000000000
117691  26.546  -55.290  20.858 0.4000000060
112748  22.791  -58.730  26.752 0.5000000000
17486  22.116  -53.619  23.435 0.6000000238
110625  30.430  -34.977  17.357 0.6999999881
33640  28.706  -34.138  16.236 0.6999999881
30221  32.824  -37.107  19.104 0.6999999881
31006  33.170  -36.488  19.487 0.6000000238
31906  31.635  -35.657  18.206 0.6999999881
114398  33.422  -35.992  19.934 0.6000000238
32778  32.007  -34.984  18.337 0.6000000238
32790  31.338  -34.795  17.774 0.6999999881
33639  30.260  -33.905  16.758 0.6999999881
33652  30.135  -33.504  16.252 0.6999999881
32763  33.248  -34.685  19.581 0.5000000000
33638  31.573  -33.918  17.475 0.5000000000
33651  30.996  -33.567  16.799 0.5000000000
34542  32.430  -32.552  15.996 0.5000000000
34543  31.554  -32.554  15.522 0.6999999881
31870  33.446  -35.232  21.198 0.5000000000
33623  32.853  -33.912  18.364 0.5000000000
33637  32.537  -33.523  17.637 0.5000000000
20924  26.291  -49.702  18.958 0.6000000238
20937  27.625  -49.183  18.438 0.6000000238
105345  30.032  -48.717  17.503 0.5000000000
20922  28.135  -49.895  18.304 0.6000000238
21746  31.816  -48.562  18.224 0.5000000000
21758  30.662  -48.537  17.439 0.5000000000
102753  30.212  -48.086  17.346 0.6000000238
20030  18.709  -50.900  23.577 0.5000000000
22589  32.736  -47.444  18.108 0.5000000000
21757  31.267  -48.209  17.460 0.5000000000
22588  33.672  -47.153  18.099 0.5000000000
19184  18.677  -50.761  23.996 0.4000000060
18334  19.479  -51.379  24.579 0.4000000060
19165  20.463  -51.291  24.802 0.4000000060
107202  32.182  -47.251  17.552 0.5000000000
23421  34.600  -46.629  17.720 0.5000000000
23423  32.704  -46.711  17.700 0.5000000000
19163  21.826  -51.117  25.481 0.4000000060
107547  35.021  -45.796  17.464 0.5000000000
23422  33.550  -46.241  17.830 0.5000000000
19998  22.454  -50.599  25.874 0.4000000060
23378  21.069  -46.319  22.524 0.4000000060
22487  22.392  -47.257  25.024 0.4000000060
22486  23.262  -47.474  25.662 0.3000000119
24885  25.133  -43.937  22.916 0.4000000060
24158  22.297  -45.853  21.832 0.4000000060
24160  21.249  -45.538  22.341 0.4000000060
25601  25.339  -43.141  22.779 0.4000000060
105916  21.344  -44.815  21.788 0.4000000060
24129  21.461  -46.085  23.773 0.4000000060
115624  21.049  -44.401  22.010 0.4000000060
24159  21.292  -44.974  22.279 0.4000000060
23341  22.192  -46.449  24.634 0.4000000060
23323  23.089  -46.669  25.199 0.4000000060
24886  24.248  -44.219  22.545 0.4000000060
24887  23.278  -44.553  22.019 0.4000000060
24168  22.400  -44.944  21.603 0.4000000060
26330  26.080  -42.800  23.157 0.4000000060
25602  24.475  -43.411  22.387 0.4000000060
24897  22.474  -44.087  21.370 0.4000000060
24898  21.609  -44.388  21.455 0.4000000060
99520  21.148  -43.720  21.768 0.4000000060
25593  21.153  -43.754  22.206 0.4000000060
24128  22.272  -45.793  24.382 0.4000000060
25592  22.018  -43.581  22.874 0.4000000060
24863  23.234  -44.576  24.409 0.4000000060
24110  22.855  -46.046  24.809 0.4000000060
116396  28.285  -41.755  24.529 0.4000000060
26342  25.572  -42.372  22.563 0.4000000060
26343  24.769  -42.645  22.235 0.4000000060
25613  23.810  -42.890  21.709 0.4000000060
27056  27.647  -41.933  24.143 0.4000000060
26341  26.258  -41.997  22.824 0.4000000060
26354  24.268  -42.105  21.619 0.4000000060
26355  22.073  -42.654  20.997 0.4000000060
25615  21.797  -43.526  21.254 0.4000000060
25605  21.084  -43.201  21.932 0.4000000060
25604  21.414  -43.099  22.277 0.4000000060
25591  23.036  -43.339  23.541 0.4000000060
103637  28.931  -41.379  24.590 0.5000000000
116585  28.163  -41.162  24.008 0.5000000000
118530  26.745  -41.574  23.033 0.4000000060
26353  25.086  -42.012  22.080 0.4000000060
25616  21.468  -42.964  21.555 0.4000000060
117172  28.803  -40.858  24.211 0.5000000000
27823  27.673  -40.599  23.291 0.4000000060
27080  25.701  -41.616  22.307 0.4000000060
27822  28.616  -40.312  23.806 0.4000000060
27078  26.955  -40.922  22.878 0.4000000060
115867  26.355  -41.250  22.582 0.4000000060
27092  24.904  -41.303  21.712 0.4000000060
114203  28.306  -38.762  23.061 0.4000000060
28614  27.501  -39.186  22.448 0.4000000060
28615  26.780  -39.429  22.078 0.4000000060
28603  30.684  -39.421  23.871 0.5000000000
28604  29.781  -39.173  23.837 0.5000000000
104455  29.115  -38.742  23.529 0.4000000060
29378  27.635  -38.338  22.411 0.4000000060
29379  27.007  -38.704  21.995 0.4000000060
113661  26.423  -38.973  21.777 0.3000000119
28605  28.849  -39.412  23.596 0.5000000000
28606  27.979  -39.714  23.135 0.4000000060
27830  27.136  -40.081  22.569 0.4000000060
27079  26.540  -40.609  22.438 0.4000000060
114333  25.820  -40.104  21.755 0.4000000060
27831  26.396  -40.079  22.090 0.4000000060
29363  30.565  -38.627  23.734 0.5000000000
29364  29.734  -38.309  23.627 0.5000000000
30181  28.292  -37.856  22.887 0.4000000060
29362  31.335  -38.241  23.546 0.5000000000
30165  30.474  -37.697  23.575 0.5000000000
29365  28.955  -38.109  23.368 0.4000000060
30167  28.856  -37.463  23.285 0.4000000060
30182  27.627  -37.478  22.471 0.4000000060
29391  27.054  -37.925  21.968 0.3000000119
29392  26.404  -38.296  21.665 0.3000000119
30198  25.645  -37.905  21.319 0.3000000119
30164  31.381  -37.362  23.359 0.5000000000
30163  32.021  -37.904  23.222 0.4000000060
115906  32.533  -37.579  22.741 0.5000000000
101066  29.985  -36.900  23.537 0.3000000119
103675  29.181  -36.862  23.391 0.4000000060
30964  28.335  -36.932  22.962 0.4000000060
30183  27.023  -37.189  22.141 0.3000000119
30982  25.603  -36.997  21.222 0.3000000119
101385  30.742  -36.914  23.432 0.3000000119
30948  32.129  -37.061  23.021 0.4000000060
30180  32.805  -36.933  22.475 0.4000000060
104169  33.340  -36.838  21.876 0.4000000060
30980  33.424  -36.033  21.542 0.4000000060
30950  29.598  -36.157  23.481 0.3000000119
30965  27.460  -36.531  22.544 0.3000000119
30966  26.691  -36.553  22.019 0.3000000119
30197  26.409  -37.360  21.629 0.3000000119
30208  24.851  -37.526  20.903 0.3000000119
30209  23.983  -37.337  20.472 0.3000000119
30949  30.452  -36.226  23.431 0.3000000119
30981  26.137  -36.579  21.538 0.3000000119
30993  23.840  -36.690  20.337 0.3000000119
114923  31.414  -36.402  23.169 0.3000000119
31854  32.627  -35.474  22.382 0.3000000119
31853  33.139  -35.363  21.879 0.4000000060
118553  33.436  -34.604  20.163 0.4000000060
33622  33.320  -33.851  19.124 0.4000000060
100012  23.014  -37.219  20.116 0.3000000119
31838  30.057  -35.475  23.468 0.3000000119
105205  32.224  -34.778  22.522 0.3000000119
32733  33.167  -34.469  21.626 0.3000000119
106121  33.346  -33.783  21.242 0.3000000119
32748  33.462  -34.417  20.777 0.4000000060
109764  33.422  -34.080  20.009 0.4000000060
33636  33.398  -33.200  18.303 0.4000000060
34521  33.221  -32.827  17.398 0.4000000060
34533  32.488  -32.969  16.864 0.4000000060
31855  31.804  -35.518  22.847 0.3000000119
33601  33.498  -33.587  20.580 0.3000000119
33610  33.630  -33.347  19.820 0.3000000119
34510  34.018  -32.520  18.729 0.4000000060
34520  33.743  -32.510  17.958 0.4000000060
35374  33.755  -31.757  16.349 0.4000000060
102770  33.076  -31.952  15.703 0.4000000060
108961  32.812  -31.280  14.901 0.4000000060
36327  31.787  -31.115  14.163 0.5000000000
118302  33.638  -32.927  20.352 0.3000000119
34497  33.992  -32.501  19.684 0.3000000119
34509  34.243  -31.930  18.178 0.4000000060
35363  34.424  -31.414  17.558 0.4000000060
111370  34.280  -31.500  16.858 0.4000000060
35373  34.354  -31.119  16.232 0.3000000119
35380  33.650  -31.247  15.554 0.4000000060
36325  33.349  -30.572  14.848 0.3000000119
36326  32.488  -30.538  14.311 0.3000000119
37253  32.846  -29.861  14.170 0.3000000119
34485  33.700  -32.253  20.521 0.3000000119
36270  34.416  -31.009  19.149 0.3000000119
35351  34.491  -31.207  18.388 0.3000000119
110358  34.681  -30.725  17.704 0.3000000119
100696  34.655  -30.939  16.951 0.3000000119
36314  34.851  -30.297  16.298 0.3000000119
36324  34.243  -30.542  15.502 0.3000000119
37263  33.473  -29.209  14.150 0.3000000119
37252  33.894  -29.867  14.789 0.3000000119
36271  34.150  -30.765  19.699 0.3000000119
36292  34.581  -30.454  18.442 0.3000000119
36305  34.891  -30.318  17.117 0.3000000119
37241  35.131  -29.473  16.040 0.3000000119
37251  34.670  -29.712  15.450 0.3000000119
37262  34.382  -29.096  14.758 0.3000000119
38083  34.005  -28.506  14.080 0.3000000119
38082  34.814  -28.313  14.682 0.3000000119
39694  33.870  -27.062  13.316 0.3000000119
27808  29.449  -40.633  24.292 0.5000000000
115649  30.097  -39.973  24.146 0.5000000000
20091  26.394  -50.492  18.849 0.5000000000
20920  29.849  -49.793  17.963 0.5000000000
20921  29.075  -49.902  17.994 0.5000000000
21745  32.763  -48.240  18.431 0.5000000000
20919  31.534  -49.387  18.596 0.5000000000
20934  30.312  -49.181  17.705 0.5000000000
18350  22.363  -52.366  23.321 0.6000000238
18360  21.121  -52.530  22.523 0.6000000238
110549  20.905  -51.827  22.400 0.6000000238
19209  18.571  -51.678  23.403 0.5000000000
18336  17.888  -52.262  24.034 0.5000000000
18335  18.447  -51.562  24.184 0.5000000000
18322  19.290  -52.394  24.773 0.5000000000
18321  20.386  -51.996  25.026 0.4000000060
19145  21.787  -51.851  25.672 0.4000000060
19144  22.422  -51.592  26.143 0.4000000060
19143  23.117  -50.974  26.691 0.4000000060
21636  23.615  -49.223  26.659 0.3000000119
22473  23.988  -47.642  26.355 0.3000000119
23322  23.987  -46.760  25.882 0.4000000060
24846  24.093  -44.945  25.102 0.4000000060
24109  23.705  -45.931  25.300 0.4000000060
25582  23.511  -43.780  24.275 0.4000000060
99142  23.080  -42.240  20.975 0.4000000060
26331  22.356  -42.699  22.863 0.4000000060
26324  23.492  -42.497  23.621 0.4000000060
26345  21.337  -42.479  21.765 0.4000000060
27093  23.790  -41.440  21.162 0.4000000060
27083  21.488  -41.790  21.775 0.4000000060
28628  26.101  -39.532  21.758 0.4000000060
116339  25.644  -38.865  21.451 0.4000000060
27844  25.159  -40.434  21.543 0.4000000060
28629  25.343  -39.699  21.458 0.4000000060
29405  24.777  -38.400  20.989 0.3000000119
102817  24.095  -38.027  20.600 0.3000000119
100057  23.069  -38.047  20.186 0.3000000119
21743  34.081  -47.899  18.261 0.5000000000
25568  23.976  -44.142  24.792 0.4000000060
105122  23.760  -43.124  24.186 0.4000000060
27094  23.012  -41.412  20.598 0.4000000060
26366  22.313  -41.840  20.755 0.4000000060
20821  23.025  -49.949  26.230 0.4000000060
28602  31.443  -39.621  23.657 0.5000000000
26329  26.866  -42.275  23.499 0.4000000060
100086  31.271  -38.960  23.707 0.5000000000
34532  33.176  -32.424  16.562 0.4000000060
20935  29.571  -49.236  17.751 0.6000000238
20933  31.036  -48.948  17.797 0.5000000000
24873  21.809  -44.282  23.030 0.4000000060
25583  22.669  -44.142  23.626 0.4000000060
24145  22.203  -45.076  23.842 0.4000000060
24127  23.042  -45.389  24.649 0.4000000060
27067  27.329  -41.415  23.442 0.4000000060
26344  21.495  -42.338  22.165 0.4000000060
27821  29.380  -39.880  23.982 0.5000000000
27832  25.856  -40.756  22.071 0.4000000060
30166  29.528  -37.559  23.494 0.4000000060
30963  32.343  -36.250  22.705 0.3000000119
30962  33.036  -36.143  22.189 0.4000000060
113563  33.730  -33.088  19.128 0.4000000060
32716  31.251  -34.648  23.010 0.3000000119
35364  33.861  -32.089  17.251 0.4000000060
35338  34.119  -31.525  19.920 0.3000000119
35337  34.333  -31.775  19.062 0.3000000119
101851  34.867  -29.968  17.717 0.3000000119
38862  34.451  -27.727  14.002 0.3000000119
118247  22.867  -42.155  23.145 0.4000000060
15790  20.875  -56.062  22.966 0.4000000060
15799  20.285  -55.332  22.608 0.4000000060
15801  19.207  -55.323  22.760 0.4000000060
16647  19.477  -54.529  22.714 0.3000000119
16646  20.270  -54.302  22.576 0.4000000060
16648  18.723  -53.734  23.138 0.3000000119
18375  25.548  -52.707  19.949 0.5000000000
17499  19.242  -53.059  22.816 0.5000000000
17500  18.098  -52.833  23.494 0.3000000119
19243  25.734  -51.975  19.753 0.5000000000
110983  25.796  -51.337  19.503 0.5000000000
18385  25.696  -52.760  19.669 0.5000000000
116137  19.392  -52.163  22.705 0.5000000000
18362  18.578  -52.348  23.226 0.4000000060
19258  25.970  -52.028  19.409 0.5000000000
104345  26.345  -52.118  19.029 0.3000000119
19257  26.063  -51.276  19.081 0.4000000060
111155  27.544  -50.587  18.517 0.4000000060
19256  28.191  -51.320  18.536 0.3000000119
108124  26.990  -51.456  18.698 0.3000000119
111929  28.962  -51.116  18.446 0.3000000119
20076  30.190  -50.729  18.746 0.3000000119
17464  20.902  -53.238  25.592 0.3000000119
20906  31.430  -50.053  19.089 0.4000000060
20088  30.723  -50.191  18.735 0.4000000060
20089  29.464  -50.502  18.288 0.4000000060
18308  22.046  -52.393  26.071 0.3000000119
112545  23.688  -50.884  27.496 0.3000000119
118494  24.293  -46.146  25.809 0.3000000119
24108  24.546  -45.577  25.821 0.3000000119
24845  25.027  -44.740  25.969 0.3000000119
102036  24.629  -44.021  25.457 0.3000000119
26323  24.330  -42.555  24.478 0.3000000119
27069  22.289  -41.833  22.699 0.3000000119
27059  23.354  -41.598  23.308 0.3000000119
102489  24.299  -41.789  24.051 0.3000000119
27045  25.048  -41.845  24.885 0.3000000119
101413  25.792  -40.976  26.329 0.3000000119
27846  23.488  -40.902  20.794 0.3000000119
27103  22.362  -41.068  20.636 0.3000000119
115675  21.639  -41.155  21.770 0.3000000119
27081  22.582  -40.967  22.658 0.3000000119
104655  23.540  -40.855  23.219 0.3000000119
28630  24.488  -39.986  21.149 0.3000000119
27857  22.982  -40.651  20.470 0.3000000119
27848  21.783  -40.558  21.370 0.3000000119
27834  21.910  -40.712  22.009 0.3000000119
27825  23.396  -40.279  22.920 0.3000000119
27859  21.863  -40.003  20.853 0.3000000119
27847  22.063  -40.083  21.600 0.3000000119
27833  22.599  -40.092  22.300 0.3000000119
29393  24.643  -39.233  21.059 0.3000000119
28643  23.880  -39.618  20.690 0.3000000119
27858  22.300  -40.252  20.578 0.3000000119
28632  21.925  -39.365  20.808 0.3000000119
102179  30.636  -49.624  18.216 0.4000000060
18307  22.583  -52.284  26.601 0.3000000119
27095  21.591  -41.283  21.324 0.3000000119
27057  25.553  -41.033  25.464 0.3000000119
27104  21.838  -40.739  20.929 0.3000000119
115431  17.586  -52.790  24.111 0.3000000119
17476  17.979  -52.519  24.350 0.3000000119
17465  20.008  -53.340  25.246 0.3000000119
116122  22.702  -59.368  27.299 0.4000000060
13013  22.007  -59.849  27.010 0.4000000060
13027  22.249  -59.116  26.575 0.4000000060
13040  20.433  -59.488  25.586 0.4000000060
13048  20.104  -59.132  24.752 0.3000000119
13674  22.574  -58.421  26.146 0.4000000060
13675  21.777  -58.773  25.866 0.4000000060
13687  21.626  -58.309  25.213 0.4000000060
108778  27.844  -56.082  21.857 0.3000000119
13686  22.263  -58.069  25.471 0.4000000060
14350  20.722  -57.852  23.965 0.3000000119
14359  20.379  -57.555  23.192 0.3000000119
14349  21.296  -57.590  24.336 0.4000000060
15043  19.500  -56.842  22.531 0.3000000119
14370  19.507  -57.607  22.598 0.3000000119
15044  18.953  -56.094  22.746 0.3000000119
14358  21.011  -57.209  23.749 0.4000000060
15042  20.216  -56.422  22.637 0.3000000119
15800  19.691  -56.034  22.569 0.3000000119
12375  21.330  -60.253  26.781 0.4000000060
117929  21.109  -59.287  25.902 0.4000000060
15791  18.151  -55.318  23.313 0.3000000119
13012  23.294  -59.186  27.892 0.3000000119
104481  18.057  -56.153  23.273 0.3000000119
12338  23.696  -60.619  29.509 0.4000000060
12988  24.573  -59.444  29.197 0.4000000060
12997  27.226  -59.859  28.531 0.4000000060
13000  23.725  -59.449  28.636 0.4000000060
13028  21.551  -59.527  26.431 0.4000000060
13039  20.944  -58.776  25.220 0.3000000119
13648  27.364  -58.116  28.431 0.4000000060
13661  27.930  -58.587  27.864 0.4000000060
13696  28.389  -58.337  24.723 0.4000000060
13698  21.158  -58.132  24.661 0.4000000060
13710  20.115  -58.259  23.402 0.3000000119
14303  28.103  -56.921  28.065 0.5000000000
14306  25.068  -57.794  28.445 0.4000000060
14339  21.799  -57.760  24.858 0.5000000000
14348  21.778  -57.023  24.353 0.5000000000
14369  20.054  -57.247  22.658 0.3000000119
14984  28.087  -56.248  28.107 0.6000000238
15015  24.273  -56.071  25.766 0.6000000238
15032  20.628  -56.827  23.055 0.3000000119
15740  27.743  -55.687  28.164 0.6000000238
15782  22.550  -55.893  24.348 0.6000000238
15789  21.190  -55.184  23.161 0.5000000000
16599  25.866  -54.298  27.234 0.6000000238
16629  23.098  -54.575  24.345 0.6000000238
16635  29.499  -54.472  24.202 0.6000000238
16645  20.782  -54.578  22.775 0.5000000000
17451  25.760  -53.735  26.661 0.6000000238
17453  21.651  -53.124  26.067 0.3000000119
17463  24.552  -53.782  24.980 0.6999999881
17494  29.479  -53.091  22.927 0.8000000119
17498  20.181  -53.524  22.525 0.6000000238
17516  25.436  -53.395  20.026 0.5000000000
18320  21.249  -52.442  25.527 0.4000000060
18337  17.589  -52.727  23.986 0.3000000119
18349  23.133  -52.350  23.761 0.8000000119
18351  21.689  -52.495  22.903 0.6000000238
18352  18.027  -52.188  23.786 0.4000000060
18361  20.410  -52.376  22.439 0.5000000000
19126  22.971  -51.848  26.850 0.3000000119
19162  25.701  -51.503  25.109 0.8999999762
19164  21.183  -51.601  25.220 0.4000000060
19183  18.933  -50.632  24.183 0.4000000060
19194  18.319  -51.552  23.948 0.5000000000
19205  22.155  -51.126  23.056 0.6999999881
19207  20.632  -51.034  22.427 0.6999999881
19208  19.197  -51.240  22.913 0.6999999881
19231  25.757  -51.946  20.028 0.6000000238
20011  25.938  -50.061  24.868 0.8999999762
20042  20.075  -50.180  22.658 0.6000000238
20090  28.622  -50.577  18.307 0.3000000119
20820  23.600  -50.181  27.049 0.3000000119
20850  20.740  -49.159  24.579 0.5000000000
20852  19.390  -49.730  23.902 0.6000000238
20864  24.162  -49.150  23.844 0.8000000119
20867  19.029  -50.147  23.691 0.6000000238
20878  19.975  -49.393  22.887 0.6999999881
20923  26.985  -49.734  18.640 0.6000000238
21669  20.355  -48.299  23.931 0.6000000238
21670  19.948  -48.979  23.683 0.5000000000
21682  23.622  -48.435  23.518 0.6999999881
21695  21.505  -48.064  22.358 0.6999999881
21756  31.981  -47.813  17.857 0.5000000000
21759  29.341  -48.390  17.648 0.6000000238
22488  21.783  -47.887  24.817 0.5000000000
22504  20.717  -47.460  23.588 0.6000000238
22517  24.879  -47.259  23.943 0.6999999881
22537  21.194  -47.387  22.430 0.6000000238
22560  26.965  -47.756  19.345 0.8999999762
22577  33.392  -47.813  18.318 0.5000000000
23301  29.270  -46.657  26.456 1.0000000000
23362  21.208  -45.780  22.799 0.4000000060
23363  20.984  -46.626  23.219 0.4000000060
23376  21.914  -46.442  21.882 0.6000000238
23377  21.490  -46.506  22.140 0.6000000238
23388  21.378  -45.860  22.003 0.4000000060
23424  32.019  -46.869  17.101 0.6000000238
24144  24.637  -45.563  23.372 0.6000000238
24146  21.513  -45.005  23.060 0.4000000060
24156  24.014  -44.996  22.763 0.5000000000
24169  21.788  -45.233  21.591 0.4000000060
24170  21.408  -45.323  21.863 0.4000000060
24829  29.337  -45.239  26.120 0.8000000119
24874  21.159  -44.392  22.223 0.4000000060
24888  20.957  -43.937  21.968 0.4000000060
24889  21.214  -45.026  21.975 0.4000000060
24899  21.034  -44.300  21.931 0.4000000060
24931  33.758  -44.407  17.562 0.6000000238
25581  24.348  -43.359  24.865 0.4000000060
25603  23.497  -43.728  21.827 0.4000000060
25614  22.704  -43.192  21.241 0.4000000060
25665  36.003  -43.501  16.818 0.6000000238
26356  21.673  -42.063  21.270 0.4000000060
26367  21.846  -41.395  20.943 0.4000000060
26403  33.680  -42.256  17.261 0.6000000238
27082  21.747  -41.434  22.165 0.4000000060
27845  24.253  -40.716  21.213 0.4000000060
27856  23.655  -40.270  20.731 0.3000000119
27889  34.788  -40.744  17.389 0.6000000238
28631  22.090  -39.451  21.260 0.3000000119
28644  22.974  -39.712  20.338 0.3000000119
28680  34.528  -39.498  16.563 0.6000000238
29446  35.028  -38.804  16.269 0.6000000238
29457  33.882  -38.624  15.128 0.6999999881
29458  31.942  -39.082  14.935 0.8000000119
30268  32.300  -37.478  14.546 0.6999999881
31027  27.823  -36.643  16.523 0.8999999762
31033  27.318  -36.770  16.161 0.8999999762
31950  27.877  -35.336  15.098 0.8999999762
31956  36.336  -35.727  13.990 0.5000000000
32808  28.257  -33.785  14.846 0.8000000119
32817  33.943  -34.729  14.098 0.6000000238
32819  31.648  -34.275  13.619 0.6999999881
33659  28.453  -33.454  15.004 0.8000000119
33665  29.071  -33.351  14.380 0.8000000119
34535  30.842  -33.070  15.940 0.6999999881
34536  29.945  -33.029  15.540 0.6999999881
34537  29.012  -33.042  15.103 0.8000000119
34551  29.516  -32.582  14.105 0.8000000119
34571  36.882  -32.317  12.733 0.5000000000
35399  35.262  -31.687  13.412 0.6000000238
35403  30.418  -31.710  13.237 0.6000000238
35404  30.143  -32.044  13.400 0.6999999881
35413  32.567  -30.888  12.427 0.6000000238
37279  32.436  -29.566  12.150 0.5000000000
98909  27.229  -39.145  16.623 1.0000000000
99054  24.435  -58.085  28.076 0.5000000000
101397  31.011  -46.824  24.944 1.0000000000
101781  36.124  -39.534  16.784 0.6000000238
102891  27.040  -39.280  17.133 0.8999999762
103253  27.612  -53.795  21.053 0.6000000238
104553  27.359  -36.811  15.910 0.8999999762
105412  20.583  -48.776  22.664 0.6999999881
106860  21.452  -55.888  23.474 0.6000000238
107714  22.010  -52.950  23.226 0.6000000238
108283  20.070  -51.598  22.481 0.6000000238
108522  28.212  -54.101  27.598 0.6000000238
108645  33.152  -41.991  16.561 0.6999999881
109162  20.312  -49.859  24.504 0.5000000000
109349  27.907  -38.937  15.976 1.0000000000
109535  21.420  -51.994  22.632 0.6999999881
109831  21.891  -39.893  21.140 0.3000000119
110940  33.084  -26.885  11.739 0.4000000060
111346  30.160  -35.750  17.256 0.6999999881
114196  32.934  -37.714  19.368 0.6000000238
114827  18.773  -56.756  22.706 0.3000000119
114971  20.985  -48.230  22.440 0.6999999881
115160  34.226  -45.806  17.744 0.6000000238
115648  18.376  -54.481  23.278 0.3000000119
115855  29.401  -32.703  14.504 0.8000000119
115869  20.407  -52.698  25.246 0.4000000060
116320  20.020  -52.870  22.480 0.6000000238
116365  36.949  -31.042  12.051 0.5000000000
116861  31.073  -49.808  18.654 0.4000000060
117157  30.390  -31.788  13.098 0.6000000238
117191  30.142  -50.176  18.307 0.4000000060
117266  29.077  -48.201  26.653 0.8999999762
117347  24.778  -54.245  25.316 0.6999999881
117569  23.473  -57.214  25.829 0.5000000000
117829  27.232  -36.161  16.007 0.8999999762
117971  30.397  -37.713  15.104 0.8000000119
118122  29.278  -53.446  22.546 0.8000000119
118216  35.021  -43.835  17.492 0.6000000238
118409  32.209  -41.462  15.538 0.6999999881
119060  27.277  -43.485  24.528 0.5000000000
119316  33.847  -33.276  13.588 0.6000000238
119601  32.742  -28.168  13.161 0.4000000060
