#!ascii label  , from subject sub-01 vox2ras=TkReg
564
11244  25.393  -62.323  20.422 0.6000000238
9392  24.036  -65.807  25.390 0.6999999881
9985  23.474  -64.498  23.873 0.6999999881
10002  22.411  -64.218  21.428 0.8999999762
113146  22.884  -63.953  20.743 0.8000000119
115841  26.151  -61.214  20.467 0.6999999881
11852  27.124  -61.427  20.238 0.6999999881
102923  24.463  -65.232  25.674 0.6999999881
9391  24.467  -65.717  26.154 0.6999999881
9974  23.905  -64.563  24.467 0.6999999881
10614  23.281  -63.691  23.411 0.6999999881
9986  22.813  -64.409  23.106 0.6999999881
9996  22.481  -64.131  22.231 0.8000000119
11239  22.964  -62.852  21.834 0.8000000119
115106  22.732  -63.723  21.356 0.8000000119
11247  23.146  -63.242  21.278 0.8000000119
11245  24.331  -62.336  20.821 0.6000000238
11853  25.562  -61.577  20.548 0.6000000238
12431  26.760  -60.683  20.411 0.6999999881
12430  27.716  -60.878  20.226 0.6999999881
9959  24.639  -64.542  25.550 0.5000000000
9948  24.864  -65.078  26.425 0.6000000238
9958  24.844  -63.768  25.284 0.4000000060
9973  24.342  -64.189  24.800 0.6000000238
10597  23.887  -63.883  24.102 0.5000000000
11228  23.201  -63.051  22.992 0.6000000238
10615  22.823  -63.504  22.664 0.8000000119
11234  23.036  -62.739  22.308 0.6999999881
11847  23.507  -61.371  21.676 0.6999999881
12434  23.909  -61.273  21.175 0.6999999881
12432  25.002  -60.632  20.575 0.5000000000
117562  25.798  -60.429  20.405 0.6000000238
13086  27.325  -60.057  20.215 0.6000000238
13085  28.362  -60.291  19.962 0.5000000000
10567  25.578  -63.644  26.743 0.5000000000
9935  25.326  -64.465  27.050 0.6000000238
9357  24.680  -65.809  27.921 0.6000000238
9947  25.140  -64.143  26.126 0.5000000000
10613  23.879  -63.069  23.611 0.5000000000
11835  23.783  -61.845  22.654 0.6000000238
11843  23.502  -61.342  22.083 0.6000000238
108014  23.806  -60.568  21.398 0.6000000238
12433  24.084  -60.426  20.895 0.5000000000
13088  25.198  -59.693  20.149 0.5000000000
13098  26.646  -59.249  19.761 0.6000000238
105304  27.886  -59.376  19.871 0.5000000000
13736  28.429  -58.674  19.444 0.5000000000
13735  29.686  -58.867  19.292 0.5000000000
13097  29.020  -59.636  19.623 0.5000000000
106756  25.335  -64.648  27.833 0.5000000000
9346  25.044  -65.124  28.310 0.5000000000
10595  25.176  -63.030  24.922 0.5000000000
11213  25.272  -62.508  24.442 0.4000000060
103349  25.939  -61.628  23.882 0.3000000119
11225  25.092  -62.058  23.794 0.4000000060
11834  24.512  -61.671  22.952 0.3000000119
107255  25.369  -61.393  23.178 0.3000000119
12414  23.926  -61.227  22.416 0.5000000000
12426  23.997  -60.043  21.383 0.5000000000
106548  23.964  -59.841  20.927 0.5000000000
12445  24.346  -59.628  20.587 0.5000000000
13099  25.302  -59.098  19.654 0.6000000238
13738  25.980  -58.435  19.361 0.6000000238
13737  27.217  -58.528  19.384 0.5000000000
13747  29.732  -58.005  18.884 0.5000000000
103103  25.656  -63.886  27.788 0.5000000000
11179  25.869  -62.966  26.436 0.5000000000
117395  26.135  -62.579  26.186 0.5000000000
11192  26.198  -62.188  25.181 0.4000000060
101131  25.648  -62.529  24.929 0.5000000000
116093  26.135  -61.167  23.336 0.3000000119
118490  25.014  -60.360  22.345 0.3000000119
13071  24.420  -59.612  21.355 0.4000000060
13089  24.341  -59.195  20.535 0.5000000000
13100  24.380  -58.873  19.917 0.4000000060
14387  26.610  -57.769  19.116 0.5000000000
14386  27.740  -57.874  19.042 0.5000000000
104959  30.290  -57.607  18.561 0.5000000000
13748  28.852  -57.962  19.006 0.5000000000
10538  26.017  -63.119  28.268 0.5000000000
11178  26.372  -62.376  26.765 0.5000000000
103128  26.391  -62.214  25.940 0.5000000000
11808  26.788  -61.660  25.490 0.4000000060
11823  26.726  -61.162  23.931 0.4000000060
12411  26.681  -60.709  23.162 0.3000000119
12412  25.744  -60.705  22.713 0.3000000119
13722  25.211  -59.134  21.303 0.4000000060
13728  24.428  -58.921  20.647 0.4000000060
13078  24.107  -59.606  21.030 0.4000000060
13732  24.346  -58.424  20.071 0.4000000060
13740  24.397  -58.164  19.899 0.5000000000
13739  24.870  -58.319  19.574 0.5000000000
14399  28.238  -57.246  18.802 0.4000000060
11781  26.789  -61.721  27.353 0.4000000060
11807  27.327  -61.060  24.867 0.4000000060
11796  26.846  -61.666  26.420 0.4000000060
12395  27.417  -60.420  23.886 0.4000000060
13069  26.716  -59.716  22.259 0.4000000060
118883  26.200  -59.330  21.724 0.4000000060
13070  25.458  -59.872  22.070 0.4000000060
14376  24.470  -57.988  20.202 0.4000000060
14381  24.427  -57.739  19.993 0.5000000000
14389  24.714  -57.621  19.745 0.5000000000
13749  25.544  -57.666  19.322 0.6000000238
14400  27.115  -57.145  18.921 0.5000000000
107185  27.735  -56.413  18.948 0.4000000060
11780  27.117  -61.189  27.915 0.4000000060
12384  27.661  -60.513  25.565 0.4000000060
105004  27.343  -60.984  27.017 0.4000000060
103334  27.811  -60.156  24.905 0.4000000060
13068  27.505  -59.408  22.594 0.4000000060
13726  26.174  -58.716  21.343 0.4000000060
13727  25.045  -58.313  20.766 0.4000000060
14388  24.811  -57.033  19.976 0.5000000000
14402  25.359  -56.876  19.453 0.4000000060
14401  26.117  -57.144  19.054 0.6000000238
119650  27.722  -60.231  27.161 0.4000000060
13038  28.050  -59.886  25.797 0.4000000060
13037  28.222  -59.250  25.080 0.4000000060
12410  27.778  -59.627  23.435 0.4000000060
13720  27.639  -58.646  22.338 0.4000000060
14368  27.051  -58.353  21.618 0.4000000060
118382  27.003  -57.589  21.417 0.5000000000
14374  26.189  -57.903  21.023 0.4000000060
14375  25.125  -57.415  20.408 0.3000000119
14380  24.713  -57.170  19.979 0.4000000060
15064  25.578  -56.066  19.466 0.4000000060
15828  26.013  -55.468  19.340 0.4000000060
15063  26.321  -56.401  19.117 0.5000000000
12360  27.464  -60.442  27.856 0.4000000060
13697  28.157  -58.999  24.056 0.4000000060
13719  28.087  -58.209  22.858 0.4000000060
110844  27.715  -57.738  22.164 0.3000000119
15041  27.366  -56.908  21.657 0.3000000119
15048  26.288  -56.876  20.880 0.3000000119
15049  25.239  -56.451  20.166 0.3000000119
15052  25.057  -56.372  20.017 0.3000000119
16673  25.828  -54.611  19.486 0.4000000060
110081  26.563  -54.803  19.335 0.4000000060
13025  28.267  -59.103  26.161 0.3000000119
13696  28.389  -58.337  24.723 0.3000000119
13708  28.291  -58.114  23.738 0.3000000119
14367  28.314  -57.517  22.992 0.3000000119
15040  28.063  -56.881  22.398 0.3000000119
107457  26.071  -55.727  20.613 0.4000000060
15807  25.266  -55.510  20.033 0.3000000119
115875  25.249  -55.658  20.017 0.3000000119
16672  26.260  -54.073  19.291 0.4000000060
16671  26.917  -54.216  19.244 0.4000000060
118290  26.995  -56.243  21.256 0.4000000060
15806  25.968  -54.871  20.547 0.4000000060
118953  25.494  -55.168  20.258 0.4000000060
16656  25.284  -54.144  19.973 0.3000000119
16664  25.452  -54.231  19.786 0.4000000060
17538  25.714  -53.457  19.564 0.4000000060
18393  26.569  -52.873  19.038 0.4000000060
102233  25.836  -53.967  19.441 0.4000000060
17536  26.771  -53.570  19.149 0.4000000060
16653  25.534  -54.087  20.232 0.4000000060
17526  25.461  -53.467  19.880 0.5000000000
18385  25.696  -52.760  19.669 0.4000000060
18394  26.022  -52.805  19.333 0.4000000060
17535  27.485  -52.998  19.042 0.3000000119
114482  27.016  -52.327  18.804 0.3000000119
10627  24.251  -63.294  20.439 0.6999999881
11854  24.660  -61.438  20.792 0.6000000238
11238  23.303  -62.277  21.642 0.6999999881
11855  23.668  -61.943  21.333 0.6999999881
10596  24.486  -63.444  24.434 0.4000000060
11226  24.211  -62.300  23.363 0.4000000060
103490  23.354  -62.066  22.317 0.6999999881
118580  23.639  -60.903  21.827 0.6999999881
10580  25.413  -63.385  25.838 0.5000000000
12413  24.616  -60.856  22.510 0.4000000060
13721  27.009  -59.085  21.866 0.3000000119
15055  25.188  -56.242  19.835 0.4000000060
13026  28.049  -59.708  26.742 0.4000000060
15811  25.324  -54.894  19.981 0.3000000119
7615  20.160  -68.511  19.657 0.6000000238
7586  23.362  -68.380  21.182 0.6000000238
112765  24.006  -68.213  21.527 0.6000000238
6501  19.443  -70.537  19.852 0.5000000000
7616  19.403  -68.999  19.820 0.6000000238
7602  19.647  -67.488  20.016 0.6999999881
8263  19.725  -67.950  19.834 0.6999999881
7072  19.743  -69.725  19.532 0.6000000238
8251  21.111  -67.654  19.650 0.6000000238
8250  22.053  -67.443  19.941 0.6000000238
8249  22.738  -67.219  20.392 0.6000000238
8238  23.449  -67.513  21.206 0.6000000238
8865  24.135  -66.825  21.334 0.6000000238
9441  25.598  -65.778  21.683 0.6999999881
7041  19.497  -69.616  21.240 0.6000000238
8228  20.013  -67.471  21.348 0.6999999881
7042  19.150  -69.675  20.414 0.5000000000
104344  19.498  -67.955  20.651 0.6999999881
7603  19.290  -68.438  20.054 0.6999999881
8878  20.753  -66.370  19.819 0.6999999881
114089  21.147  -66.830  19.555 0.6999999881
8261  21.781  -66.934  19.501 0.5000000000
9454  24.363  -66.118  20.167 0.6000000238
9453  25.215  -65.678  20.412 0.6000000238
8864  24.889  -66.287  21.459 0.6999999881
9460  26.497  -65.167  19.664 0.6999999881
9440  26.287  -65.359  21.966 0.6999999881
10001  26.722  -64.935  21.002 0.6999999881
11821  31.678  -61.933  24.521 0.4000000060
110380  30.388  -61.535  23.384 0.5000000000
11231  29.433  -62.342  22.290 0.6000000238
116379  28.394  -63.455  22.466 0.6000000238
10000  27.407  -64.448  21.395 0.6999999881
7004  20.877  -69.087  24.345 0.5000000000
7017  20.613  -69.127  23.404 0.5000000000
7558  20.832  -68.244  23.335 0.6000000238
7029  20.166  -69.373  22.278 0.5000000000
8227  20.917  -67.057  21.943 0.6999999881
7559  20.305  -68.794  22.655 0.5000000000
119576  19.657  -69.091  21.723 0.6000000238
8868  20.304  -66.669  20.933 0.6999999881
8879  20.116  -66.769  20.194 0.6999999881
8887  22.183  -66.427  19.459 0.6999999881
8866  23.379  -66.554  20.013 0.6000000238
9462  24.996  -65.562  19.267 0.6000000238
9461  25.849  -65.470  19.353 0.6999999881
10005  27.233  -64.661  19.935 0.6999999881
10625  27.945  -64.120  20.560 0.6999999881
10621  28.455  -63.558  21.105 0.6000000238
11242  29.070  -63.236  20.382 0.6000000238
99661  21.408  -68.569  25.250 0.5000000000
100970  21.138  -69.091  25.105 0.4000000060
118701  21.047  -68.407  24.055 0.5000000000
7005  20.712  -68.835  23.777 0.5000000000
8207  22.106  -67.104  23.521 0.6000000238
103202  21.433  -67.796  23.869 0.6000000238
8854  22.101  -65.759  22.440 0.6999999881
8208  21.303  -67.460  22.944 0.6000000238
8855  21.301  -66.122  21.510 0.6999999881
9455  21.378  -65.486  20.686 0.6999999881
9471  21.594  -65.943  19.615 0.6999999881
8886  23.216  -66.100  19.271 0.6999999881
8877  22.468  -66.676  19.547 0.6999999881
8876  24.030  -65.970  19.342 0.6999999881
115745  25.790  -65.431  18.886 0.6999999881
9466  26.328  -65.306  18.890 0.8000000119
10004  27.973  -64.292  19.332 0.6999999881
11846  29.853  -62.035  21.542 0.5000000000
10624  28.553  -63.773  19.841 0.6000000238
7543  21.327  -68.975  25.877 0.4000000060
100264  21.991  -67.871  25.289 0.6000000238
8187  21.454  -68.160  24.598 0.6000000238
8824  22.733  -66.698  24.175 0.6000000238
9432  22.692  -65.406  23.161 0.6000000238
9443  21.817  -65.217  21.594 0.6999999881
10007  21.633  -65.257  20.154 0.6999999881
104761  22.778  -65.064  19.589 0.8000000119
10011  24.429  -65.168  18.996 0.6000000238
9472  26.100  -65.146  18.691 0.6000000238
10015  27.340  -64.383  18.522 0.8000000119
10008  27.369  -64.691  18.897 0.6999999881
11845  30.518  -61.634  21.413 0.5000000000
11235  30.121  -62.267  20.470 0.6000000238
10623  29.253  -63.515  19.045 0.6999999881
100367  31.206  -61.450  20.633 0.6000000238
8171  22.490  -67.623  26.049 0.5000000000
7537  21.984  -68.522  27.003 0.4000000060
8147  22.288  -68.277  27.845 0.4000000060
8160  21.801  -68.322  26.144 0.5000000000
8810  22.839  -67.143  25.194 0.6000000238
9412  23.097  -65.885  23.904 0.6000000238
9431  23.198  -65.132  23.689 0.6000000238
9442  22.363  -64.919  22.381 0.6999999881
10003  21.877  -64.819  20.951 0.8000000119
10006  22.363  -64.595  20.461 0.8000000119
10012  23.599  -64.759  19.499 0.6000000238
111813  25.542  -63.905  19.034 0.6000000238
114711  26.797  -64.105  18.410 0.6999999881
10634  27.358  -64.037  18.323 0.6999999881
11253  29.628  -62.995  17.955 0.6999999881
11241  29.749  -62.931  19.637 0.6000000238
11249  29.843  -63.092  18.398 0.6000000238
11248  30.251  -62.578  18.169 0.6000000238
106738  30.718  -61.970  20.152 0.6000000238
11857  31.014  -62.086  18.406 0.6000000238
8798  23.653  -66.821  26.484 0.5000000000
8158  23.150  -67.373  26.730 0.5000000000
7515  22.254  -68.276  28.753 0.5000000000
8170  23.146  -67.123  26.032 0.5000000000
9411  23.630  -65.311  24.453 0.6000000238
10628  23.576  -63.843  20.419 0.6999999881
10626  25.059  -63.211  20.077 0.6000000238
11251  26.873  -63.005  19.032 0.6000000238
117611  28.236  -63.158  18.002 0.6999999881
104587  27.709  -63.051  18.274 0.6000000238
11254  28.809  -63.240  17.995 0.6000000238
11849  31.707  -61.392  19.868 0.5000000000
11861  31.468  -61.422  18.206 0.4000000060
119432  24.155  -66.551  26.900 0.5000000000
8789  23.838  -66.940  28.060 0.5000000000
8128  23.408  -67.286  28.516 0.5000000000
8110  23.156  -67.216  29.334 0.5000000000
7494  21.999  -68.034  30.219 0.5000000000
101628  21.541  -67.825  30.846 0.5000000000
11243  26.415  -62.130  20.123 0.6000000238
11859  27.407  -62.260  19.338 0.6000000238
11250  28.470  -62.574  18.336 0.4000000060
11858  29.502  -62.136  18.216 0.5000000000
12443  30.439  -61.559  18.036 0.4000000060
11862  30.710  -61.966  18.117 0.4000000060
11863  30.017  -62.528  17.985 0.5000000000
8788  24.273  -66.468  27.583 0.6000000238
8780  24.272  -66.319  28.427 0.5000000000
8781  23.784  -66.758  28.871 0.5000000000
8767  23.029  -66.786  30.006 0.5000000000
8098  21.965  -67.318  30.742 0.5000000000
8083  21.266  -67.319  31.203 0.5000000000
8734  20.050  -66.882  31.466 0.4000000060
8735  19.183  -67.186  31.346 0.5000000000
8099  18.465  -67.221  30.885 0.4000000060
8753  18.100  -66.947  30.142 0.4000000060
8101  16.987  -68.022  30.295 0.4000000060
11851  27.871  -61.610  19.653 0.6000000238
106715  28.591  -61.329  19.333 0.4000000060
99753  31.093  -61.352  17.964 0.4000000060
110955  24.584  -65.597  28.795 0.5000000000
8765  24.122  -66.085  29.220 0.4000000060
8749  23.118  -66.107  30.219 0.4000000060
8750  22.441  -66.588  30.597 0.5000000000
9330  21.669  -65.279  30.860 0.4000000060
9321  20.433  -66.124  31.249 0.5000000000
106665  19.993  -65.583  30.768 0.4000000060
9332  19.589  -65.339  30.140 0.5000000000
8751  19.598  -66.264  31.003 0.5000000000
9341  19.138  -65.480  29.424 0.3000000119
8769  17.767  -66.777  29.229 0.3000000119
8783  17.536  -66.733  28.329 0.3000000119
12444  29.380  -60.818  19.063 0.4000000060
9915  24.868  -64.814  29.173 0.5000000000
9339  24.305  -65.300  29.558 0.5000000000
9328  23.200  -65.187  30.434 0.4000000060
10539  25.621  -63.694  28.665 0.4000000060
10522  25.145  -63.853  29.421 0.4000000060
9906  24.344  -64.366  29.982 0.4000000060
10509  23.133  -63.965  30.538 0.4000000060
11149  25.697  -63.084  29.139 0.4000000060
117492  25.169  -63.027  29.755 0.4000000060
11126  24.547  -63.362  30.152 0.4000000060
11148  26.213  -62.300  28.753 0.4000000060
11116  23.834  -62.687  30.385 0.4000000060
11117  23.001  -63.305  30.424 0.4000000060
10523  22.199  -63.228  30.187 0.4000000060
11125  25.539  -62.263  29.612 0.4000000060
99802  26.645  -61.758  28.152 0.3000000119
11739  24.350  -61.866  30.166 0.4000000060
11127  23.563  -61.820  30.139 0.4000000060
11129  22.024  -62.688  29.760 0.4000000060
109263  26.483  -61.594  28.734 0.4000000060
11151  21.525  -62.625  29.046 0.4000000060
11169  21.569  -61.868  28.384 0.4000000060
12347  26.996  -60.661  28.524 0.3000000119
12335  26.011  -60.832  29.404 0.4000000060
11752  24.819  -61.216  29.935 0.4000000060
11753  24.065  -61.166  29.972 0.4000000060
115220  23.430  -61.215  29.741 0.4000000060
11150  22.138  -62.061  29.372 0.4000000060
12339  22.991  -60.886  29.236 0.3000000119
11252  25.997  -63.084  19.665 0.6000000238
8809  23.560  -66.601  25.695 0.5000000000
13096  30.120  -60.184  18.861 0.4000000060
7600  22.676  -68.703  20.729 0.6000000238
9452  25.989  -65.331  20.677 0.6999999881
114665  26.896  -65.150  19.010 0.6999999881
11840  31.128  -61.048  23.331 0.5000000000
11844  31.271  -60.981  21.981 0.5000000000
11842  29.811  -61.983  23.219 0.5000000000
103771  30.028  -61.716  22.414 0.4000000060
11236  29.481  -62.576  21.009 0.6000000238
7549  21.033  -68.801  24.523 0.5000000000
9469  23.498  -65.549  19.242 0.6999999881
9468  24.247  -65.583  19.228 0.6999999881
10016  26.780  -64.539  18.541 0.8000000119
10630  28.597  -63.895  18.776 0.6999999881
7538  21.541  -68.947  26.650 0.4000000060
10010  25.331  -64.773  18.748 0.6000000238
114302  27.820  -63.950  18.261 0.6999999881
10014  27.925  -64.177  18.539 0.6999999881
12425  31.804  -60.844  20.893 0.5000000000
115151  32.390  -60.421  21.068 0.5000000000
10629  29.143  -63.397  18.232 0.6999999881
11240  30.552  -62.574  18.962 0.6000000238
10632  24.538  -64.191  19.476 0.6999999881
10631  26.422  -63.714  18.741 0.6999999881
11256  27.221  -63.624  18.381 0.6999999881
106761  23.758  -66.988  27.241 0.5000000000
8129  22.819  -67.776  28.596 0.5000000000
8100  17.805  -67.690  30.719 0.3000000119
12442  31.009  -60.780  17.969 0.4000000060
9320  21.224  -65.990  31.235 0.5000000000
8752  18.796  -66.583  30.583 0.4000000060
8111  17.385  -67.390  29.805 0.4000000060
11750  26.087  -61.561  29.275 0.4000000060
11114  25.013  -61.846  30.006 0.4000000060
7630  39.177  -68.059  16.694 0.3000000119
8273  39.058  -66.993  16.768 0.3000000119
103757  31.407  -66.179  22.385 0.4000000060
9450  32.799  -65.530  21.601 0.4000000060
9459  33.156  -65.828  20.706 0.4000000060
9427  31.336  -65.512  23.939 0.4000000060
107803  30.087  -66.516  23.725 0.4000000060
8839  29.280  -66.721  23.845 0.5000000000
8204  28.857  -67.450  23.191 0.5000000000
8205  27.957  -67.379  23.429 0.5000000000
9426  32.082  -65.091  23.494 0.4000000060
9439  31.706  -65.702  22.982 0.5000000000
8849  30.940  -66.267  23.267 0.5000000000
8223  27.467  -67.829  22.960 0.5000000000
9993  32.825  -64.642  22.940 0.5000000000
9438  32.439  -65.298  22.529 0.5000000000
9437  33.274  -64.974  22.089 0.5000000000
9449  33.683  -65.227  21.260 0.4000000060
9458  34.134  -65.588  20.384 0.4000000060
9464  34.813  -65.815  19.634 0.3000000119
8882  35.366  -66.084  18.680 0.4000000060
10591  31.429  -63.361  24.748 0.4000000060
9970  30.300  -64.413  24.887 0.4000000060
9971  29.521  -64.587  24.800 0.4000000060
9968  31.923  -63.958  24.524 0.4000000060
9983  31.641  -64.743  24.308 0.4000000060
9969  31.127  -64.196  24.810 0.4000000060
9408  30.014  -65.208  24.746 0.4000000060
9409  29.226  -65.333  24.623 0.5000000000
9410  28.856  -66.055  24.287 0.5000000000
10610  32.690  -63.713  24.183 0.4000000060
9972  28.733  -64.653  24.522 0.5000000000
9428  28.059  -66.044  24.074 0.5000000000
8840  27.617  -66.636  23.671 0.5000000000
112568  26.830  -66.404  23.315 0.6000000238
8852  26.388  -67.035  22.936 0.6000000238
115102  26.924  -64.872  22.345 0.6000000238
8225  25.896  -67.594  22.548 0.5000000000
9448  34.489  -65.166  21.162 0.4000000060
9457  34.829  -65.551  20.556 0.4000000060
8872  35.241  -65.856  19.917 0.4000000060
11211  29.878  -62.959  24.538 0.4000000060
10611  29.192  -63.394  24.247 0.5000000000
10594  29.069  -64.024  24.585 0.5000000000
10612  28.425  -63.859  23.816 0.5000000000
9429  27.323  -65.806  23.609 0.5000000000
9430  26.699  -65.541  22.988 0.6000000238
10622  27.931  -63.915  21.677 0.6000000238
9994  27.659  -64.225  22.757 0.6000000238
7084  38.438  -69.003  16.922 0.3000000119
101264  39.565  -67.221  16.973 0.3000000119
7607  37.499  -68.136  19.631 0.3000000119
111416  32.452  -62.457  24.584 0.4000000060
112071  31.735  -62.697  24.657 0.4000000060
11209  31.123  -62.689  24.697 0.4000000060
10592  30.592  -63.457  24.839 0.4000000060
11210  30.225  -62.152  24.130 0.4000000060
11223  29.389  -62.641  23.581 0.5000000000
11232  28.950  -62.884  22.672 0.5000000000
103469  26.177  -66.132  22.656 0.6000000238
8226  24.983  -67.228  22.164 0.5000000000
11822  30.900  -62.186  24.496 0.4000000060
8838  30.505  -65.790  24.246 0.4000000060
8224  26.694  -67.753  22.811 0.5000000000
7608  36.648  -67.630  19.633 0.3000000119
9984  27.947  -64.706  23.830 0.5000000000
9995  27.297  -65.028  23.311 0.6000000238
15817  25.449  -55.299  19.747 0.3000000119
6489  19.457  -70.274  20.490 0.5000000000
6490  19.080  -69.982  20.030 0.5000000000
6502  19.244  -69.925  19.801 0.5000000000
7057  19.088  -69.394  20.068 0.6000000238
7483  20.966  -67.976  31.205 0.5000000000
7497  17.352  -68.406  30.953 0.3000000119
7505  22.467  -67.854  29.421 0.5000000000
7574  19.751  -68.402  21.606 0.6000000238
7587  22.667  -67.915  20.814 0.6000000238
7588  19.197  -68.967  20.772 0.6000000238
7599  23.318  -69.008  20.904 0.6000000238
7636  39.391  -67.462  16.754 0.3000000119
8084  20.521  -67.455  31.437 0.4000000060
8097  22.562  -67.326  30.092 0.5000000000
8146  23.162  -67.557  27.694 0.5000000000
8159  22.494  -67.968  26.913 0.4000000060
8186  22.140  -67.495  24.444 0.6000000238
8206  27.139  -67.220  23.301 0.5000000000
8209  20.464  -67.912  22.355 0.6999999881
8239  19.819  -67.186  20.529 0.6999999881
8262  20.417  -67.536  19.695 0.6999999881
8731  21.913  -66.022  31.001 0.5000000000
8732  21.631  -66.642  31.124 0.5000000000
8733  20.842  -66.703  31.355 0.5000000000
8766  23.548  -66.485  29.598 0.4000000060
8768  18.505  -66.222  29.527 0.3000000119
8797  24.150  -66.294  26.258 0.5000000000
8821  29.671  -65.948  24.363 0.5000000000
8822  28.450  -66.780  23.832 0.5000000000
8823  23.418  -66.300  24.748 0.6000000238
8841  22.488  -66.276  23.305 0.6000000238
8842  21.753  -66.628  22.643 0.6000000238
8853  25.601  -66.686  22.403 0.6000000238
8867  20.763  -66.142  20.451 0.6999999881
8888  20.223  -67.106  19.814 0.6999999881
9327  23.856  -65.004  30.102 0.5000000000
9331  20.749  -65.387  30.921 0.4000000060
9333  19.154  -65.897  30.238 0.5000000000
9340  23.754  -65.733  29.888 0.5000000000
9375  24.594  -65.935  26.949 0.5000000000
9407  30.828  -65.020  24.638 0.4000000060
9463  21.131  -65.768  20.059 0.6999999881
9467  25.262  -65.332  18.935 0.6000000238
9470  22.559  -65.780  19.354 0.6999999881
9920  25.346  -64.377  28.564 0.4000000060
9936  25.044  -65.222  27.418 0.6000000238
9960  24.179  -64.948  25.048 0.6999999881
9982  32.410  -64.392  23.868 0.4000000060
10009  26.806  -64.980  18.728 0.8000000119
10013  22.084  -65.303  19.729 0.8000000119
10017  26.155  -64.402  18.591 0.6999999881
10508  23.763  -63.683  30.429 0.4000000060
10590  32.188  -63.204  24.577 0.4000000060
10593  29.726  -63.795  24.793 0.4000000060
10620  22.644  -63.438  21.982 0.8000000119
10633  28.383  -63.670  18.223 0.6999999881
11115  24.749  -62.500  30.109 0.4000000060
11128  22.789  -62.446  30.143 0.4000000060
11167  26.384  -62.410  27.779 0.5000000000
11168  26.027  -63.086  27.314 0.5000000000
11193  25.802  -62.697  25.626 0.5000000000
11212  25.774  -62.113  24.484 0.5000000000
11214  24.680  -62.733  24.094 0.4000000060
11224  28.828  -63.219  23.426 0.5000000000
11227  23.527  -62.494  22.876 0.6000000238
11233  23.198  -62.015  21.979 0.6999999881
11237  28.919  -62.957  21.649 0.6000000238
11246  23.647  -62.804  21.060 0.8000000119
11255  27.998  -63.543  18.136 0.6999999881
11751  25.480  -61.395  29.680 0.4000000060
11754  22.842  -61.593  29.676 0.4000000060
11764  26.780  -61.262  28.453 0.4000000060
11795  27.324  -61.079  25.948 0.4000000060
11824  26.495  -61.669  24.632 0.4000000060
11841  30.622  -61.304  22.554 0.5000000000
11864  29.389  -62.854  17.911 0.6000000238
12336  25.377  -60.656  29.645 0.4000000060
12374  27.705  -60.395  26.374 0.4000000060
12421  24.409  -60.169  21.952 0.4000000060
12422  23.812  -60.633  21.943 0.6000000238
13047  27.924  -59.706  24.274 0.4000000060
13055  27.245  -60.131  22.888 0.4000000060
13056  26.461  -60.265  22.593 0.4000000060
13087  26.151  -59.867  20.181 0.6000000238
13709  28.036  -58.880  23.128 0.4000000060
17537  26.160  -53.457  19.271 0.4000000060
100487  28.435  -65.415  24.313 0.5000000000
104108  26.520  -61.003  28.998 0.3000000119
104345  26.345  -52.118  19.029 0.4000000060
109845  25.323  -54.769  20.063 0.3000000119
114954  30.544  -62.673  24.612 0.4000000060
115514  22.983  -64.431  20.107 0.6999999881
115625  22.188  -64.629  21.695 0.8000000119
118077  27.777  -65.389  23.866 0.5000000000
119024  19.575  -65.757  30.549 0.5000000000
