#!ascii label  , from subject sub-01 vox2ras=TkReg
1590
15794  35.136  -55.694  22.267 0.6000000238
15038  34.765  -56.113  22.973 0.5000000000
16650  35.090  -54.003  21.545 0.6999999881
16655  35.735  -54.129  20.767 0.6000000238
16654  36.278  -54.622  20.275 0.6000000238
17515  36.007  -53.278  20.396 0.6000000238
15804  34.912  -54.792  22.083 0.6999999881
16649  35.397  -54.687  21.368 0.6000000238
15810  35.845  -55.051  20.848 0.5000000000
15809  36.411  -55.448  20.418 0.5000000000
116190  36.244  -53.912  20.186 0.6000000238
17514  36.485  -53.366  19.780 0.6000000238
16641  34.421  -54.564  22.721 0.5000000000
15047  35.749  -56.214  21.770 0.6000000238
17519  36.988  -53.569  19.043 0.6000000238
14356  34.846  -57.196  24.417 0.5000000000
15011  34.087  -56.792  24.904 0.5000000000
101934  35.539  -51.043  20.771 0.6000000238
112966  35.987  -51.668  20.175 0.6999999881
18366  34.449  -52.359  22.135 0.6000000238
18365  35.095  -52.308  21.341 0.6999999881
19229  35.496  -51.784  20.834 0.6000000238
18374  35.724  -52.472  20.610 0.6000000238
18373  36.276  -52.566  19.986 0.6000000238
113023  34.472  -53.876  22.352 0.6000000238
19237  36.484  -51.911  19.505 0.6000000238
16633  34.060  -54.786  23.312 0.5000000000
118605  34.004  -53.449  22.884 0.5000000000
18379  36.706  -52.700  19.300 0.6000000238
15784  34.201  -55.605  23.526 0.5000000000
17531  37.124  -52.758  18.637 0.6000000238
15021  33.777  -55.910  24.346 0.5000000000
118635  37.489  -52.736  18.083 0.6000000238
18399  37.700  -52.269  17.506 0.6999999881
17542  37.887  -53.146  17.664 0.6000000238
19277  37.744  -51.449  17.074 0.6999999881
17541  38.467  -53.616  17.185 0.6000000238
18398  38.323  -52.809  16.948 0.6000000238
17546  39.926  -53.875  15.820 0.6000000238
17547  39.075  -53.309  16.420 0.6000000238
19297  41.679  -52.278  12.940 0.5000000000
112382  41.669  -50.207  12.691 0.6999999881
103882  41.435  -51.451  12.826 0.6000000238
110182  40.740  -50.513  12.730 0.8000000119
20129  39.821  -51.152  13.023 0.6999999881
20063  35.634  -50.039  20.832 0.6000000238
20062  35.968  -50.726  20.081 0.6999999881
107123  34.694  -51.752  21.843 0.6999999881
19217  35.104  -51.430  21.372 0.6999999881
20049  35.122  -50.606  21.518 0.6000000238
103327  36.071  -49.962  20.026 0.6999999881
17492  34.182  -53.014  22.500 0.6000000238
19202  34.277  -51.616  22.554 0.6000000238
20072  36.418  -50.428  19.367 0.8000000119
18347  33.620  -52.449  23.796 0.5000000000
17493  33.790  -52.905  23.081 0.5000000000
20085  36.840  -50.665  18.598 0.8000000119
19251  36.630  -51.282  19.048 0.6000000238
16634  33.603  -54.118  23.898 0.5000000000
17483  33.694  -53.364  23.479 0.5000000000
19250  37.006  -51.424  18.437 0.6000000238
15778  33.325  -55.223  24.813 0.5000000000
101816  37.184  -50.138  17.966 0.8000000119
111672  37.434  -50.806  17.487 0.8000000119
19265  37.359  -51.502  17.800 0.6999999881
19276  38.435  -51.356  16.222 0.6999999881
20107  37.800  -50.665  16.774 0.6999999881
20113  39.236  -50.888  15.400 0.6999999881
20106  38.350  -50.357  16.088 0.6999999881
18409  38.175  -52.064  16.767 0.6999999881
19286  39.383  -51.699  15.433 0.6000000238
18408  38.969  -52.399  16.024 0.6000000238
20120  41.600  -51.238  13.423 0.6999999881
19285  40.612  -51.579  14.441 0.6999999881
18420  40.259  -52.382  14.934 0.6000000238
20119  42.019  -50.682  12.962 0.6999999881
116168  41.703  -51.965  13.286 0.6000000238
20128  41.981  -50.615  12.917 0.8000000119
19292  41.815  -52.502  13.098 0.6000000238
20973  41.707  -49.712  12.641 0.8999999762
20967  38.888  -50.235  13.347 0.6999999881
20965  40.689  -49.662  12.688 0.8000000119
101119  35.471  -48.911  21.297 0.6000000238
20895  35.909  -49.274  20.349 0.6999999881
21732  35.871  -48.019  20.103 0.6999999881
115304  35.108  -49.693  21.864 0.6000000238
21679  34.812  -48.777  23.207 0.4000000060
20050  34.693  -50.293  22.395 0.6000000238
21717  36.060  -48.731  19.963 0.6999999881
106271  34.457  -50.096  23.281 0.6000000238
20904  36.319  -49.365  19.527 0.8000000119
19176  34.196  -50.826  24.506 0.4000000060
18346  33.911  -51.413  23.580 0.5000000000
18357  33.917  -52.288  22.911 0.6000000238
20916  36.725  -49.793  18.726 0.8000000119
19177  33.791  -51.694  24.571 0.5000000000
20915  36.994  -49.120  18.070 0.8000000119
104504  33.318  -53.804  24.794 0.4000000060
20930  37.425  -49.502  17.353 0.8000000119
16617  33.185  -54.459  25.248 0.5000000000
21768  37.798  -49.050  16.743 0.8000000119
22612  38.990  -48.200  15.757 0.8000000119
20942  38.325  -49.481  16.122 0.6999999881
20943  37.789  -49.866  16.687 0.8000000119
20948  39.906  -49.659  14.827 0.8000000119
20949  39.061  -49.979  15.448 0.6999999881
21774  40.636  -48.335  14.604 0.8999999762
20956  41.286  -50.314  13.856 0.8999999762
20112  40.189  -50.582  14.621 0.6999999881
20127  42.067  -50.164  12.808 0.8999999762
20964  42.095  -50.161  12.874 0.8999999762
21797  38.508  -48.636  13.538 0.8000000119
21798  37.764  -48.646  13.959 0.8000000119
21796  39.659  -48.717  13.165 0.8000000119
103414  38.146  -49.344  13.666 0.8000000119
21805  40.858  -48.886  12.629 0.8000000119
20966  39.377  -49.531  13.188 0.6999999881
22556  35.489  -47.815  21.075 0.6999999881
22567  35.708  -47.170  20.366 0.6000000238
22547  35.238  -47.269  21.931 0.5000000000
22566  36.127  -47.427  19.584 0.6999999881
21678  35.181  -48.138  23.512 0.4000000060
21691  34.992  -48.211  22.814 0.5000000000
20873  35.017  -48.847  22.343 0.6000000238
21731  36.348  -48.359  19.347 0.6999999881
20861  34.637  -49.405  23.666 0.5000000000
103641  36.592  -48.998  18.824 0.6999999881
20845  35.420  -49.385  24.735 0.5000000000
112835  34.204  -50.614  23.708 0.6000000238
20007  35.016  -49.996  25.073 0.4000000060
20008  34.628  -50.185  24.730 0.4000000060
111088  37.452  -47.224  17.524 0.8000000119
21741  37.091  -48.337  17.860 0.8000000119
109251  34.166  -51.402  25.138 0.4000000060
22602  37.838  -48.215  16.816 0.8000000119
21753  37.418  -48.685  17.378 0.8000000119
108117  33.329  -53.110  25.017 0.3000000119
22600  38.997  -47.347  15.938 0.8000000119
118770  38.493  -47.108  16.431 0.8000000119
21767  38.353  -48.620  16.237 0.8000000119
22611  39.755  -47.771  15.383 0.8000000119
22610  40.573  -47.377  14.903 0.8999999762
21775  39.803  -48.711  15.122 0.8999999762
22620  41.497  -47.995  14.036 0.8999999762
21785  41.696  -48.990  13.676 0.8999999762
22619  42.220  -47.637  13.427 0.8999999762
21784  42.254  -48.622  13.169 0.8999999762
22631  38.798  -47.712  13.473 0.8000000119
21787  37.304  -48.301  14.390 0.8000000119
21795  42.264  -49.003  12.908 0.8999999762
21804  41.862  -48.997  12.595 0.8999999762
22641  39.977  -47.943  13.083 0.8000000119
22639  42.056  -48.145  12.690 0.8000000119
23371  35.343  -46.577  22.299 0.6000000238
23384  35.440  -46.703  21.324 0.6000000238
23394  35.711  -46.409  20.600 0.6000000238
22496  36.085  -47.368  24.123 0.4000000060
22515  35.541  -47.272  23.565 0.4000000060
22532  35.193  -47.388  22.807 0.4000000060
21705  35.209  -48.069  22.049 0.5000000000
22497  35.631  -47.875  24.079 0.4000000060
22576  36.557  -47.591  18.840 0.6999999881
21662  35.387  -48.630  24.320 0.5000000000
23410  36.813  -46.993  18.501 0.6999999881
101824  36.128  -49.017  24.795 0.5000000000
23418  37.741  -46.552  17.336 0.8000000119
22575  37.014  -47.600  18.059 0.8000000119
23431  38.951  -46.610  16.254 0.8000000119
22584  37.904  -47.316  16.906 0.8000000119
23443  39.744  -46.768  15.654 0.8000000119
23442  40.685  -46.488  15.178 0.8999999762
23441  41.562  -46.202  14.681 0.8999999762
22630  42.376  -48.144  12.968 1.0000000000
23461  38.761  -46.665  13.575 0.8000000119
22629  42.459  -47.433  12.844 1.0000000000
110656  39.420  -47.171  13.234 0.8000000119
109247  42.225  -47.219  12.576 1.0000000000
22640  41.088  -48.075  12.674 0.8000000119
110755  40.287  -47.202  12.870 0.8000000119
24177  35.621  -45.778  21.172 0.6000000238
24905  35.913  -45.194  20.728 0.6000000238
24153  35.607  -45.804  22.506 0.6000000238
24904  36.192  -44.380  20.820 0.6999999881
23336  36.606  -46.971  24.044 0.4000000060
23356  35.999  -46.516  23.722 0.4000000060
23357  35.508  -46.513  23.088 0.4000000060
22495  36.813  -47.658  24.292 0.4000000060
24186  36.817  -45.462  19.178 0.6999999881
21660  37.028  -48.631  24.493 0.5000000000
111328  38.168  -47.582  23.660 0.4000000060
24193  36.925  -46.172  18.672 0.8000000119
23432  38.341  -46.537  16.767 0.8000000119
24200  37.510  -45.891  17.907 0.8000000119
24198  39.202  -45.334  16.742 0.8000000119
24228  40.108  -45.980  15.700 0.8000000119
109691  39.467  -45.969  16.186 0.8000000119
23450  42.301  -46.735  13.739 0.8999999762
24226  41.607  -45.350  14.866 0.8999999762
23449  42.935  -46.409  13.189 1.0000000000
104231  43.098  -46.326  12.842 1.0000000000
23467  42.914  -46.420  12.686 1.0000000000
23460  39.608  -46.459  13.176 0.8000000119
23462  38.009  -47.040  14.011 0.8000000119
23468  42.631  -46.572  12.523 1.0000000000
23470  40.627  -46.475  12.721 0.8000000119
23469  41.804  -46.553  12.419 0.8000000119
24868  36.646  -44.885  23.115 0.6000000238
111953  35.438  -46.031  21.852 0.6000000238
24894  35.803  -45.000  21.442 0.6000000238
24914  36.400  -45.087  19.929 0.6999999881
25631  36.727  -44.127  19.969 0.6999999881
23355  36.846  -46.346  23.836 0.4000000060
118293  37.132  -45.780  23.615 0.5000000000
24140  35.780  -45.907  23.152 0.5000000000
24913  37.056  -44.717  19.254 0.8000000119
22514  37.427  -47.076  23.952 0.4000000060
24192  37.330  -45.307  18.611 0.8000000119
21690  38.902  -47.578  23.036 0.4000000060
22513  38.270  -46.920  23.490 0.4000000060
24199  38.311  -45.704  17.216 0.8000000119
24191  37.919  -45.032  17.930 0.8000000119
24213  38.832  -46.016  16.614 0.8000000119
24960  40.928  -44.782  15.630 0.8000000119
24240  42.448  -45.979  14.026 1.0000000000
24958  42.436  -44.321  14.422 1.0000000000
24239  43.200  -45.848  13.140 1.0000000000
24984  43.336  -44.835  12.035 1.0000000000
24258  40.990  -45.734  12.551 0.8999999762
24252  38.936  -45.668  13.552 0.8000000119
111323  39.467  -45.091  13.410 0.8999999762
24985  42.472  -44.954  12.187 1.0000000000
24986  41.265  -44.963  12.490 1.0000000000
24987  40.233  -44.979  13.048 1.0000000000
25706  44.561  -43.166  11.573 1.0000000000
25707  43.670  -43.963  11.865 1.0000000000
26451  43.819  -43.117  11.582 1.0000000000
26449  45.753  -42.396  10.938 1.0000000000
26450  44.838  -42.661  10.989 1.0000000000
25600  36.614  -43.785  22.207 0.6999999881
25610  36.509  -43.661  21.393 0.6999999881
25609  36.973  -43.111  21.757 0.6999999881
24881  36.951  -44.115  22.875 0.6000000238
25622  36.645  -43.670  20.640 0.6999999881
24137  38.763  -45.559  23.081 0.5000000000
25630  37.464  -43.821  19.273 0.8000000119
23369  39.176  -46.341  22.719 0.4000000060
24922  38.271  -44.259  18.083 0.8000000119
102759  38.809  -44.662  17.410 0.8000000119
24944  39.687  -44.524  16.853 0.8000000119
117280  39.423  -44.009  17.352 0.8000000119
24943  40.442  -44.262  16.382 0.6999999881
24212  40.106  -45.200  16.167 0.8000000119
24959  41.649  -44.518  15.017 0.8999999762
25679  41.126  -43.873  15.784 0.8000000119
25678  41.585  -43.208  15.473 1.0000000000
108905  41.749  -43.853  15.092 1.0000000000
24968  43.198  -44.922  13.374 1.0000000000
25677  42.329  -43.495  14.699 1.0000000000
105353  42.899  -42.198  14.411 1.0000000000
25687  44.002  -43.653  13.019 1.0000000000
26440  44.682  -42.992  12.337 1.0000000000
25696  44.356  -43.570  12.029 1.0000000000
25709  41.462  -44.211  12.339 1.0000000000
24977  40.441  -44.275  13.030 1.0000000000
26439  45.551  -42.392  11.600 1.0000000000
25708  42.641  -44.226  11.900 1.0000000000
26452  42.680  -43.403  11.932 1.0000000000
26441  42.724  -42.396  12.263 1.0000000000
27178  46.003  -42.071  10.874 1.0000000000
27173  44.882  -41.967  10.818 1.0000000000
25621  36.914  -43.040  20.961 0.6999999881
24880  38.800  -44.024  23.111 0.5000000000
25599  37.284  -43.402  22.511 0.6999999881
102603  37.159  -43.357  20.143 0.6999999881
24867  37.371  -44.666  23.234 0.6000000238
24866  38.253  -44.698  23.219 0.5000000000
25629  37.719  -43.065  19.618 0.8000000119
98713  38.230  -43.235  18.880 0.8000000119
25641  38.449  -43.672  18.304 0.6999999881
24928  38.873  -43.825  17.798 0.8000000119
25663  40.013  -43.752  16.995 0.8000000119
25651  39.525  -43.275  17.595 0.8000000119
25662  40.578  -43.441  16.490 0.6999999881
26407  41.264  -42.438  15.842 0.8999999762
27136  40.759  -41.602  16.366 0.8000000119
104302  40.559  -40.482  16.510 0.8000000119
107303  40.635  -39.450  16.533 0.8000000119
27898  41.147  -40.839  16.013 0.8000000119
26419  42.114  -42.516  15.056 1.0000000000
108606  41.605  -41.514  15.555 0.8999999762
27910  41.687  -40.506  15.589 0.8999999762
28678  41.162  -40.001  16.051 0.8000000119
117088  42.305  -41.707  14.975 0.8999999762
27155  42.894  -41.411  14.554 1.0000000000
26429  43.846  -42.706  13.549 1.0000000000
27164  44.648  -42.048  13.030 1.0000000000
27163  45.722  -41.536  12.015 1.0000000000
27165  42.750  -41.315  12.686 1.0000000000
27934  44.680  -40.908  13.279 1.0000000000
27172  46.190  -41.876  11.040 1.0000000000
27945  43.784  -41.032  11.921 1.0000000000
27933  45.548  -40.379  12.476 1.0000000000
28721  46.264  -39.714  11.938 1.0000000000
28724  45.727  -40.445  10.923 1.0000000000
25598  38.612  -43.314  22.892 0.6999999881
99111  37.965  -43.136  22.694 0.6999999881
26339  37.665  -42.753  22.165 0.6999999881
26350  37.537  -42.559  21.382 0.6999999881
25597  39.285  -43.518  22.984 0.6000000238
26363  37.672  -42.577  20.411 0.6999999881
24879  39.771  -44.197  22.926 0.5000000000
24151  39.164  -44.894  22.923 0.5000000000
26371  38.254  -42.512  19.516 0.8000000119
26385  39.277  -42.701  18.064 0.6999999881
26386  38.774  -42.556  18.690 0.6999999881
26400  39.718  -42.495  17.606 0.6999999881
25650  40.181  -42.973  17.098 0.6999999881
26408  40.665  -42.624  16.493 0.6999999881
26399  40.204  -42.128  17.071 0.6999999881
104291  39.966  -41.102  17.135 0.8000000119
28670  39.239  -39.669  17.899 0.8000000119
107106  39.619  -39.019  17.580 0.8000000119
27887  39.855  -39.854  17.106 0.8000000119
29437  40.253  -38.761  17.089 0.8000000119
104310  42.257  -40.975  15.109 1.0000000000
28689  41.781  -39.583  15.652 0.8999999762
29444  40.980  -38.405  16.602 0.8000000119
117764  41.617  -38.177  16.245 0.8000000119
112025  43.564  -41.918  13.968 1.0000000000
27925  42.959  -40.604  14.659 1.0000000000
27154  43.760  -41.218  14.028 1.0000000000
27924  43.787  -40.270  14.165 1.0000000000
28715  44.617  -39.817  13.529 1.0000000000
27936  41.911  -40.707  13.430 1.0000000000
28714  45.518  -39.285  12.881 1.0000000000
28713  46.068  -38.757  12.373 1.0000000000
28722  46.230  -39.341  11.235 1.0000000000
27944  44.929  -40.851  11.049 1.0000000000
29485  46.030  -38.636  11.468 1.0000000000
116547  39.295  -42.316  22.538 0.6999999881
27090  38.604  -41.530  21.514 0.6000000238
26362  38.111  -41.985  21.008 0.6000000238
100213  38.291  -41.889  20.178 0.6000000238
27110  38.643  -41.803  19.272 0.6999999881
106757  39.260  -41.991  18.298 0.6999999881
108237  39.726  -41.819  17.599 0.6999999881
30227  39.781  -37.523  18.524 0.8000000119
29438  39.963  -38.075  17.727 0.8000000119
30248  41.747  -37.365  16.805 0.8000000119
29452  41.975  -38.590  15.767 0.8000000119
28705  43.024  -39.672  14.734 1.0000000000
29451  42.712  -38.095  15.417 1.0000000000
29442  42.440  -37.408  16.160 0.6999999881
29467  43.198  -38.649  14.843 1.0000000000
30254  43.162  -37.199  15.724 0.8999999762
29466  44.150  -38.109  14.467 1.0000000000
28703  44.680  -38.732  13.676 1.0000000000
30261  44.419  -37.164  14.228 1.0000000000
29479  45.518  -38.372  13.122 1.0000000000
30280  45.452  -37.682  12.406 1.0000000000
115722  44.852  -39.785  11.276 1.0000000000
109305  43.704  -39.775  11.869 1.0000000000
27935  42.634  -40.302  12.753 1.0000000000
109702  45.966  -39.008  11.065 1.0000000000
26349  38.195  -42.191  21.837 0.6999999881
117622  38.423  -41.304  19.943 0.6000000238
117889  38.579  -41.054  19.436 0.6999999881
27875  38.994  -40.418  18.309 0.6999999881
27118  38.877  -41.169  18.728 0.6999999881
27128  39.384  -41.192  17.951 0.6999999881
28659  38.751  -39.596  18.712 0.8000000119
100371  39.217  -38.662  18.366 0.6999999881
102693  39.134  -38.061  19.089 0.6999999881
30238  40.776  -36.941  18.002 0.6999999881
30237  41.889  -36.454  17.598 0.6999999881
31032  42.670  -36.234  16.965 0.8000000119
29450  43.591  -37.579  15.143 0.8999999762
30262  44.224  -37.148  14.726 1.0000000000
31037  43.283  -36.268  15.723 1.0000000000
28717  41.782  -39.789  13.330 1.0000000000
30275  44.896  -37.485  13.361 1.0000000000
116511  44.282  -39.014  11.307 1.0000000000
29491  45.256  -38.214  11.019 1.0000000000
27089  39.204  -41.188  21.948 0.6000000238
27842  38.786  -40.769  21.273 0.6000000238
27101  38.490  -41.208  20.669 0.6000000238
27854  38.589  -40.416  20.631 0.6000000238
27867  38.424  -40.498  19.972 0.6000000238
28652  38.480  -39.627  19.608 0.6000000238
102907  38.575  -40.389  19.113 0.6000000238
29416  38.721  -38.813  19.284 0.6999999881
30219  39.622  -37.192  19.503 0.6999999881
31005  40.552  -35.955  19.607 0.6999999881
30226  40.703  -36.364  18.822 0.6999999881
99121  41.710  -35.903  18.258 0.6999999881
35332  46.372  -31.880  19.195 0.3000000119
31022  42.227  -35.707  17.575 0.6999999881
31014  41.784  -35.343  18.039 0.6999999881
35360  46.896  -31.069  17.735 0.3000000119
31021  42.590  -35.675  16.960 0.8000000119
27144  37.584  -41.469  15.968 0.8999999762
30246  43.255  -36.198  15.993 1.0000000000
27911  39.423  -40.699  15.056 1.0000000000
102526  41.270  -40.243  13.779 1.0000000000
27926  40.573  -40.256  14.271 1.0000000000
118255  43.969  -36.656  14.500 1.0000000000
100351  44.836  -37.578  11.107 1.0000000000
31062  44.968  -37.364  11.791 1.0000000000
28716  42.354  -39.343  12.548 1.0000000000
30284  44.277  -37.279  10.633 1.0000000000
27828  39.949  -40.974  22.152 0.6000000238
27841  39.384  -40.414  21.618 0.6000000238
27840  40.179  -40.071  21.693 0.6000000238
28625  39.425  -39.586  21.342 0.6000000238
28624  40.007  -39.225  21.508 0.6000000238
29389  39.559  -38.678  21.135 0.6999999881
28639  38.898  -39.208  20.746 0.6000000238
29402  39.038  -38.426  20.487 0.6999999881
30204  45.133  -37.635  21.038 0.3000000119
30977  45.163  -36.766  21.409 0.3000000119
29415  38.922  -38.171  19.795 0.6999999881
31004  40.420  -35.823  20.366 0.6999999881
34494  45.986  -32.348  19.828 0.3000000119
35319  45.296  -31.938  20.277 0.4000000060
35348  46.010  -31.098  18.871 0.4000000060
36264  45.377  -30.672  19.254 0.4000000060
27137  36.764  -41.359  16.561 0.6999999881
37235  44.104  -29.722  15.963 0.3000000119
36286  46.332  -30.667  18.185 0.3000000119
31913  41.571  -35.034  18.012 0.6999999881
27913  38.064  -40.527  15.898 0.8999999762
37234  45.444  -29.637  16.299 0.3000000119
36287  45.665  -30.289  18.510 0.3000000119
28690  39.111  -39.684  15.086 0.8999999762
37205  45.180  -29.578  18.015 0.3000000119
36288  44.973  -29.884  18.846 0.3000000119
31923  42.782  -35.715  16.465 0.8000000119
31938  42.731  -36.092  14.911 1.0000000000
115527  41.534  -39.095  12.994 1.0000000000
31052  44.088  -36.825  13.526 1.0000000000
29487  43.050  -38.592  11.471 1.0000000000
29488  41.743  -38.654  12.198 1.0000000000
31058  44.222  -36.955  12.196 1.0000000000
29486  44.298  -38.006  10.729 1.0000000000
31063  44.241  -36.865  10.941 1.0000000000
30290  43.873  -36.876  10.436 1.0000000000
31064  43.435  -36.171  10.490 1.0000000000
29388  40.414  -38.487  21.531 0.6999999881
29384  44.429  -38.288  21.206 0.3000000119
30191  44.504  -37.398  21.661 0.4000000060
30194  40.005  -37.816  21.283 0.6999999881
30195  39.491  -37.984  20.874 0.6999999881
30206  39.372  -37.658  20.295 0.6999999881
103611  44.459  -36.710  21.956 0.4000000060
30990  39.894  -36.756  20.245 0.6999999881
109097  45.374  -35.965  21.422 0.3000000119
30957  43.957  -36.129  22.333 0.5000000000
30989  40.454  -35.824  21.123 0.6999999881
31867  44.990  -35.283  21.731 0.5000000000
110352  40.636  -35.117  20.433 0.6999999881
106226  45.207  -33.667  21.240 0.4000000060
103508  43.035  -33.574  22.482 0.6000000238
34463  43.834  -32.317  21.702 0.5000000000
31894  40.881  -35.079  19.560 0.6999999881
34483  45.527  -32.970  20.587 0.3000000119
31904  41.233  -35.069  18.626 0.6999999881
37207  42.113  -29.442  18.259 0.4000000060
118493  44.042  -31.777  21.229 0.4000000060
27900  36.487  -40.348  16.844 0.6999999881
99053  42.627  -29.447  17.382 0.4000000060
35334  45.046  -31.055  19.981 0.4000000060
36241  44.217  -30.736  20.223 0.4000000060
27138  35.971  -41.724  17.102 0.6000000238
37206  43.657  -29.280  17.901 0.3000000119
37223  43.274  -29.504  16.692 0.4000000060
36265  44.623  -30.306  19.560 0.4000000060
36242  43.363  -30.464  20.461 0.4000000060
31912  42.118  -35.404  17.493 0.6999999881
32786  40.720  -34.755  18.522 0.6999999881
102255  43.055  -29.303  18.584 0.4000000060
36266  43.773  -30.017  19.819 0.4000000060
36243  42.548  -30.329  20.573 0.4000000060
31924  42.333  -35.469  16.759 0.8000000119
37222  44.339  -29.371  17.323 0.3000000119
114886  44.483  -29.444  18.265 0.3000000119
37175  43.280  -29.543  19.396 0.4000000060
28718  40.864  -39.331  13.520 1.0000000000
31934  41.289  -35.636  15.923 0.8999999762
31041  43.368  -36.494  14.124 1.0000000000
29492  43.134  -37.591  10.613 1.0000000000
31963  43.152  -35.571  10.858 1.0000000000
99339  43.598  -36.409  11.420 1.0000000000
31053  43.297  -36.646  12.825 1.0000000000
30285  43.369  -36.768  10.346 1.0000000000
30286  42.253  -37.182  10.537 1.0000000000
31968  42.932  -35.378  10.242 1.0000000000
30291  42.675  -36.298  10.245 1.0000000000
110368  41.196  -38.926  21.639 0.6000000238
29374  42.138  -38.036  22.200 0.6000000238
29387  41.279  -38.209  21.897 0.6000000238
29375  41.494  -37.425  22.161 0.6999999881
30192  43.886  -37.828  21.880 0.5000000000
29373  43.039  -37.778  22.283 0.6000000238
30193  40.740  -37.579  21.727 0.6999999881
30177  43.759  -37.062  22.284 0.4000000060
30979  40.415  -36.879  21.376 0.6999999881
30205  39.828  -37.295  20.838 0.6999999881
30958  43.172  -36.288  22.561 0.6000000238
112902  41.183  -36.207  22.166 0.6999999881
31849  43.410  -35.498  22.552 0.6000000238
106237  40.758  -36.131  21.777 0.6999999881
31848  44.218  -35.270  22.300 0.6000000238
115615  43.605  -34.866  22.525 0.6000000238
31869  40.793  -35.334  21.638 0.6999999881
31881  40.637  -34.869  20.973 0.6999999881
33566  43.842  -33.714  22.277 0.5000000000
34445  42.663  -32.917  22.274 0.6000000238
33567  42.227  -33.531  22.451 0.6000000238
32747  40.591  -34.556  20.142 0.6000000238
37209  40.447  -29.841  18.193 0.4000000060
99488  43.010  -32.212  22.016 0.4000000060
34446  42.011  -32.969  22.256 0.5000000000
33568  41.569  -33.437  22.185 0.6000000238
37208  41.198  -29.650  17.994 0.4000000060
32774  40.694  -34.647  19.332 0.6999999881
37178  40.743  -29.789  19.102 0.5000000000
35321  43.738  -31.169  20.857 0.4000000060
36220  42.952  -30.931  21.104 0.4000000060
103206  38.397  -39.558  15.529 0.8999999762
27899  37.293  -40.468  16.411 0.6999999881
36244  41.719  -30.379  20.608 0.4000000060
31925  41.288  -35.308  17.060 0.6999999881
101458  40.787  -34.994  17.758 0.6999999881
37176  42.520  -29.473  19.322 0.4000000060
29468  39.297  -39.013  14.410 0.8999999762
31940  41.240  -35.926  14.940 0.8999999762
29481  40.084  -38.637  13.104 0.8999999762
29493  41.919  -37.952  11.226 1.0000000000
29480  40.862  -38.665  12.716 1.0000000000
31042  42.414  -36.401  13.455 1.0000000000
31059  42.693  -36.197  12.144 1.0000000000
29494  40.838  -38.219  11.786 1.0000000000
31964  42.393  -35.375  11.651 1.0000000000
33686  41.866  -33.095  10.624 0.8999999762
32829  42.070  -33.785  10.859 1.0000000000
31969  42.768  -34.875  10.498 1.0000000000
106012  41.991  -35.798  10.121 1.0000000000
30292  41.703  -36.703  10.467 1.0000000000
32828  42.473  -34.266  10.247 1.0000000000
32833  42.429  -34.341  9.973 1.0000000000
31070  40.947  -35.771  10.301 0.8999999762
33685  42.204  -33.549  10.071 1.0000000000
31973  41.730  -34.893  9.873 0.8999999762
30178  42.266  -37.240  22.428 0.6000000238
30960  41.634  -36.648  22.344 0.6999999881
30961  40.980  -36.808  21.987 0.6999999881
30959  42.362  -36.430  22.557 0.6999999881
31852  41.083  -35.676  22.102 0.6999999881
31850  42.587  -35.624  22.628 0.6000000238
109926  42.924  -34.886  22.659 0.6000000238
31851  42.073  -34.913  22.617 0.6999999881
31868  41.252  -34.901  22.203 0.6000000238
99072  40.842  -34.478  21.539 0.6000000238
118178  40.771  -33.781  21.414 0.6000000238
37226  40.605  -29.520  17.601 0.3000000119
32711  43.350  -34.275  22.535 0.6000000238
32712  42.542  -34.212  22.600 0.6000000238
32732  40.552  -33.926  20.790 0.6000000238
37210  39.877  -30.010  17.973 0.4000000060
36301  38.988  -30.246  17.764 0.4000000060
34465  41.517  -32.714  21.869 0.6000000238
33583  41.028  -33.262  21.668 0.6000000238
34466  40.860  -32.469  21.331 0.5000000000
32762  40.184  -33.859  19.884 0.6000000238
35304  41.511  -31.911  21.534 0.4000000060
36289  39.999  -30.156  18.909 0.5000000000
35322  40.897  -30.639  20.543 0.4000000060
36222  41.548  -31.084  21.124 0.4000000060
32775  39.929  -34.253  19.146 0.6000000238
36268  40.398  -30.331  19.803 0.5000000000
37155  42.074  -29.769  20.038 0.4000000060
112351  39.318  -34.614  18.375 0.6000000238
36267  41.191  -29.902  20.002 0.4000000060
35335  40.118  -31.062  20.258 0.4000000060
31935  40.038  -35.617  15.918 0.8999999762
31926  39.757  -35.382  16.789 0.8000000119
29469  38.615  -38.807  14.905 0.8999999762
29482  39.337  -38.532  13.477 0.8999999762
29490  39.461  -38.130  12.534 0.8999999762
114011  40.176  -38.325  12.326 0.8999999762
31952  41.754  -35.981  12.844 1.0000000000
32822  42.258  -34.520  11.231 1.0000000000
30287  40.977  -37.478  11.099 1.0000000000
31065  40.850  -36.559  10.669 0.8999999762
32834  41.696  -33.934  9.826 1.0000000000
31974  40.359  -35.320  10.412 0.8999999762
33689  41.959  -33.095  9.905 1.0000000000
33690  41.089  -33.278  9.750 0.8999999762
104256  41.681  -35.770  22.457 0.6999999881
38050  41.155  -29.139  17.091 0.3000000119
37227  39.682  -29.600  17.651 0.3000000119
33584  40.523  -33.162  21.088 0.6000000238
36291  38.551  -30.953  18.258 0.5000000000
36302  38.267  -30.696  17.647 0.4000000060
34484  40.294  -32.397  20.745 0.5000000000
35323  40.723  -31.568  20.889 0.5000000000
36290  39.272  -30.536  18.580 0.5000000000
35324  40.014  -31.779  20.434 0.5000000000
33600  39.701  -32.414  20.206 0.5000000000
35349  38.871  -31.233  19.120 0.5000000000
35336  39.413  -31.645  19.834 0.5000000000
36269  39.620  -30.763  19.500 0.5000000000
31914  39.275  -35.052  17.562 0.6999999881
34507  38.095  -32.575  18.871 0.5000000000
34496  38.638  -32.090  19.362 0.5000000000
31927  38.806  -35.213  16.637 0.6000000238
31941  40.156  -35.728  14.804 0.8999999762
31953  40.897  -35.650  13.351 0.8999999762
31939  41.505  -36.189  14.050 0.8999999762
33680  41.110  -33.505  11.694 0.8999999762
32823  41.294  -34.297  11.973 0.8999999762
31965  41.457  -35.162  12.356 1.0000000000
30288  39.871  -37.123  11.447 0.8999999762
29489  40.027  -37.929  11.785 0.8999999762
34578  42.130  -32.802  10.044 0.6999999881
31066  40.033  -36.138  11.008 0.8999999762
111040  40.771  -34.588  9.988 0.8999999762
38051  40.277  -29.074  17.387 0.3000000119
38052  39.189  -28.872  17.475 0.4000000060
112727  38.571  -29.005  17.317 0.3000000119
37228  38.203  -30.082  17.287 0.3000000119
37229  37.689  -29.906  16.745 0.4000000060
36303  37.789  -30.705  17.218 0.4000000060
33599  40.091  -33.127  20.419 0.6000000238
35361  37.910  -31.372  17.806 0.5000000000
35362  37.509  -31.915  17.460 0.4000000060
34495  39.169  -32.444  19.733 0.5000000000
33619  39.134  -33.633  19.342 0.5000000000
34508  37.717  -32.191  18.205 0.5000000000
32776  38.696  -34.122  18.674 0.5000000000
108442  37.928  -33.785  18.125 0.5000000000
32787  38.423  -34.505  17.842 0.5000000000
32788  37.706  -34.069  17.270 0.5000000000
32800  38.272  -34.858  16.032 0.6000000238
31936  39.030  -35.378  15.903 0.6000000238
33663  38.270  -33.834  14.456 0.6999999881
32804  39.354  -35.117  14.238 0.6999999881
111384  40.673  -35.832  14.148 0.6999999881
32812  38.916  -34.303  13.892 0.6999999881
32811  39.709  -34.601  13.402 0.8000000119
31954  40.093  -35.402  13.750 0.8000000119
30281  39.441  -37.657  12.015 0.8999999762
32824  40.349  -34.017  12.636 0.8999999762
32810  40.537  -34.895  12.897 0.8999999762
31970  39.368  -35.597  11.138 0.8999999762
32830  39.587  -34.767  10.602 0.8999999762
33693  41.553  -32.673  9.788 1.0000000000
103275  38.477  -28.465  17.249 0.3000000119
38063  37.903  -28.348  16.768 0.3000000119
37239  37.487  -29.427  16.305 0.3000000119
104962  37.436  -31.648  16.769 0.4000000060
36313  37.491  -30.810  16.576 0.4000000060
36323  37.303  -30.699  15.809 0.4000000060
34519  37.503  -32.559  17.712 0.4000000060
101285  37.332  -31.389  16.104 0.4000000060
113982  37.341  -31.263  15.437 0.4000000060
34531  37.355  -32.484  16.957 0.4000000060
34541  37.363  -32.679  16.140 0.4000000060
33658  37.510  -33.429  15.828 0.5000000000
33649  37.419  -33.370  16.676 0.5000000000
33671  38.650  -33.455  13.606 0.6000000238
33670  39.437  -33.763  13.137 0.8000000119
34579  41.741  -32.468  10.540 0.6999999881
32835  40.390  -33.994  10.012 0.8999999762
111115  38.826  -35.140  11.282 0.8999999762
34589  41.180  -32.181  9.753 0.8999999762
34586  40.566  -32.686  9.820 0.8000000119
33691  39.926  -33.321  10.095 0.8000000119
35433  40.817  -31.550  9.763 0.6999999881
36374  41.454  -30.998  9.801 0.8000000119
108624  37.577  -27.969  16.265 0.3000000119
100878  37.421  -28.710  16.151 0.3000000119
100924  37.305  -30.088  15.504 0.3000000119
37261  37.374  -29.616  14.714 0.4000000060
36333  37.357  -30.678  14.872 0.4000000060
35397  37.734  -31.185  13.971 0.5000000000
35379  37.399  -32.018  15.574 0.5000000000
34557  37.986  -32.102  13.855 0.5000000000
35396  38.290  -31.515  13.366 0.5000000000
34549  38.038  -33.003  14.114 0.5000000000
34556  38.487  -32.729  13.456 0.5000000000
34555  39.090  -32.992  12.862 0.6000000238
33681  40.058  -33.243  12.356 0.6999999881
34568  39.709  -32.467  12.101 0.6999999881
34580  40.715  -32.065  11.353 0.6999999881
35421  40.723  -31.346  11.228 0.6999999881
35420  41.673  -31.936  10.451 0.6999999881
36357  41.907  -31.364  10.349 0.6999999881
35429  41.909  -31.992  10.122 0.8000000119
36356  42.171  -30.736  10.280 0.6999999881
38820  38.407  -27.640  17.166 0.3000000119
38839  37.511  -27.346  15.960 0.3000000119
38071  37.389  -28.017  15.585 0.4000000060
102182  37.330  -28.748  15.203 0.3000000119
36340  37.700  -30.301  13.861 0.4000000060
37269  37.769  -29.374  13.479 0.3000000119
36339  38.219  -30.863  13.219 0.5000000000
35408  38.672  -31.350  12.776 0.6000000238
102269  38.223  -30.063  12.885 0.3000000119
36347  38.798  -30.714  12.422 0.5000000000
37275  38.920  -29.917  12.149 0.4000000060
34569  38.786  -32.097  12.918 0.6999999881
110988  39.450  -31.529  11.981 0.6999999881
34567  40.895  -32.776  11.500 0.6999999881
37288  40.747  -30.573  11.256 0.6000000238
107208  37.412  -28.021  14.643 0.3000000119
38080  37.499  -28.691  14.137 0.3000000119
37268  38.420  -29.191  12.603 0.3000000119
38088  37.955  -28.371  13.064 0.3000000119
38093  38.761  -28.386  12.432 0.3000000119
102250  39.248  -29.200  12.040 0.4000000060
36346  39.626  -30.631  11.748 0.5000000000
37274  39.693  -29.945  11.706 0.5000000000
38103  40.476  -29.552  11.542 0.5000000000
40587  38.144  -26.026  16.674 0.4000000060
108427  37.581  -26.654  15.498 0.3000000119
38852  37.460  -27.341  15.052 0.3000000119
108445  37.662  -26.661  14.510 0.3000000119
38860  37.574  -27.355  14.087 0.3000000119
38868  38.037  -27.493  13.283 0.3000000119
38875  38.475  -27.720  12.754 0.3000000119
38874  39.232  -27.551  12.453 0.3000000119
38092  39.718  -28.442  12.013 0.4000000060
108410  40.479  -27.513  12.135 0.4000000060
115351  40.734  -28.647  11.734 0.4000000060
38102  41.597  -28.195  11.677 0.4000000060
101019  41.899  -29.424  11.088 0.5000000000
37287  41.808  -30.460  10.660 0.6000000238
106608  42.966  -29.617  9.816 0.6999999881
35430  39.719  -31.326  9.940 0.8000000119
40588  37.945  -25.296  16.225 0.4000000060
39692  37.722  -25.894  14.915 0.3000000119
38869  38.048  -26.700  13.622 0.3000000119
39714  38.760  -26.789  12.912 0.3000000119
98977  39.858  -26.473  12.567 0.4000000060
38873  41.676  -27.036  11.844 0.4000000060
38884  43.535  -27.878  11.313 0.4000000060
37286  42.556  -30.181  10.101 0.6000000238
111326  43.548  -28.891  10.735 0.4000000060
36364  43.309  -29.677  9.821 0.6999999881
38112  44.152  -29.494  10.054 0.4000000060
38903  44.038  -28.439  9.516 0.4000000060
37307  43.836  -29.492  9.433 0.6000000238
110574  43.043  -28.402  9.448 0.5000000000
37308  42.169  -29.675  9.576 0.6000000238
36375  40.406  -30.719  9.741 0.6999999881
37310  39.866  -29.827  9.762 0.6999999881
41467  38.181  -24.531  16.446 0.3000000119
40607  37.736  -25.371  15.519 0.3000000119
104180  38.002  -26.097  14.076 0.3000000119
39702  38.644  -25.896  13.455 0.3000000119
39712  41.031  -26.224  12.323 0.3000000119
40645  41.621  -25.155  12.237 0.3000000119
39721  42.883  -26.782  11.802 0.3000000119
40644  42.755  -25.032  12.154 0.3000000119
38883  44.061  -27.733  11.072 0.4000000060
39720  43.780  -26.680  11.586 0.3000000119
40649  43.438  -24.981  11.424 0.3000000119
38896  43.760  -27.221  10.223 0.3000000119
39732  42.966  -26.164  10.310 0.3000000119
39740  43.239  -27.333  9.815 0.3000000119
39733  41.789  -26.490  10.177 0.4000000060
38904  41.857  -28.354  9.586 0.5000000000
38122  41.262  -29.053  9.554 0.5000000000
119566  40.201  -28.936  9.712 0.5000000000
41468  37.797  -24.605  15.604 0.3000000119
40622  37.791  -25.041  14.751 0.3000000119
39691  38.157  -25.432  14.008 0.3000000119
40632  38.950  -24.939  13.309 0.3000000119
39713  39.609  -25.405  12.839 0.3000000119
41520  42.106  -24.616  11.999 0.3000000119
41531  43.020  -24.589  11.342 0.3000000119
40661  42.282  -25.448  10.617 0.3000000119
111047  41.359  -25.860  10.512 0.3000000119
38897  40.256  -27.712  10.059 0.4000000060
118240  40.480  -28.520  9.710 0.5000000000
38906  39.981  -28.185  9.869 0.5000000000
38123  39.535  -28.420  9.996 0.5000000000
42451  37.706  -23.753  15.363 0.3000000119
41496  37.784  -24.225  14.600 0.3000000119
41495  38.239  -24.611  13.830 0.3000000119
108619  40.565  -25.439  12.497 0.3000000119
40646  40.818  -24.510  12.256 0.3000000119
102232  41.127  -24.448  12.073 0.3000000119
41533  41.821  -24.567  11.628 0.3000000119
39734  40.778  -26.788  10.322 0.4000000060
38898  39.536  -27.651  10.171 0.4000000060
108516  38.741  -27.583  10.275 0.4000000060
99137  37.805  -27.524  10.399 0.4000000060
38113  38.823  -28.498  10.181 0.5000000000
38899  38.352  -28.079  10.246 0.4000000060
43348  38.222  -22.734  16.533 0.3000000119
42437  37.809  -23.272  16.050 0.3000000119
42465  38.222  -23.763  13.594 0.3000000119
109769  38.935  -24.059  12.974 0.3000000119
41508  39.711  -24.277  12.585 0.3000000119
41548  41.630  -25.025  10.898 0.3000000119
40663  39.779  -25.829  10.915 0.3000000119
40662  40.653  -25.814  10.725 0.3000000119
39735  39.950  -26.827  10.330 0.4000000060
115354  39.131  -26.820  10.432 0.3000000119
43349  37.711  -22.470  16.037 0.3000000119
104942  37.574  -22.921  15.280 0.3000000119
43363  37.485  -22.088  15.333 0.3000000119
42466  37.710  -23.373  14.414 0.3000000119
42478  38.865  -23.279  12.684 0.3000000119
41522  39.543  -23.583  12.333 0.3000000119
41521  40.341  -23.860  12.057 0.3000000119
40650  40.800  -24.749  11.535 0.3000000119
105616  37.697  -21.784  16.044 0.3000000119
43377  37.596  -22.422  14.215 0.3000000119
108464  38.202  -22.931  13.339 0.3000000119
42493  39.676  -23.490  12.050 0.3000000119
41534  40.408  -23.816  12.058 0.3000000119
40651  39.716  -24.694  11.487 0.3000000119
45255  37.270  -20.734  15.044 0.3000000119
106438  37.646  -21.630  13.577 0.3000000119
44242  37.384  -21.549  14.620 0.4000000060
43389  38.164  -22.190  12.977 0.3000000119
43388  38.768  -22.586  12.435 0.3000000119
42494  39.274  -22.984  12.041 0.3000000119
113607  37.335  -20.941  14.086 0.4000000060
44269  38.185  -21.506  12.626 0.4000000060
119139  37.167  -20.310  14.509 0.3000000119
45268  37.253  -20.304  13.708 0.4000000060
24250  43.242  -45.263  12.283 1.0000000000
24975  43.726  -44.323  12.111 1.0000000000
24257  42.348  -45.826  12.295 0.8999999762
35419  42.081  -32.345  10.043 0.6999999881
35432  41.665  -31.832  9.924 0.8000000119
36365  42.449  -30.263  10.125 0.6999999881
17505  35.409  -53.225  21.038 0.6000000238
111513  36.290  -51.205  19.607 0.6000000238
15785  33.662  -55.054  24.021 0.5000000000
16626  33.403  -54.537  24.525 0.5000000000
20955  41.993  -49.959  13.242 0.8999999762
20874  34.698  -49.492  22.804 0.5000000000
20024  34.436  -50.051  24.104 0.5000000000
18329  33.530  -52.497  24.775 0.4000000060
21742  36.724  -48.344  18.469 0.6999999881
23393  35.988  -45.844  20.309 0.6999999881
102798  34.837  -49.451  24.378 0.5000000000
23419  37.244  -46.751  17.990 0.8000000119
19158  33.860  -52.065  25.350 0.4000000060
22601  38.410  -47.792  16.355 0.8000000119
24187  36.434  -46.003  19.501 0.6999999881
21661  36.179  -48.152  24.464 0.4000000060
24227  40.807  -45.643  15.403 0.8000000119
24259  39.941  -45.706  13.105 0.8000000119
24883  35.836  -45.037  22.179 0.6000000238
23354  37.637  -46.289  23.617 0.4000000060
21677  37.628  -47.987  24.059 0.4000000060
24923  37.655  -44.496  18.614 0.8000000119
24251  43.144  -45.875  12.548 1.0000000000
23370  38.443  -46.227  23.268 0.5000000000
114327  37.056  -45.266  23.430 0.5000000000
25586  37.845  -43.840  23.044 0.6999999881
25688  43.235  -44.068  13.707 1.0000000000
25697  43.712  -44.417  12.613 1.0000000000
27948  45.618  -41.620  10.750 1.0000000000
27171  46.082  -41.047  11.036 1.0000000000
28704  43.840  -39.228  14.268 1.0000000000
101242  40.827  -37.650  17.230 0.8000000119
28688  42.434  -39.128  15.242 1.0000000000
30247  43.106  -36.405  16.140 0.8000000119
31931  43.497  -36.311  15.151 1.0000000000
31057  44.753  -37.232  12.937 1.0000000000
31932  43.058  -35.885  15.898 1.0000000000
29403  38.577  -38.943  20.061 0.6999999881
33598  45.729  -33.655  20.727 0.4000000060
27912  38.765  -40.606  15.467 1.0000000000
28707  39.765  -39.875  14.636 1.0000000000
34462  44.670  -32.383  21.064 0.4000000060
32729  45.197  -34.541  21.475 0.4000000060
33581  44.391  -33.137  21.726 0.5000000000
103040  44.546  -34.022  21.885 0.5000000000
37177  41.609  -29.558  19.194 0.4000000060
109386  42.905  -35.591  10.136 1.0000000000
35303  42.408  -31.528  21.563 0.5000000000
35350  38.224  -31.731  18.669 0.5000000000
33620  38.281  -33.387  18.823 0.5000000000
32797  38.246  -34.776  16.949 0.5000000000
31942  39.357  -35.442  15.135 0.6999999881
33657  37.907  -34.125  15.422 0.6000000238
33664  37.731  -33.291  14.986 0.5000000000
35389  37.511  -31.616  14.734 0.5000000000
37285  43.006  -29.384  10.379 0.6000000238
18407  40.022  -53.138  15.441 0.5000000000
18419  41.424  -53.138  14.250 0.5000000000
18428  41.611  -52.475  13.693 0.5000000000
15833  41.274  -55.157  15.041 0.5000000000
17551  41.098  -53.811  14.738 0.5000000000
16674  39.252  -54.936  16.967 0.5000000000
16678  40.037  -54.592  16.074 0.5000000000
16683  40.893  -54.380  15.187 0.5000000000
99990  38.622  -54.316  17.329 0.5000000000
15819  37.815  -54.900  18.533 0.4000000060
16675  37.980  -54.059  17.890 0.5000000000
16658  36.642  -54.167  19.694 0.5000000000
17530  37.483  -53.389  18.313 0.5000000000
107408  36.549  -44.973  15.930 0.6999999881
24946  36.073  -44.960  16.628 0.6999999881
24229  37.378  -44.995  14.984 0.8000000119
24241  38.270  -45.122  14.147 0.8000000119
24242  37.737  -45.487  14.558 0.8000000119
24979  38.866  -44.731  13.770 0.8999999762
24945  36.409  -44.164  16.240 0.6999999881
24970  38.359  -44.314  14.264 0.8999999762
25691  37.872  -43.886  14.639 0.8999999762
25701  39.029  -44.019  13.962 0.8999999762
25700  39.782  -43.780  13.600 0.8999999762
26422  37.049  -42.898  15.711 0.6000000238
25681  36.954  -43.749  15.535 0.8000000119
25690  38.522  -43.617  14.391 0.8999999762
26444  39.969  -43.122  13.753 0.8999999762
26443  40.840  -42.857  13.334 0.8999999762
26442  41.744  -42.611  12.807 0.8999999762
116560  42.290  -41.004  21.301 0.5000000000
27074  40.520  -41.702  22.439 0.5000000000
27088  40.763  -40.921  22.015 0.5000000000
26335  41.226  -42.531  22.657 0.6000000238
27075  39.650  -41.734  22.392 0.5000000000
26337  39.298  -42.903  22.817 0.6000000238
26409  36.563  -42.330  16.380 0.6000000238
26421  37.746  -42.479  15.438 0.8999999762
26433  38.732  -42.905  14.512 0.8999999762
26434  38.116  -43.155  14.843 0.8999999762
26432  39.424  -42.663  14.307 0.8999999762
27167  41.060  -41.980  13.729 0.8999999762
27166  41.889  -41.620  13.271 0.8999999762
27839  41.165  -40.180  21.557 0.5000000000
28622  41.763  -39.596  21.396 0.5000000000
27838  42.028  -40.345  21.236 0.5000000000
27100  42.740  -40.687  20.807 0.5000000000
27087  41.640  -40.952  21.680 0.5000000000
103827  38.285  -41.551  15.519 0.8999999762
27145  37.143  -42.134  15.945 0.6999999881
26420  38.454  -42.359  15.005 0.8999999762
27158  38.982  -42.258  14.680 0.8999999762
27156  40.513  -41.396  14.387 0.8999999762
27937  41.228  -41.061  13.939 0.8999999762
28623  40.756  -39.384  21.568 0.5000000000
27853  42.633  -40.054  20.835 0.5000000000
27852  43.362  -40.541  20.332 0.5000000000
27143  38.935  -41.563  15.112 0.8999999762
27927  39.996  -40.789  14.685 0.8999999762
28621  42.829  -39.310  21.322 0.5000000000
102057  42.698  -38.495  21.922 0.5000000000
29401  43.879  -39.138  20.942 0.5000000000
29385  43.509  -38.496  21.652 0.4000000060
113840  36.848  -39.584  16.517 0.6000000238
29445  35.935  -38.780  16.375 0.6000000238
29453  37.823  -38.716  15.405 0.8000000119
29454  36.926  -38.742  16.030 0.6999999881
29455  36.131  -38.327  15.493 0.6999999881
29472  36.115  -37.964  14.805 0.6999999881
110307  35.296  -38.118  14.947 0.6999999881
29470  37.931  -38.188  14.486 0.8000000119
29471  36.992  -38.124  14.950 0.6999999881
30264  36.453  -37.555  14.393 0.6999999881
113521  35.670  -37.581  14.569 0.6999999881
30278  36.703  -37.038  13.897 0.6999999881
31056  36.195  -36.465  14.085 0.6999999881
29484  38.036  -37.793  13.554 0.8000000119
30276  38.294  -37.368  12.821 0.8000000119
29483  38.724  -38.020  13.052 0.8000000119
31055  36.965  -36.310  13.657 0.6999999881
30277  37.527  -37.021  13.284 0.6999999881
31061  38.118  -36.613  12.620 0.8000000119
30282  38.916  -37.592  12.417 0.8000000119
31054  37.612  -36.080  13.018 0.6999999881
31966  38.132  -35.832  12.332 0.8000000119
32826  37.583  -34.403  12.357 0.6000000238
31067  39.129  -36.449  11.677 0.8000000119
31060  38.529  -36.310  12.128 0.8000000119
32832  37.992  -34.115  11.654 0.6000000238
33682  37.525  -33.605  12.147 0.6000000238
32831  38.665  -34.481  11.178 0.8000000119
33687  38.455  -33.699  11.102 0.6000000238
34581  38.287  -32.878  10.952 0.6000000238
31971  38.645  -35.729  11.709 0.8000000119
34582  37.788  -32.417  11.306 0.6000000238
116154  38.756  -32.555  10.585 0.6000000238
36367  39.315  -30.508  10.070 0.6999999881
35431  38.748  -31.180  10.426 0.6000000238
35422  38.253  -31.978  10.764 0.6000000238
33692  38.972  -33.203  10.589 0.6999999881
34587  40.136  -32.046  9.880 0.6999999881
15814  36.771  -55.006  19.775 0.4000000060
16657  37.165  -54.514  19.137 0.5000000000
16679  39.149  -54.098  16.682 0.5000000000
25699  40.660  -43.613  13.102 0.8999999762
100402  38.656  -38.374  13.972 0.8000000119
113854  40.199  -55.227  16.247 0.5000000000
16665  38.498  -54.909  17.792 0.5000000000
24961  37.396  -44.188  14.993 0.8000000119
27073  41.448  -41.674  22.264 0.5000000000
30263  37.269  -37.600  14.043 0.6999999881
31967  37.648  -35.233  12.700 0.6999999881
32825  38.166  -35.013  11.840 0.6999999881
24165  40.202  -45.939  21.889 0.4000000060
23381  41.004  -46.082  21.459 0.4000000060
24149  40.793  -45.318  22.079 0.4000000060
24878  40.531  -44.616  22.589 0.5000000000
105471  42.607  -45.455  21.233 0.4000000060
24175  42.561  -46.238  20.599 0.4000000060
25595  41.433  -43.496  22.696 0.5000000000
103215  40.707  -43.148  22.886 0.5000000000
24892  42.336  -44.663  21.894 0.5000000000
24891  43.104  -44.556  21.479 0.4000000060
100715  43.101  -45.750  20.712 0.4000000060
24164  41.683  -45.393  21.701 0.4000000060
23390  43.267  -46.202  20.259 0.4000000060
24876  42.210  -43.852  22.356 0.5000000000
24163  43.451  -45.135  20.929 0.4000000060
24173  44.208  -45.078  20.455 0.4000000060
24942  46.764  -44.962  16.953 0.4000000060
99985  45.735  -45.106  18.601 0.4000000060
24184  44.692  -45.468  19.710 0.4000000060
24211  46.821  -45.765  16.745 0.4000000060
110738  45.739  -45.816  18.396 0.4000000060
26334  42.117  -43.007  22.493 0.5000000000
25608  42.760  -43.358  22.062 0.5000000000
107178  42.805  -44.046  21.956 0.4000000060
27162  50.099  -42.167  14.024 0.3000000119
24903  43.876  -44.260  21.014 0.4000000060
26438  49.968  -43.056  13.824 0.3000000119
24912  44.829  -44.594  19.903 0.4000000060
25685  49.399  -43.521  14.294 0.3000000119
25686  48.819  -43.910  14.723 0.3000000119
109216  47.695  -43.977  15.889 0.3000000119
24941  47.151  -44.218  16.462 0.4000000060
105320  46.115  -44.526  18.035 0.4000000060
24183  45.298  -44.896  19.268 0.4000000060
24967  48.675  -44.796  14.590 0.3000000119
24957  47.693  -44.765  15.806 0.3000000119
24210  47.242  -45.229  16.332 0.4000000060
26348  42.629  -42.568  22.043 0.4000000060
26347  43.252  -42.922  21.570 0.4000000060
25619  44.284  -43.648  20.585 0.4000000060
25620  43.831  -43.294  21.047 0.4000000060
27151  50.275  -41.423  14.278 0.3000000119
27142  49.010  -41.431  15.327 0.3000000119
26427  49.466  -42.617  14.446 0.3000000119
26417  48.423  -42.779  15.376 0.3000000119
25659  47.444  -43.304  16.228 0.3000000119
25660  46.795  -43.238  16.791 0.4000000060
104292  46.508  -44.067  17.283 0.4000000060
24921  45.588  -44.082  18.646 0.4000000060
26428  48.892  -43.072  14.822 0.3000000119
25676  48.013  -43.387  15.651 0.3000000119
27072  42.006  -42.291  22.366 0.4000000060
27897  46.839  -41.132  17.110 0.3000000119
27127  45.852  -41.691  17.712 0.3000000119
26383  45.395  -42.251  18.275 0.4000000060
26384  44.788  -42.045  18.774 0.4000000060
103220  44.713  -42.720  19.313 0.4000000060
26360  44.215  -42.774  20.215 0.4000000060
27133  48.311  -41.059  16.025 0.3000000119
27135  46.984  -41.665  16.788 0.3000000119
27126  46.473  -41.529  17.248 0.3000000119
26398  45.879  -42.663  17.734 0.4000000060
117685  45.132  -42.683  18.750 0.4000000060
27134  47.672  -41.750  16.247 0.3000000119
26397  46.473  -42.323  17.142 0.3000000119
25648  46.322  -43.154  17.348 0.4000000060
99845  45.523  -43.090  18.374 0.4000000060
25639  45.182  -43.375  19.055 0.4000000060
101814  48.342  -41.934  15.619 0.3000000119
26406  47.182  -42.466  16.515 0.3000000119
25649  46.013  -43.592  17.908 0.4000000060
25627  45.196  -44.123  19.385 0.4000000060
27109  43.881  -41.089  19.661 0.4000000060
27099  43.308  -41.183  20.394 0.4000000060
102976  42.819  -41.391  21.050 0.4000000060
27874  45.034  -40.843  18.635 0.3000000119
27117  44.541  -41.331  18.963 0.4000000060
26370  43.751  -41.834  20.175 0.4000000060
27085  43.029  -42.137  21.406 0.4000000060
27886  45.600  -40.940  18.066 0.4000000060
26369  44.267  -41.926  19.435 0.4000000060
26361  43.597  -42.452  20.882 0.4000000060
31955  37.087  -35.462  13.459 0.6000000238
105452  35.673  -36.020  14.229 0.6000000238
32813  37.120  -34.598  13.222 0.5000000000
33672  37.095  -33.757  12.937 0.5000000000
34570  37.466  -32.764  12.071 0.5000000000
111683  37.688  -31.688  11.174 0.5000000000
36368  38.363  -30.241  10.516 0.5000000000
37300  39.031  -29.756  10.158 0.4000000060
42503  39.210  -22.873  11.940 0.3000000119
109134  38.525  -22.230  11.753 0.3000000119
42504  37.878  -23.025  11.427 0.3000000119
43402  38.580  -21.924  12.236 0.3000000119
43401  38.875  -22.426  12.032 0.3000000119
43413  38.015  -21.622  11.367 0.3000000119
43414  37.378  -22.373  11.194 0.3000000119
43426  36.994  -21.767  10.854 0.3000000119
44268  38.489  -21.342  12.083 0.3000000119
115577  38.457  -21.547  11.885 0.3000000119
44277  38.295  -20.747  11.263 0.3000000119
44292  35.911  -21.726  10.558 0.3000000119
44255  37.680  -20.955  13.144 0.3000000119
45292  38.256  -20.886  12.277 0.3000000119
103681  38.386  -20.820  11.735 0.3000000119
45301  38.440  -20.086  11.220 0.3000000119
115029  38.366  -19.437  10.797 0.3000000119
45313  38.339  -19.875  10.777 0.3000000119
44291  37.686  -21.175  10.916 0.3000000119
113291  36.747  -21.124  10.564 0.3000000119
46246  37.153  -19.600  13.305 0.3000000119
46245  37.715  -19.585  12.212 0.3000000119
45291  38.258  -20.227  11.806 0.3000000119
46257  38.327  -19.399  11.198 0.3000000119
47267  38.329  -18.672  10.341 0.3000000119
46281  38.296  -19.218  10.427 0.3000000119
46297  38.326  -18.849  9.975 0.3000000119
46259  37.036  -18.820  12.686 0.3000000119
46258  37.767  -18.931  11.663 0.3000000119
47268  38.192  -18.603  10.933 0.3000000119
47282  38.251  -17.875  9.939 0.3000000119
118074  36.711  -18.200  12.618 0.3000000119
47269  37.359  -18.071  11.543 0.3000000119
108012  36.890  -17.072  11.425 0.3000000119
48145  37.720  -17.189  10.436 0.3000000119
113956  36.389  -17.560  12.711 0.3000000119
48132  36.123  -16.684  12.323 0.3000000119
48973  35.534  -16.186  13.088 0.3000000119
24190  45.234  -45.863  19.002 0.4000000060
23383  39.778  -46.535  22.073 0.4000000060
23392  41.189  -46.885  20.896 0.4000000060
23402  43.566  -46.643  19.662 0.4000000060
110101  47.227  -45.948  16.256 0.4000000060
23417  46.015  -46.246  17.852 0.4000000060
23407  45.402  -46.471  18.362 0.4000000060
26448  51.095  -43.019  12.626 0.3000000119
25693  50.466  -43.528  13.150 0.3000000119
25694  49.900  -44.042  13.635 0.3000000119
24966  49.314  -44.476  14.106 0.3000000119
24224  48.192  -45.214  15.132 0.3000000119
24225  47.644  -45.736  15.663 0.3000000119
26437  50.601  -42.579  13.339 0.3000000119
27923  49.757  -41.023  14.968 0.3000000119
27896  47.468  -40.965  16.677 0.3000000119
27908  49.163  -40.740  15.689 0.3000000119
27866  43.961  -40.280  19.893 0.4000000060
116813  44.509  -40.594  19.260 0.4000000060
27873  46.673  -40.298  17.788 0.3000000119
27885  46.287  -40.910  17.533 0.3000000119
28651  44.146  -39.624  20.296 0.4000000060
112027  35.292  -37.130  14.373 0.6000000238
106510  36.663  -18.898  13.885 0.3000000119
47244  36.450  -18.217  13.426 0.3000000119
48117  35.819  -16.892  13.459 0.3000000119
27932  51.023  -41.126  13.827 0.3000000119
24150  39.544  -45.762  22.500 0.4000000060
24902  44.440  -44.265  20.442 0.4000000060
27153  48.942  -42.241  15.033 0.3000000119
45278  37.685  -20.290  12.730 0.3000000119
45314  37.684  -20.446  10.632 0.3000000119
105539  38.173  -17.931  10.343 0.3000000119
22530  39.358  -47.061  22.463 0.3000000119
23382  40.453  -46.811  21.461 0.3000000119
20121  37.617  -49.992  13.999 0.6000000238
20957  37.340  -49.119  14.240 0.6999999881
20958  36.774  -49.724  14.561 0.6999999881
100918  41.940  -46.819  20.410 0.3000000119
19157  34.466  -51.983  25.674 0.3000000119
19992  35.225  -50.724  25.328 0.3000000119
21777  36.487  -48.476  15.248 0.6999999881
108211  39.508  -47.717  22.390 0.3000000119
20950  36.327  -49.405  15.131 0.6999999881
22545  40.414  -47.733  21.292 0.3000000119
118682  40.739  -47.255  21.061 0.3000000119
22555  40.908  -47.644  20.694 0.3000000119
22573  43.595  -47.875  18.737 0.3000000119
22564  42.406  -47.707  19.505 0.3000000119
22553  42.040  -47.370  19.943 0.3000000119
22583  44.733  -48.012  17.906 0.3000000119
22572  44.333  -47.553  18.469 0.3000000119
22563  43.162  -47.401  19.312 0.3000000119
20833  35.844  -50.062  25.058 0.3000000119
20860  37.868  -48.748  24.052 0.4000000060
22613  36.617  -47.599  15.281 0.6999999881
21689  39.373  -48.489  22.720 0.3000000119
21676  38.506  -48.404  23.513 0.3000000119
22622  36.888  -47.945  14.791 0.6999999881
21788  36.801  -48.818  14.719 0.6999999881
21716  40.691  -48.382  20.751 0.3000000119
21715  41.227  -48.219  20.233 0.3000000119
22574  42.863  -48.208  19.013 0.3000000119
23391  42.658  -46.891  19.904 0.3000000119
21750  45.155  -48.390  17.300 0.3000000119
103692  36.831  -49.755  24.658 0.4000000060
115574  36.744  -46.928  15.296 0.6999999881
20872  39.498  -49.477  22.712 0.3000000119
21675  39.048  -49.179  23.235 0.3000000119
20894  40.570  -49.011  20.929 0.3000000119
20885  39.906  -48.992  22.074 0.3000000119
23453  37.505  -46.482  14.580 0.6999999881
21730  41.632  -48.761  19.764 0.3000000119
22621  37.380  -47.461  14.452 0.6999999881
118595  45.558  -46.912  17.895 0.3000000119
23409  43.975  -47.106  19.079 0.3000000119
22599  45.869  -47.921  17.077 0.3000000119
22581  46.030  -47.087  17.447 0.3000000119
23444  37.072  -46.386  15.137 0.6999999881
20884  40.333  -49.369  21.512 0.3000000119
104812  41.270  -50.089  20.445 0.3000000119
106784  41.041  -49.084  20.354 0.3000000119
23452  38.158  -46.066  14.085 0.6999999881
22598  46.560  -47.313  16.730 0.3000000119
115453  40.454  -50.098  21.561 0.3000000119
23416  46.492  -46.421  17.144 0.3000000119
28650  45.678  -39.403  19.461 0.3000000119
18440  38.883  -51.667  13.461 0.5000000000
19287  36.246  -51.174  15.005 0.6999999881
19294  36.784  -51.662  14.606 0.6000000238
110967  36.352  -51.859  15.084 0.6000000238
20130  38.185  -50.878  13.698 0.6000000238
21769  35.713  -48.634  16.638 0.6999999881
22614  36.175  -48.002  16.009 0.6999999881
20006  36.675  -50.950  24.919 0.3000000119
22603  36.403  -47.097  15.823 0.6999999881
23433  36.644  -46.350  15.663 0.6999999881
20843  38.310  -50.159  23.922 0.4000000060
20859  38.442  -49.360  23.703 0.4000000060
24230  36.947  -45.527  15.451 0.6999999881
119634  39.550  -50.141  22.702 0.3000000119
20036  39.649  -51.042  22.605 0.3000000119
105296  40.350  -50.921  21.937 0.3000000119
22546  39.899  -47.333  21.894 0.3000000119
24243  37.362  -45.763  14.959 0.6999999881
20122  36.950  -50.748  14.411 0.6000000238
105707  40.913  -50.761  21.195 0.3000000119
20858  39.049  -50.235  23.268 0.3000000119
16682  41.805  -54.483  14.064 0.5000000000
17566  41.439  -53.347  12.928 0.5000000000
16687  41.712  -53.955  13.038 0.5000000000
15820  34.320  -54.815  18.250 0.4000000060
15821  32.939  -55.897  18.355 0.5000000000
17565  41.941  -53.440  13.010 0.4000000060
18418  41.941  -53.166  13.200 0.5000000000
18438  40.994  -52.681  12.858 0.5000000000
15061  30.855  -56.440  18.262 0.4000000060
103791  30.131  -56.847  18.366 0.4000000060
108613  33.642  -55.402  18.420 0.5000000000
15824  30.102  -56.018  18.456 0.4000000060
14398  29.317  -57.276  18.611 0.4000000060
15822  32.019  -55.578  18.415 0.4000000060
16667  33.543  -54.765  18.529 0.5000000000
119190  35.141  -53.802  17.511 0.5000000000
104416  35.719  -52.873  16.387 0.4000000060
19293  37.622  -51.550  14.092 0.5000000000
18421  36.291  -52.440  15.410 0.4000000060
18422  35.917  -52.448  15.885 0.4000000060
18431  36.745  -52.402  14.832 0.4000000060
15062  29.380  -56.478  18.552 0.4000000060
15827  27.034  -55.610  19.226 0.4000000060
16669  31.426  -54.873  18.800 0.4000000060
17525  28.222  -53.495  19.286 0.4000000060
17534  32.938  -54.286  18.833 0.5000000000
16668  32.254  -54.843  18.737 0.4000000060
17524  29.170  -53.580  19.381 0.4000000060
107884  33.864  -54.092  18.507 0.5000000000
18382  30.329  -52.600  19.521 0.4000000060
18383  29.408  -52.642  19.330 0.4000000060
16666  34.620  -53.946  18.040 0.5000000000
17544  34.852  -53.107  17.593 0.5000000000
19240  30.742  -51.872  19.527 0.4000000060
118062  30.279  -51.342  19.194 0.4000000060
18400  35.287  -52.556  16.904 0.6000000238
18410  35.561  -52.104  16.255 0.6000000238
19288  35.899  -51.718  15.583 0.5000000000
15816  27.630  -54.834  19.299 0.4000000060
15825  29.356  -55.858  18.728 0.4000000060
16662  28.486  -54.290  19.344 0.4000000060
16659  31.987  -54.176  19.136 0.5000000000
16661  29.485  -54.601  19.271 0.4000000060
17533  33.409  -53.383  18.870 0.5000000000
18381  31.203  -52.596  19.644 0.4000000060
104439  29.952  -53.233  19.483 0.4000000060
17532  34.196  -53.281  18.332 0.5000000000
19266  35.205  -51.758  16.843 0.5000000000
20075  31.118  -50.905  19.382 0.4000000060
19278  35.511  -51.307  16.175 0.6000000238
20115  35.806  -50.816  15.536 0.6000000238
105341  28.005  -55.659  19.126 0.4000000060
113955  30.449  -54.887  18.972 0.4000000060
15815  28.790  -55.271  19.153 0.4000000060
17523  30.730  -53.305  19.532 0.4000000060
18391  33.818  -52.480  18.739 0.5000000000
18390  34.452  -52.603  18.077 0.5000000000
20074  31.951  -50.436  19.469 0.4000000060
101853  28.669  -56.705  18.686 0.4000000060
15826  28.669  -56.069  18.821 0.4000000060
16660  31.058  -54.087  19.290 0.4000000060
100703  30.146  -53.973  19.363 0.4000000060
17521  32.502  -53.416  19.319 0.5000000000
18380  32.094  -52.625  19.644 0.5000000000
17520  32.966  -52.642  19.358 0.5000000000
109987  32.552  -51.891  19.610 0.5000000000
19252  34.385  -51.867  18.232 0.5000000000
117449  33.261  -51.965  19.320 0.5000000000
107828  31.641  -51.818  19.713 0.4000000060
19267  34.809  -51.377  17.600 0.6000000238
20073  32.747  -50.483  19.439 0.5000000000
20905  32.273  -49.815  19.207 0.4000000060
20951  35.864  -49.956  15.611 0.6000000238
20108  35.535  -50.454  16.249 0.6000000238
102024  34.815  -50.493  17.774 0.6000000238
20086  34.273  -50.909  18.464 0.5000000000
19238  33.058  -51.256  19.493 0.5000000000
104390  35.217  -50.934  16.921 0.6000000238
20087  33.579  -50.694  19.127 0.5000000000
20944  35.642  -49.565  16.423 0.6000000238
21778  36.082  -49.041  15.822 0.6000000238
23421  34.600  -46.629  17.720 0.5000000000
22586  35.328  -47.321  17.365 0.6000000238
22587  34.663  -47.617  17.899 0.5000000000
111314  35.682  -47.852  16.828 0.6000000238
21755  34.653  -48.570  18.058 0.6000000238
21744  33.760  -48.425  18.445 0.5000000000
99537  33.332  -48.918  18.679 0.5000000000
101872  34.268  -50.013  18.516 0.5000000000
101185  33.379  -49.770  18.999 0.5000000000
20918  32.523  -49.075  18.761 0.5000000000
23420  35.505  -46.514  17.147 0.5000000000
107547  35.021  -45.796  17.464 0.5000000000
24214  36.399  -45.664  16.141 0.6000000238
23434  36.152  -46.431  16.366 0.6000000238
20917  34.075  -49.207  18.485 0.5000000000
21754  35.296  -48.172  17.438 0.6000000238
17560  39.022  -53.683  13.768 0.4000000060
113039  38.214  -52.140  13.838 0.4000000060
19298  40.527  -51.958  12.901 0.5000000000
18439  39.420  -52.397  13.327 0.4000000060
20931  35.319  -49.097  17.352 0.6000000238
16686  41.685  -54.184  13.437 0.5000000000
16688  40.346  -54.512  13.490 0.5000000000
17559  40.572  -53.758  13.196 0.5000000000
15823  30.939  -55.643  18.445 0.4000000060
117599  30.317  -55.501  18.654 0.4000000060
19241  29.847  -51.930  19.287 0.4000000060
16670  29.763  -55.382  18.867 0.4000000060
107185  27.735  -56.413  18.948 0.4000000060
20932  34.799  -49.568  17.957 0.6000000238
16663  27.570  -53.894  19.273 0.3000000119
18384  28.475  -52.764  19.153 0.3000000119
19254  29.565  -51.254  18.773 0.3000000119
19255  28.887  -51.883  18.853 0.3000000119
18392  27.864  -52.142  18.737 0.3000000119
15022  33.365  -56.008  25.260 0.5000000000
15795  34.575  -55.262  22.805 0.5000000000
15803  35.478  -55.384  21.559 0.6000000238
15829  39.844  -55.631  16.821 0.5000000000
16642  34.043  -54.041  23.092 0.5000000000
17472  33.445  -53.193  24.286 0.4000000060
17506  34.751  -53.138  21.749 0.6000000238
17522  31.603  -53.360  19.503 0.5000000000
17543  35.439  -53.343  17.002 0.4000000060
17550  41.893  -53.705  13.637 0.4000000060
17558  41.918  -53.543  13.063 0.5000000000
17567  39.928  -53.131  13.236 0.4000000060
18388  37.241  -52.127  18.222 0.6000000238
18389  36.866  -52.036  18.862 0.6000000238
18437  41.865  -52.946  12.996 0.5000000000
19218  34.674  -51.087  22.055 0.6999999881
19239  32.179  -51.084  19.679 0.4000000060
19253  33.789  -51.534  18.947 0.5000000000
19993  34.709  -50.886  25.259 0.4000000060
20037  34.318  -50.834  22.916 0.6000000238
20048  39.983  -49.966  22.185 0.3000000119
20061  40.733  -49.692  20.969 0.3000000119
20099  35.289  -50.039  17.143 0.6000000238
20114  36.210  -50.306  14.992 0.6000000238
20844  37.718  -49.509  24.286 0.4000000060
20963  42.243  -49.522  12.944 0.8999999762
20972  42.155  -49.636  12.836 0.8999999762
21663  34.898  -48.840  23.868 0.5000000000
21703  40.314  -48.600  21.404 0.3000000119
21704  39.936  -48.137  21.964 0.3000000119
21718  35.762  -48.567  20.528 0.6999999881
21729  42.207  -48.498  19.335 0.3000000119
21776  38.994  -49.094  15.581 0.8000000119
21786  40.908  -49.336  14.293 0.8999999762
21794  42.289  -48.500  12.906 1.0000000000
22531  38.844  -46.831  23.001 0.4000000060
22554  41.512  -47.482  20.315 0.3000000119
22565  41.788  -47.983  19.786 0.3000000119
22571  45.038  -47.235  18.199 0.3000000119
22582  45.398  -47.601  17.651 0.3000000119
22585  37.445  -47.897  17.420 0.8000000119
22597  47.114  -47.102  16.219 0.3000000119
22604  35.864  -47.200  16.592 0.6000000238
22632  37.899  -47.946  13.992 0.8000000119
23401  44.413  -46.315  19.421 0.4000000060
23403  36.019  -46.612  19.870 0.6999999881
23408  44.721  -46.751  18.741 0.3000000119
23411  36.445  -46.800  19.135 0.6999999881
23430  46.941  -46.504  16.520 0.3000000119
23451  41.457  -47.056  14.363 0.8999999762
23459  42.744  -47.026  12.939 1.0000000000
24138  37.788  -45.471  23.394 0.5000000000
24139  36.454  -45.676  23.457 0.5000000000
24152  35.978  -45.261  22.836 0.6000000238
24166  35.609  -45.497  21.855 0.6000000238
24174  43.627  -45.626  20.502 0.4000000060
24176  41.848  -46.183  21.078 0.4000000060
24185  44.011  -45.916  20.052 0.4000000060
24196  46.451  -45.612  17.393 0.4000000060
24197  46.123  -45.369  18.010 0.4000000060
24215  35.785  -45.732  16.847 0.5000000000
24256  43.094  -45.568  12.274 0.8999999762
24877  41.421  -44.487  22.407 0.5000000000
24882  36.305  -44.545  22.505 0.6000000238
24893  36.106  -44.340  21.791 0.6000000238
24927  46.419  -44.908  17.558 0.4000000060
24956  48.264  -44.216  15.326 0.3000000119
24962  36.953  -44.580  15.455 0.6999999881
24969  42.446  -45.150  14.193 1.0000000000
24971  37.787  -44.617  14.581 0.8999999762
24976  43.371  -45.234  12.525 1.0000000000
24978  39.597  -44.436  13.500 0.8999999762
25596  39.979  -43.340  22.939 0.5000000000
25607  43.323  -43.742  21.584 0.4000000060
25628  44.776  -43.638  19.892 0.4000000060
25640  38.884  -43.197  18.204 0.6999999881
25642  37.990  -43.883  18.610 0.8000000119
25661  41.030  -43.120  16.044 0.8000000119
25675  48.495  -43.472  15.198 0.3000000119
25680  37.534  -43.425  15.170 0.8999999762
25689  39.216  -43.368  14.101 0.8999999762
25695  45.154  -42.876  11.391 1.0000000000
25698  41.622  -43.510  12.388 1.0000000000
25705  45.285  -42.721  10.983 1.0000000000
26336  40.097  -42.503  22.736 0.6999999881
26338  38.542  -42.611  22.499 0.6999999881
26418  47.828  -42.591  15.917 0.3000000119
26430  43.081  -43.125  14.132 1.0000000000
26431  40.256  -42.329  14.121 0.8999999762
27076  38.886  -41.882  22.202 0.6999999881
27086  42.313  -41.711  21.828 0.4000000060
27116  45.203  -41.489  18.404 0.4000000060
27152  49.560  -41.762  14.651 0.3000000119
27157  39.650  -41.714  14.687 0.8999999762
27161  50.771  -41.749  13.530 0.3000000119
27174  43.818  -42.194  11.580 1.0000000000
27179  45.497  -42.353  10.820 1.0000000000
27888  39.461  -40.452  17.649 0.8000000119
27909  42.351  -40.098  15.215 1.0000000000
27942  46.338  -39.938  11.265 1.0000000000
27943  46.150  -40.791  11.401 1.0000000000
28626  38.837  -39.995  21.030 0.6000000238
28638  43.397  -39.874  20.499 0.4000000060
28640  38.537  -39.745  20.352 0.6000000238
28691  37.646  -39.496  16.054 0.8000000119
28706  40.011  -39.204  13.975 0.8999999762
28720  46.355  -39.134  11.662 1.0000000000
28723  46.156  -39.810  11.034 1.0000000000
29386  41.970  -38.822  21.722 0.6000000238
29443  41.302  -39.053  16.106 0.8000000119
29465  44.853  -37.732  13.774 1.0000000000
29478  45.689  -38.050  12.732 1.0000000000
29495  43.850  -37.180  10.467 1.0000000000
30203  45.688  -37.159  20.856 0.3000000119
30253  43.570  -36.629  15.476 1.0000000000
30265  35.954  -37.075  14.255 0.6999999881
30279  45.918  -38.126  12.048 1.0000000000
30283  45.559  -37.901  11.577 1.0000000000
30289  39.150  -37.198  11.956 0.8000000119
30978  44.743  -36.053  21.891 0.3000000119
31015  41.275  -35.465  18.769 0.6999999881
31031  43.026  -35.929  16.371 0.8000000119
31040  44.411  -36.964  14.027 1.0000000000
31043  35.439  -36.590  14.287 0.6000000238
31068  43.761  -36.645  10.441 1.0000000000
31069  43.296  -36.074  10.308 1.0000000000
31933  42.383  -35.681  15.829 0.8999999762
31972  42.685  -34.992  9.977 1.0000000000
32710  44.049  -34.461  22.337 0.6000000238
32713  41.734  -34.156  22.440 0.6000000238
32730  44.596  -34.696  21.998 0.6000000238
32731  41.130  -34.005  22.002 0.6000000238
32801  37.691  -34.194  16.351 0.5000000000
32805  38.645  -34.788  14.967 0.6000000238
32827  42.702  -34.757  10.084 1.0000000000
32836  39.273  -33.941  10.563 0.8000000119
33582  43.489  -32.951  22.152 0.6000000238
33608  39.485  -33.083  19.848 0.5000000000
33609  38.688  -32.938  19.404 0.5000000000
33621  37.695  -32.985  18.295 0.5000000000
33635  37.502  -33.234  17.530 0.5000000000
33683  37.159  -33.084  12.678 0.5000000000
33688  37.910  -33.279  11.534 0.6000000238
34464  42.192  -32.345  22.015 0.6000000238
34550  37.626  -32.471  14.765 0.5000000000
34585  42.079  -32.620  10.004 0.6999999881
34588  39.157  -31.942  10.337 0.6000000238
35302  43.347  -31.620  21.504 0.4000000060
35320  44.512  -31.519  20.613 0.4000000060
35333  45.690  -31.508  19.559 0.4000000060
35372  37.366  -32.027  16.322 0.4000000060
35423  37.925  -31.097  10.846 0.5000000000
35428  41.945  -32.277  9.994 0.8000000119
36221  42.241  -30.830  21.060 0.4000000060
36366  41.770  -31.143  10.484 0.8000000119
36373  42.317  -30.234  9.841 0.6999999881
37154  42.938  -29.797  20.015 0.4000000060
37174  44.037  -29.534  18.996 0.3000000119
37221  45.184  -29.472  17.063 0.3000000119
37249  37.316  -29.435  15.737 0.3000000119
37298  44.239  -29.344  9.455 0.6000000238
37299  44.158  -29.505  9.673 0.4000000060
37309  41.176  -29.977  9.585 0.6000000238
37311  39.310  -29.065  10.038 0.5000000000
38053  38.081  -29.180  17.090 0.3000000119
38054  37.693  -29.105  16.617 0.3000000119
38099  44.398  -28.484  10.080 0.4000000060
38100  44.095  -28.844  10.622 0.4000000060
38101  42.622  -28.588  11.184 0.4000000060
38111  44.390  -29.294  9.944 0.4000000060
38120  44.385  -28.775  9.731 0.4000000060
38121  43.769  -29.208  9.234 0.4000000060
38882  44.159  -27.739  10.636 0.4000000060
38885  42.456  -27.720  11.615 0.4000000060
38895  44.249  -27.828  9.979 0.4000000060
38905  40.805  -28.335  9.730 0.5000000000
38907  39.214  -28.044  10.119 0.5000000000
39677  37.695  -25.984  15.936 0.4000000060
39709  43.615  -25.733  11.602 0.3000000119
39710  43.288  -25.683  11.996 0.3000000119
39711  42.266  -25.876  12.176 0.3000000119
39718  44.003  -27.069  10.629 0.3000000119
39719  44.010  -26.769  11.188 0.3000000119
39731  43.705  -26.000  10.845 0.3000000119
39741  42.319  -27.362  9.789 0.3000000119
39742  41.188  -27.593  9.993 0.4000000060
40643  43.330  -25.030  11.994 0.3000000119
40660  43.142  -25.072  10.824 0.3000000119
41519  43.022  -24.589  11.931 0.3000000119
41532  42.626  -24.515  11.671 0.3000000119
41547  42.536  -24.694  10.979 0.3000000119
44230  37.519  -21.263  15.621 0.3000000119
98964  45.476  -39.122  11.097 1.0000000000
99895  37.388  -30.048  16.149 0.4000000060
101151  42.941  -36.992  22.540 0.6000000238
101480  39.988  -45.149  22.496 0.5000000000
101643  37.486  -32.773  15.457 0.4000000060
102013  37.598  -31.292  17.168 0.4000000060
102183  38.749  -29.548  17.432 0.4000000060
102717  43.400  -26.641  10.368 0.3000000119
104145  34.837  -52.223  17.494 0.5000000000
104277  43.928  -36.692  14.889 1.0000000000
104488  41.658  -51.615  13.125 0.6999999881
104573  40.675  -43.892  22.864 0.5000000000
104625  38.647  -36.948  12.248 0.8000000119
105321  36.126  -40.914  17.124 0.6000000238
105496  42.190  -48.978  12.785 0.8999999762
106605  39.544  -32.623  10.229 0.6999999881
106679  32.895  -55.155  18.566 0.5000000000
109956  36.999  -47.141  14.876 0.6999999881
110003  41.366  -47.280  12.598 0.8000000119
111146  37.910  -23.978  16.063 0.3000000119
112581  44.249  -28.504  10.506 0.4000000060
112714  46.142  -38.499  12.050 1.0000000000
112914  40.740  -28.496  17.324 0.3000000119
113944  42.996  -46.053  12.425 1.0000000000
114156  40.156  -36.541  20.797 0.6999999881
116940  33.912  -50.333  18.835 0.5000000000
117009  37.453  -54.091  18.559 0.5000000000
117120  36.453  -39.117  16.461 0.6000000238
117290  44.954  -33.046  21.192 0.5000000000
117674  37.155  -50.907  18.065 0.8000000119
117704  37.492  -50.190  17.248 0.8000000119
117824  37.611  -27.983  13.796 0.3000000119
117871  41.567  -28.770  9.538 0.5000000000
118040  42.642  -29.185  9.465 0.5000000000
118419  41.930  -36.002  14.952 0.8999999762
118837  43.309  -41.782  20.752 0.4000000060
