#!ascii label  , from subject sub-01 vox2ras=TkReg
683
9456  35.131  -65.732  20.795 0.3000000119
12423  33.599  -59.842  21.447 0.6000000238
13103  35.138  -60.017  18.167 0.6999999881
13104  34.364  -59.865  18.425 0.6999999881
9457  34.829  -65.551  20.556 0.4000000060
111761  33.034  -63.105  24.395 0.4000000060
9447  35.086  -65.391  21.323 0.5000000000
8860  35.504  -66.103  21.512 0.5000000000
13067  33.577  -59.871  22.345 0.6999999881
12428  33.701  -60.056  20.330 0.6999999881
12427  34.349  -59.973  19.989 0.5000000000
12452  35.524  -60.286  18.266 0.6000000238
12453  34.718  -60.271  18.570 0.6000000238
13102  35.862  -60.169  17.908 0.6999999881
13755  35.149  -58.844  17.895 0.6999999881
9999  34.132  -64.731  21.764 0.5000000000
118143  33.388  -63.501  24.004 0.4000000060
9998  34.978  -64.828  21.780 0.6000000238
105561  32.757  -61.672  24.439 0.4000000060
12394  33.079  -60.938  24.112 0.5000000000
11831  32.227  -61.157  24.146 0.6000000238
12418  33.127  -60.051  22.906 0.6000000238
13066  34.435  -59.692  22.186 0.6000000238
12439  35.988  -60.373  18.652 0.6000000238
12460  36.676  -60.165  17.782 0.6999999881
13112  37.185  -59.812  17.435 0.6999999881
13113  36.263  -59.702  17.601 0.6999999881
104131  35.207  -58.100  17.916 0.6999999881
13752  37.396  -58.973  17.176 0.6999999881
13753  36.721  -58.875  17.342 0.6999999881
14405  36.473  -57.851  17.313 0.6999999881
13760  38.074  -58.560  16.747 0.6999999881
9981  33.278  -64.009  23.430 0.5000000000
11820  33.683  -61.467  24.264 0.4000000060
9991  34.609  -64.353  22.267 0.5000000000
12393  33.882  -60.894  24.006 0.5000000000
12407  33.516  -60.426  23.588 0.6000000238
9990  35.655  -64.560  22.379 0.6000000238
10618  36.067  -63.959  22.802 0.5000000000
102011  35.109  -59.582  21.512 0.6999999881
13084  35.204  -59.755  20.440 0.6000000238
111504  34.349  -59.681  21.009 0.6999999881
109751  37.099  -60.382  17.958 0.6000000238
110684  35.676  -60.149  19.461 0.6000000238
12459  37.604  -60.239  17.682 0.6000000238
12451  36.245  -60.394  18.021 0.6000000238
13118  38.732  -59.530  16.943 0.6000000238
13119  37.864  -59.458  17.173 0.6999999881
14406  35.689  -57.520  17.629 0.6999999881
13759  39.316  -58.712  16.375 0.6000000238
111365  37.672  -57.559  16.309 0.6999999881
14411  36.930  -57.206  16.673 0.6999999881
11208  33.551  -62.371  24.417 0.4000000060
119104  34.128  -63.995  22.834 0.5000000000
10609  34.147  -63.538  23.480 0.4000000060
11819  34.541  -61.331  24.119 0.5000000000
12406  34.639  -60.583  23.695 0.6000000238
13054  34.035  -59.997  23.062 0.6000000238
10619  34.996  -63.884  22.717 0.4000000060
10608  35.023  -63.223  23.427 0.4000000060
11222  36.122  -63.017  23.370 0.4000000060
13077  35.990  -59.610  21.446 0.6999999881
13083  36.317  -59.758  20.464 0.6000000238
13094  36.633  -60.106  19.484 0.6000000238
12458  38.648  -60.465  17.605 0.6000000238
111819  37.588  -60.411  18.499 0.6000000238
13110  39.323  -60.308  17.250 0.6000000238
15068  36.292  -56.839  17.159 0.6999999881
15074  37.368  -56.714  16.096 0.6999999881
14410  38.656  -57.882  15.884 0.6000000238
14415  38.180  -57.012  15.667 0.6000000238
11207  34.670  -62.596  24.032 0.4000000060
119206  34.334  -61.953  24.298 0.4000000060
13053  35.155  -59.989  23.174 0.6999999881
11206  35.267  -62.069  24.073 0.4000000060
13065  35.606  -59.660  22.393 0.8000000119
13093  37.738  -60.196  19.397 0.6000000238
12449  39.092  -60.635  18.114 0.5000000000
12437  38.477  -60.439  18.763 0.6000000238
15830  36.164  -55.854  17.104 0.6999999881
13757  42.182  -59.085  15.436 0.6000000238
13117  40.024  -59.642  16.718 0.6000000238
15834  37.176  -55.986  15.985 0.8000000119
110679  36.689  -55.583  16.370 0.8000000119
13758  40.758  -58.970  15.927 0.6000000238
13764  40.062  -58.164  15.385 0.6000000238
12405  35.902  -60.553  23.528 0.5000000000
11818  35.603  -61.304  23.920 0.5000000000
103234  36.927  -61.548  23.597 0.6999999881
104201  36.544  -62.342  23.597 0.4000000060
110441  37.465  -59.761  20.412 0.6999999881
111160  40.072  -60.516  18.413 0.6000000238
12456  41.174  -60.406  17.468 0.6000000238
15836  36.266  -55.152  16.708 0.6000000238
13116  41.419  -59.669  16.488 0.6000000238
15080  37.817  -56.279  15.574 0.6999999881
105449  41.023  -57.680  14.427 0.6999999881
14414  39.436  -57.321  15.125 0.6999999881
12403  38.915  -61.011  23.212 0.6999999881
13064  36.750  -59.699  22.358 0.6999999881
11830  38.421  -62.149  23.518 0.6999999881
115388  37.731  -62.795  23.429 0.6999999881
13076  37.168  -59.599  21.421 0.6999999881
13082  38.489  -59.795  20.342 0.6999999881
12436  39.652  -60.358  19.056 0.5000000000
13092  39.041  -60.029  19.738 0.6000000238
16676  35.576  -54.133  17.112 0.5000000000
114519  41.879  -60.167  17.495 0.6000000238
12448  40.873  -60.414  18.231 0.6000000238
15835  36.568  -54.852  16.180 0.6000000238
16680  36.387  -54.085  16.044 0.5000000000
13115  42.324  -59.395  16.304 0.6000000238
13109  41.826  -60.166  16.971 0.6000000238
111820  37.567  -55.662  15.532 0.6000000238
16685  36.917  -54.495  15.607 0.5000000000
16684  37.359  -53.926  14.985 0.5000000000
14412  42.599  -58.247  14.914 0.6999999881
13763  41.651  -58.470  14.840 0.6999999881
14417  41.731  -56.938  13.968 0.6999999881
15083  39.778  -55.968  14.258 0.6999999881
15843  39.221  -55.176  14.231 0.5000000000
14413  42.171  -57.762  14.395 0.6999999881
15842  40.887  -55.441  13.578 0.6000000238
115398  36.316  -60.039  23.094 0.6000000238
12404  37.271  -60.726  23.348 0.6999999881
109635  37.631  -60.200  22.835 0.6000000238
13081  39.703  -59.644  20.773 0.6999999881
13075  38.740  -59.623  21.353 0.6999999881
13091  40.340  -59.735  20.079 0.6000000238
17548  35.908  -53.681  16.495 0.4000000060
12435  40.870  -60.017  19.190 0.5000000000
99707  36.721  -53.134  15.180 0.4000000060
14408  42.661  -58.499  15.551 0.6000000238
13750  42.532  -59.192  16.308 0.6000000238
15839  37.768  -54.967  15.086 0.5000000000
16689  38.528  -54.345  14.293 0.4000000060
15076  42.257  -57.404  14.477 0.6000000238
15081  42.056  -56.342  13.882 0.6999999881
15082  41.299  -56.192  13.748 0.6000000238
108468  41.597  -54.872  13.494 0.5000000000
13063  39.036  -60.361  22.716 0.6000000238
101530  38.127  -59.771  22.222 0.6999999881
12401  40.022  -60.500  23.370 0.6999999881
12417  39.939  -60.570  23.068 0.6999999881
13741  41.716  -59.409  18.406 0.6000000238
117568  41.170  -59.476  19.562 0.5000000000
12446  41.948  -59.919  17.927 0.6000000238
14403  42.215  -58.573  16.666 0.6000000238
13751  42.229  -59.390  17.334 0.6000000238
115073  38.001  -53.679  14.371 0.4000000060
17561  37.404  -53.085  14.529 0.5000000000
18430  37.411  -52.276  14.322 0.4000000060
15071  42.595  -57.777  15.085 0.6000000238
18429  38.393  -52.868  13.881 0.4000000060
15077  42.177  -56.555  14.052 0.6000000238
15837  41.901  -55.522  13.832 0.5000000000
98976  39.844  -60.031  22.389 0.6999999881
13062  40.224  -59.827  22.765 0.6999999881
13073  40.617  -59.144  21.860 0.6000000238
13074  40.348  -59.549  21.859 0.6000000238
13051  40.234  -60.067  23.354 0.6999999881
13080  40.745  -59.262  21.123 0.5000000000
14382  41.142  -58.700  19.184 0.6000000238
14390  41.510  -58.592  17.883 0.6000000238
14404  40.926  -57.511  17.183 0.5000000000
15065  41.201  -56.831  16.267 0.6000000238
107613  41.917  -56.045  14.525 0.6000000238
13725  40.559  -58.965  22.076 0.6999999881
13730  41.002  -58.954  21.152 0.6000000238
13734  40.989  -58.799  20.314 0.5000000000
14391  40.361  -57.806  18.377 0.6000000238
14383  40.142  -58.027  19.470 0.6000000238
15056  39.657  -56.803  17.940 0.6000000238
15829  39.844  -55.631  16.821 0.6000000238
15833  41.274  -55.157  15.041 0.5000000000
105080  36.867  -64.483  23.159 0.5000000000
11221  37.447  -63.434  23.314 0.5000000000
10605  37.933  -63.521  23.803 0.5000000000
10606  37.468  -63.677  23.470 0.5000000000
117473  38.825  -62.542  23.722 0.6999999881
11204  38.928  -62.529  23.836 0.6999999881
11220  38.303  -63.066  23.691 0.5000000000
11205  38.495  -63.089  23.930 0.5000000000
11829  39.223  -61.872  23.727 0.6999999881
12402  39.692  -61.034  23.473 0.6999999881
107895  35.405  -66.299  20.799 0.3000000119
13114  35.488  -59.586  17.838 0.6999999881
13095  34.721  -60.345  19.190 0.6000000238
13754  35.846  -58.664  17.626 0.6999999881
12457  39.930  -60.561  17.577 0.6000000238
15840  37.072  -55.274  15.801 0.6000000238
15838  38.390  -55.760  15.016 0.6999999881
15078  40.338  -56.770  14.337 0.6999999881
108078  36.682  -53.771  15.545 0.5000000000
17552  36.232  -53.191  15.861 0.5000000000
13090  41.040  -59.232  20.319 0.5000000000
13729  41.112  -59.061  20.703 0.5000000000
15073  40.929  -55.979  15.887 0.6000000238
13079  40.985  -58.974  21.192 0.6000000238
13724  40.884  -58.990  21.590 0.5000000000
11805  38.234  -61.771  25.201 0.6000000238
13024  35.913  -59.951  26.939 0.6000000238
13670  35.769  -59.049  26.674 0.4000000060
12383  37.374  -61.043  25.910 0.5000000000
11804  39.073  -61.417  24.681 0.6000000238
12420  31.816  -60.580  22.876 0.5000000000
13009  35.217  -59.608  27.503 0.4000000060
103345  32.094  -60.484  21.928 0.5000000000
12373  36.624  -60.443  26.457 0.5000000000
104016  34.396  -58.707  27.927 0.4000000060
12419  32.473  -60.286  22.660 0.5000000000
115151  32.390  -60.421  21.068 0.5000000000
106382  32.979  -60.225  20.733 0.5000000000
12382  38.319  -60.774  25.410 0.5000000000
11817  39.380  -61.836  24.023 0.6000000238
13647  33.766  -58.023  28.798 0.4000000060
13632  33.722  -57.734  29.440 0.4000000060
11856  31.737  -61.607  18.806 0.5000000000
13036  37.400  -60.128  25.884 0.5000000000
11848  32.426  -60.969  19.718 0.5000000000
11860  32.196  -61.209  18.565 0.5000000000
12381  39.033  -60.462  24.866 0.6000000238
12392  39.666  -60.920  24.254 0.6000000238
11816  39.719  -61.109  23.726 0.6000000238
12440  33.771  -60.524  19.219 0.5000000000
12454  33.117  -60.522  18.658 0.5000000000
12455  32.228  -60.975  18.358 0.4000000060
13035  38.148  -59.918  25.364 0.5000000000
13046  38.709  -59.628  24.800 0.6000000238
13045  39.645  -60.029  24.373 0.6000000238
13052  39.962  -59.658  23.778 0.6000000238
12391  40.049  -60.400  23.784 0.6000000238
13657  34.919  -58.896  27.355 0.4000000060
13659  34.015  -58.193  28.001 0.4000000060
13105  33.330  -59.915  18.425 0.5000000000
13106  32.403  -60.445  18.360 0.5000000000
112848  31.633  -60.884  18.011 0.4000000060
109695  33.922  -60.183  18.642 0.6000000238
13682  37.220  -59.263  25.663 0.6000000238
13693  38.119  -58.924  24.574 0.6000000238
118885  38.477  -58.732  24.076 0.6000000238
13705  39.336  -58.912  23.606 0.6000000238
14983  33.060  -56.560  28.537 0.4000000060
105860  32.525  -59.489  18.401 0.4000000060
13107  31.386  -60.114  18.247 0.4000000060
13683  35.859  -58.446  25.954 0.6000000238
13671  35.093  -58.392  26.608 0.4000000060
13694  37.177  -58.657  25.046 0.6000000238
13669  36.473  -58.959  26.043 0.6000000238
117032  37.857  -59.270  25.084 0.5000000000
13707  37.368  -58.383  24.173 0.6000000238
104955  33.235  -56.693  29.220 0.4000000060
13658  34.466  -58.294  27.266 0.4000000060
13743  33.973  -59.167  18.385 0.6000000238
118015  32.442  -58.769  18.468 0.5000000000
13746  31.267  -59.124  18.574 0.5000000000
13108  30.709  -59.573  18.677 0.5000000000
13684  34.991  -57.924  25.901 0.4000000060
14325  34.407  -57.833  26.563 0.4000000060
14334  35.509  -57.993  25.358 0.5000000000
14345  36.279  -57.798  23.910 0.5000000000
14354  37.020  -57.975  23.365 0.5000000000
13706  38.096  -58.437  23.589 0.6000000238
13718  38.651  -58.508  23.099 0.6000000238
13717  39.788  -58.841  22.767 0.6000000238
15004  33.124  -56.582  26.783 0.4000000060
99099  33.381  -57.150  27.389 0.4000000060
14999  32.989  -56.503  27.686 0.4000000060
104615  32.842  -55.853  28.197 0.4000000060
15769  32.950  -55.911  26.186 0.4000000060
14326  33.693  -57.280  26.573 0.4000000060
14394  33.052  -57.713  18.404 0.6000000238
14396  31.677  -57.637  18.408 0.5000000000
114306  31.097  -58.098  18.554 0.4000000060
14336  34.211  -57.369  25.791 0.4000000060
14346  35.636  -57.755  24.610 0.5000000000
14353  37.716  -58.176  22.984 0.6000000238
14363  39.259  -58.371  21.783 0.6000000238
105859  32.874  -55.118  26.546 0.4000000060
14407  34.767  -57.208  18.043 0.6000000238
111149  33.866  -57.453  18.370 0.6000000238
103438  33.156  -56.735  18.361 0.5000000000
104959  30.290  -57.607  18.561 0.5000000000
15012  33.501  -56.702  25.873 0.4000000060
14335  34.837  -57.533  25.129 0.4000000060
14356  34.846  -57.196  24.417 0.5000000000
14366  36.002  -57.293  23.028 0.5000000000
14364  38.167  -58.124  22.337 0.5000000000
107044  32.839  -54.949  27.264 0.4000000060
15058  34.038  -56.685  18.314 0.6000000238
15059  32.230  -56.368  18.260 0.5000000000
14355  35.360  -57.249  23.791 0.5000000000
14373  37.084  -57.327  21.786 0.4000000060
14372  37.967  -57.638  21.456 0.4000000060
14378  39.093  -58.049  20.966 0.6000000238
14377  40.020  -58.243  20.500 0.4000000060
17447  33.413  -53.780  26.602 0.4000000060
15069  35.505  -56.520  17.610 0.6000000238
106392  33.053  -55.203  25.679 0.4000000060
107603  35.406  -55.742  17.589 0.5000000000
15070  34.670  -56.135  18.031 0.5000000000
15821  32.939  -55.897  18.355 0.5000000000
15060  31.530  -56.159  18.229 0.4000000060
117495  34.285  -55.558  18.229 0.4000000060
15027  35.181  -56.755  23.197 0.5000000000
15037  35.464  -56.529  22.521 0.5000000000
15036  36.216  -56.965  22.130 0.6000000238
15045  37.172  -57.013  21.012 0.4000000060
14379  38.033  -57.394  20.706 0.4000000060
103617  38.767  -57.602  20.324 0.4000000060
15046  36.447  -56.612  21.380 0.5000000000
15831  35.672  -55.013  17.264 0.5000000000
15832  34.923  -55.296  17.877 0.6000000238
16677  35.072  -54.506  17.702 0.4000000060
14385  38.083  -57.045  19.915 0.5000000000
15802  36.046  -55.855  21.057 0.5000000000
15050  37.348  -56.665  20.287 0.5000000000
16617  33.185  -54.459  25.248 0.4000000060
15066  40.178  -56.382  17.026 0.5000000000
14392  39.274  -57.164  18.813 0.4000000060
14384  39.015  -57.458  19.662 0.5000000000
15808  36.984  -55.852  19.982 0.5000000000
15051  36.678  -56.264  20.666 0.5000000000
15067  39.149  -55.772  17.645 0.4000000060
15818  38.418  -55.532  18.279 0.4000000060
15057  38.738  -56.306  18.449 0.5000000000
15054  37.633  -56.269  19.572 0.5000000000
15053  38.395  -56.670  19.189 0.5000000000
15813  37.385  -55.385  19.299 0.5000000000
15812  38.019  -55.842  18.868 0.4000000060
108023  33.948  -60.434  18.852 0.5000000000
12429  33.161  -60.562  19.687 0.6000000238
12408  32.530  -60.508  23.477 0.5000000000
16681  36.080  -54.484  16.625 0.5000000000
13731  40.414  -58.679  21.464 0.6000000238
12441  32.947  -60.843  18.836 0.5000000000
119261  33.435  -60.621  18.862 0.5000000000
108852  31.924  -59.893  18.284 0.4000000060
100593  36.626  -58.721  25.601 0.6000000238
13744  33.051  -58.817  18.421 0.6000000238
13745  31.898  -58.715  18.496 0.4000000060
14393  34.503  -58.350  18.213 0.6000000238
116209  33.685  -58.298  18.401 0.6000000238
102584  32.375  -58.113  18.440 0.5000000000
102752  30.479  -58.510  18.832 0.5000000000
13096  30.120  -60.184  18.861 0.5000000000
14397  30.924  -57.200  18.317 0.5000000000
101000  31.596  -56.774  18.247 0.5000000000
14395  32.325  -57.165  18.324 0.5000000000
14365  36.979  -57.606  22.591 0.5000000000
15028  34.556  -56.531  23.848 0.5000000000
6460  40.395  -70.672  23.546 0.3000000119
6481  40.139  -70.219  21.924 0.3000000119
7022  40.479  -70.105  22.546 0.3000000119
7031  40.727  -69.537  21.413 0.3000000119
7044  40.260  -69.558  19.859 0.3000000119
7043  40.987  -69.077  20.152 0.3000000119
8214  42.869  -66.989  22.190 0.3000000119
7575  42.078  -68.122  21.113 0.3000000119
7030  41.583  -68.628  20.585 0.3000000119
7590  41.916  -68.043  19.128 0.3000000119
7564  42.495  -67.549  21.654 0.3000000119
8845  43.454  -66.014  21.499 0.3000000119
8229  43.146  -66.435  20.827 0.3000000119
8230  42.758  -66.976  20.224 0.4000000060
101902  42.400  -67.537  19.625 0.4000000060
98750  42.341  -66.513  18.644 0.4000000060
8252  42.080  -66.775  18.165 0.3000000119
9444  43.410  -64.895  21.086 0.3000000119
8857  43.214  -65.461  20.626 0.4000000060
8240  43.045  -66.012  19.719 0.4000000060
8241  42.667  -66.560  19.110 0.4000000060
9433  43.916  -64.689  21.558 0.3000000119
8880  42.065  -66.261  18.670 0.4000000060
9978  43.887  -63.614  21.981 0.4000000060
9997  43.612  -64.489  21.416 0.4000000060
8253  41.415  -66.859  18.307 0.4000000060
8242  41.142  -66.615  19.316 0.3000000119
9434  43.161  -64.723  21.157 0.4000000060
9445  43.095  -65.116  20.609 0.3000000119
8869  42.871  -65.468  20.037 0.4000000060
9989  43.558  -64.226  21.656 0.4000000060
8859  41.441  -66.019  20.557 0.5000000000
114524  42.253  -65.617  19.850 0.4000000060
117505  35.671  -65.410  22.096 0.5000000000
9965  43.667  -63.297  22.867 0.4000000060
8871  41.795  -65.927  19.496 0.4000000060
113155  35.548  -66.769  21.358 0.3000000119
8219  35.730  -67.270  22.032 0.4000000060
7592  38.594  -68.375  20.350 0.3000000119
11832  31.527  -61.284  24.055 0.4000000060
11833  30.938  -61.617  24.153 0.4000000060
10607  37.048  -64.039  22.944 0.4000000060
9423  42.818  -64.588  21.959 0.4000000060
9446  42.850  -65.100  20.655 0.3000000119
8858  42.116  -65.476  20.797 0.5000000000
9980  36.532  -64.473  22.805 0.4000000060
9436  36.392  -65.093  22.727 0.4000000060
9979  43.239  -64.068  22.431 0.4000000060
8231  40.800  -66.713  20.448 0.4000000060
8848  35.810  -66.474  22.469 0.5000000000
8232  40.255  -67.378  20.287 0.5000000000
8218  36.156  -67.694  22.761 0.4000000060
114638  35.929  -67.814  21.499 0.4000000060
7576  39.317  -68.100  20.598 0.3000000119
7569  36.233  -68.092  22.203 0.4000000060
11840  31.128  -61.048  23.331 0.4000000060
9404  42.384  -64.883  23.295 0.4000000060
9435  42.479  -65.093  21.467 0.4000000060
9424  42.009  -65.362  22.733 0.4000000060
8846  41.619  -65.823  22.252 0.4000000060
9425  36.135  -65.894  22.924 0.5000000000
8816  41.584  -65.689  23.927 0.4000000060
8847  41.123  -66.415  21.905 0.5000000000
8198  40.242  -67.219  22.748 0.5000000000
99021  36.376  -65.451  23.590 0.4000000060
106322  36.127  -66.350  23.849 0.5000000000
9385  41.925  -65.128  24.639 0.4000000060
109311  39.581  -67.773  22.318 0.5000000000
8203  35.939  -67.189  23.007 0.4000000060
7566  38.958  -68.259  21.753 0.4000000060
7556  37.623  -68.304  22.957 0.4000000060
7568  37.025  -68.481  22.227 0.4000000060
7557  36.736  -68.116  22.947 0.4000000060
10588  37.227  -64.260  23.872 0.3000000119
8835  40.850  -66.593  23.101 0.4000000060
9386  41.203  -65.313  25.390 0.4000000060
9405  41.026  -65.772  24.868 0.4000000060
8181  39.967  -67.114  23.768 0.5000000000
8199  39.285  -67.719  23.301 0.5000000000
102705  36.319  -65.314  24.708 0.5000000000
9387  40.519  -65.602  25.613 0.4000000060
8217  38.640  -68.224  22.728 0.4000000060
8836  36.195  -67.037  23.736 0.4000000060
8201  37.224  -67.868  23.755 0.4000000060
8185  36.615  -67.376  24.058 0.4000000060
10578  37.536  -63.608  24.360 0.4000000060
9967  36.645  -64.903  23.921 0.3000000119
8817  40.676  -66.382  24.174 0.4000000060
9957  36.362  -64.718  24.941 0.3000000119
8804  40.164  -66.201  25.149 0.4000000060
8818  39.641  -66.800  24.660 0.4000000060
8182  38.884  -67.451  24.254 0.5000000000
99155  40.160  -65.337  26.267 0.4000000060
9388  39.719  -65.869  25.847 0.4000000060
8183  38.070  -67.257  24.808 0.4000000060
8184  37.218  -67.400  24.486 0.4000000060
8820  36.521  -66.797  24.497 0.4000000060
11189  38.913  -62.367  24.266 0.4000000060
8819  38.836  -66.991  24.966 0.4000000060
7088  37.576  -68.754  16.544 0.3000000119
8196  43.309  -66.525  22.734 0.3000000119
9988  43.948  -64.011  21.627 0.4000000060
10587  43.138  -63.753  24.263 0.4000000060
9966  42.798  -64.285  23.786 0.4000000060
10577  42.923  -63.620  25.195 0.4000000060
9956  41.635  -64.771  25.580 0.4000000060
10579  36.516  -64.039  25.271 0.3000000119
9370  40.882  -65.063  26.026 0.4000000060
114304  36.354  -65.061  25.433 0.4000000060
9931  39.590  -64.870  27.028 0.4000000060
8795  38.760  -66.051  26.013 0.4000000060
8806  38.196  -66.671  25.482 0.4000000060
8808  36.674  -66.326  25.246 0.3000000119
9390  36.451  -65.652  25.354 0.4000000060
9371  39.317  -65.439  26.525 0.4000000060
11190  37.879  -62.753  24.772 0.4000000060
6482  39.634  -70.618  21.702 0.3000000119
7085  37.340  -69.667  16.936 0.3000000119
7087  38.391  -68.234  16.534 0.3000000119
7589  42.387  -67.070  18.570 0.4000000060
8856  43.568  -65.245  21.295 0.3000000119
8870  42.588  -65.966  19.203 0.4000000060
9421  44.313  -64.188  22.021 0.3000000119
101415  44.291  -62.612  22.904 0.4000000060
8216  39.855  -67.608  21.267 0.5000000000
7577  38.340  -68.482  21.164 0.3000000119
8215  40.493  -67.034  21.626 0.5000000000
9955  42.476  -64.376  24.987 0.4000000060
8200  38.265  -67.976  23.605 0.4000000060
8169  37.286  -66.899  25.104 0.4000000060
11177  36.402  -62.324  26.668 0.4000000060
11793  36.528  -61.395  26.562 0.4000000060
11779  35.555  -61.318  27.869 0.4000000060
12359  35.381  -60.471  27.699 0.3000000119
11806  37.115  -62.039  25.825 0.4000000060
13629  39.471  -58.177  29.316 0.3000000119
12982  39.229  -58.991  29.589 0.3000000119
105800  36.296  -58.188  30.491 0.3000000119
104366  35.100  -59.032  30.324 0.3000000119
12968  34.630  -59.030  29.937 0.3000000119
13646  34.179  -58.712  28.670 0.3000000119
14270  38.083  -58.083  30.015 0.3000000119
13609  37.198  -58.219  30.351 0.3000000119
14272  36.814  -57.495  30.448 0.3000000119
14285  39.906  -57.170  29.053 0.3000000119
14968  39.043  -56.891  29.630 0.3000000119
13611  34.509  -58.348  30.145 0.3000000119
13612  33.936  -57.719  29.999 0.3000000119
14271  37.674  -57.474  30.180 0.3000000119
105235  36.304  -56.709  30.620 0.3000000119
13610  35.340  -58.088  30.477 0.3000000119
15709  37.781  -56.099  30.358 0.3000000119
107428  36.974  -56.159  30.576 0.3000000119
15712  35.313  -55.209  30.691 0.3000000119
118781  36.679  -55.082  30.729 0.3000000119
16556  36.120  -54.590  30.765 0.3000000119
15727  38.906  -55.977  29.890 0.3000000119
105078  34.554  -56.614  30.536 0.3000000119
113417  34.092  -55.456  30.285 0.3000000119
116278  33.048  -55.333  28.602 0.3000000119
16555  37.252  -54.622  30.693 0.3000000119
14956  35.380  -56.168  30.691 0.3000000119
16576  33.916  -54.873  29.960 0.3000000119
104910  36.768  -53.763  30.724 0.3000000119
16557  35.130  -54.294  30.563 0.3000000119
17384  35.083  -53.567  30.304 0.3000000119
100802  33.175  -54.497  27.726 0.3000000119
100659  33.412  -55.090  29.248 0.3000000119
16585  33.696  -54.078  28.295 0.3000000119
17426  33.545  -53.929  27.432 0.3000000119
16610  33.118  -54.426  26.105 0.3000000119
18304  33.747  -53.174  26.346 0.3000000119
17460  33.330  -53.616  25.649 0.3000000119
12995  34.958  -60.131  28.262 0.3000000119
11794  35.934  -60.908  27.165 0.4000000060
13631  34.154  -58.428  29.559 0.3000000119
14969  33.487  -56.430  29.775 0.3000000119
11778  35.989  -61.819  27.348 0.5000000000
113953  38.405  -57.383  29.884 0.3000000119
107258  35.336  -57.114  30.626 0.3000000119
112640  35.789  -58.831  30.484 0.3000000119
12984  35.003  -59.835  29.875 0.3000000119
12334  34.768  -60.121  29.064 0.3000000119
106843  37.304  -56.803  30.376 0.3000000119
14955  38.205  -56.784  30.049 0.3000000119
14275  33.834  -56.989  30.228 0.3000000119
15711  36.265  -55.627  30.714 0.3000000119
104882  35.817  -53.665  30.636 0.3000000119
18245  35.656  -52.352  29.990 0.3000000119
15713  34.545  -54.936  30.440 0.3000000119
17381  37.544  -52.977  30.604 0.3000000119
16558  34.460  -54.196  30.139 0.3000000119
9374  36.547  -65.250  25.988 0.4000000060
9919  37.448  -63.907  28.048 0.4000000060
9933  37.001  -64.370  27.418 0.4000000060
9946  36.399  -64.515  25.971 0.3000000119
10553  36.763  -63.737  27.759 0.4000000060
10537  37.069  -63.382  28.398 0.3000000119
11146  36.705  -62.820  28.616 0.3000000119
10566  36.416  -63.684  26.391 0.3000000119
10554  36.420  -63.266  27.355 0.4000000060
11165  36.255  -62.710  28.054 0.4000000060
114736  36.347  -62.992  26.736 0.4000000060
11166  35.810  -62.077  27.995 0.4000000060
11191  36.660  -63.092  25.755 0.3000000119
9945  36.757  -64.774  26.667 0.4000000060
9987  44.245  -63.562  22.104 0.3000000119
8796  37.724  -66.098  26.074 0.3000000119
10576  45.219  -63.473  24.570 0.3000000119
118404  45.094  -63.608  23.751 0.3000000119
10603  44.748  -63.088  22.722 0.3000000119
10604  44.314  -63.108  22.524 0.3000000119
9373  37.213  -65.497  26.431 0.3000000119
9372  38.217  -65.572  26.587 0.3000000119
102371  45.703  -61.503  24.892 0.3000000119
10602  45.170  -62.270  23.156 0.3000000119
11187  45.491  -61.312  24.075 0.3000000119
11219  44.797  -62.283  23.034 0.3000000119
10586  43.718  -62.843  23.973 0.3000000119
9356  37.598  -64.966  27.036 0.3000000119
106307  45.198  -59.880  26.086 0.3000000119
11801  45.395  -60.749  24.261 0.3000000119
11790  45.475  -60.409  25.441 0.3000000119
11828  45.081  -61.567  23.302 0.3000000119
11813  45.265  -61.189  23.693 0.3000000119
11188  44.045  -62.012  24.160 0.3000000119
12370  45.138  -59.349  24.890 0.3000000119
12380  45.085  -60.032  24.579 0.3000000119
11815  44.764  -61.201  23.645 0.3000000119
11802  45.112  -60.870  23.898 0.3000000119
10563  43.316  -62.716  25.214 0.3000000119
110454  42.548  -63.361  26.120 0.3000000119
9943  41.312  -64.463  26.330 0.3000000119
11175  43.790  -61.437  24.904 0.3000000119
10564  42.857  -62.482  26.185 0.3000000119
9355  38.628  -65.004  27.130 0.3000000119
13020  44.741  -58.602  25.039 0.3000000119
110497  44.992  -58.737  25.416 0.3000000119
13034  44.744  -59.042  24.843 0.3000000119
11803  44.703  -60.147  24.449 0.3000000119
10565  41.747  -63.820  26.638 0.3000000119
104746  39.947  -64.297  27.416 0.3000000119
103540  39.007  -64.406  27.587 0.3000000119
10552  38.397  -63.877  28.131 0.3000000119
8807  37.316  -66.438  25.609 0.3000000119
12371  44.208  -59.083  24.859 0.3000000119
10548  42.142  -63.099  26.939 0.3000000119
9930  40.633  -64.101  27.240 0.3000000119
10584  45.420  -62.472  23.934 0.3000000119
10585  45.191  -63.081  23.367 0.3000000119
7567  37.997  -68.502  22.092 0.3000000119
8202  36.434  -67.573  23.433 0.4000000060
8233  35.626  -67.166  21.114 0.3000000119
8805  39.256  -66.484  25.403 0.4000000060
8834  41.373  -66.081  23.339 0.4000000060
8837  35.999  -66.649  23.246 0.4000000060
9389  36.872  -65.941  25.869 0.3000000119
9406  36.264  -66.011  24.618 0.4000000060
9929  41.089  -64.157  26.890 0.3000000119
9932  37.973  -64.462  27.628 0.3000000119
9934  36.535  -64.059  26.949 0.4000000060
9942  42.106  -64.107  25.871 0.4000000060
9944  40.456  -64.697  26.745 0.3000000119
9992  33.683  -64.403  22.508 0.5000000000
10589  33.956  -63.097  24.091 0.4000000060
11201  45.352  -61.685  23.644 0.3000000119
11202  44.930  -61.537  23.259 0.3000000119
11203  44.560  -61.968  23.280 0.3000000119
11789  45.627  -60.764  24.965 0.3000000119
11814  45.058  -61.275  23.471 0.3000000119
11850  31.244  -61.960  19.345 0.5000000000
12369  45.334  -60.194  24.726 0.3000000119
12409  31.800  -60.851  23.625 0.5000000000
12424  32.845  -60.067  21.904 0.6000000238
12438  36.832  -60.357  18.608 0.6000000238
12447  41.560  -60.206  18.095 0.6000000238
12450  38.040  -60.499  18.009 0.6000000238
12461  40.654  -60.385  17.035 0.6000000238
12985  34.478  -59.325  29.329 0.3000000119
13023  36.588  -59.560  26.288 0.6000000238
13101  41.463  -59.751  18.801 0.5000000000
13111  38.167  -60.078  17.391 0.6000000238
13630  38.656  -58.614  29.832 0.3000000119
13692  39.142  -59.239  24.238 0.6000000238
13695  36.245  -58.304  25.207 0.6000000238
13704  40.167  -59.468  23.141 0.6999999881
13716  40.381  -59.299  22.538 0.6999999881
13733  41.279  -59.163  19.756 0.5000000000
13742  34.778  -59.398  18.127 0.6999999881
13756  42.720  -58.916  15.400 0.6999999881
13761  37.205  -58.143  16.990 0.6999999881
13762  42.461  -58.552  14.923 0.6999999881
14273  36.024  -57.525  30.575 0.3000000119
14274  34.496  -57.508  30.389 0.3000000119
14286  38.931  -57.708  29.620 0.3000000119
14287  33.532  -57.183  29.671 0.3000000119
14302  33.362  -57.301  28.862 0.4000000060
14316  33.900  -57.745  27.297 0.4000000060
14317  33.584  -57.585  28.067 0.4000000060
14409  42.159  -57.682  15.908 0.6000000238
14416  42.196  -56.960  14.026 0.6999999881
14957  34.617  -55.750  30.548 0.3000000119
14958  33.931  -56.150  30.310 0.3000000119
15072  42.148  -56.878  15.048 0.6000000238
15075  36.784  -56.351  16.536 0.6999999881
15079  38.855  -56.500  15.035 0.6999999881
15710  37.174  -55.488  30.623 0.3000000119
15728  33.600  -55.640  29.833 0.3000000119
15738  33.092  -55.936  29.112 0.3000000119
15753  32.869  -55.140  27.928 0.4000000060
15761  32.772  -55.715  27.213 0.4000000060
15841  41.759  -55.717  13.736 0.6000000238
16586  33.305  -54.697  28.516 0.3000000119
16596  33.072  -54.405  26.942 0.4000000060
17383  35.693  -52.929  30.366 0.3000000119
17403  35.161  -52.959  29.919 0.3000000119
17404  34.593  -53.590  29.694 0.3000000119
18316  33.576  -52.779  25.549 0.3000000119
100435  33.777  -56.069  18.316 0.4000000060
103092  35.320  -60.371  18.753 0.6000000238
103706  36.201  -62.536  27.416 0.5000000000
106243  45.579  -61.864  24.290 0.3000000119
106876  38.120  -53.328  14.179 0.4000000060
108725  42.276  -59.825  17.134 0.6000000238
112606  36.533  -58.200  24.592 0.5000000000
113443  33.227  -57.040  28.096 0.4000000060
115426  37.933  -67.678  24.240 0.4000000060
116787  38.519  -57.816  21.220 0.6000000238
116922  39.911  -65.119  26.658 0.4000000060
117619  42.083  -59.737  17.684 0.6000000238
119529  36.599  -63.224  28.080 0.4000000060
119658  41.270  -60.135  18.598 0.6000000238
