#!ascii label  , from subject sub-01 vox2ras=TkReg
1311
104365  24.704  -77.194  29.158 0.6999999881
2560  24.291  -77.930  28.968 0.8000000119
2553  23.604  -78.421  29.629 0.8000000119
2554  22.985  -78.743  30.067 0.6999999881
3004  24.906  -77.892  27.842 0.6000000238
2159  23.253  -79.049  29.397 0.6000000238
116830  25.500  -77.660  27.442 0.6000000238
2964  23.649  -77.176  30.553 0.8000000119
2546  23.304  -78.009  30.381 0.6999999881
2547  22.585  -78.270  30.806 0.6999999881
2150  21.430  -79.268  30.685 0.6999999881
2983  24.885  -77.370  28.491 0.6000000238
114722  24.310  -77.253  29.806 0.6999999881
2149  22.251  -79.002  30.394 0.6999999881
3020  25.822  -77.975  27.031 0.6000000238
2591  25.580  -78.485  26.353 0.6000000238
2606  26.541  -78.642  25.415 0.6000000238
2950  22.976  -76.566  31.242 0.8000000119
3400  22.282  -76.007  31.525 0.8000000119
2952  21.100  -77.025  32.119 0.6999999881
2953  20.116  -77.027  32.038 0.6999999881
2520  19.878  -77.712  32.071 0.6999999881
103398  23.640  -76.346  30.858 0.8000000119
2951  22.136  -76.801  31.675 0.6999999881
2531  21.141  -77.997  31.895 0.6999999881
3409  24.268  -76.540  30.323 0.6999999881
2965  22.839  -77.449  31.112 0.8000000119
2548  21.782  -78.541  31.184 0.6999999881
3426  24.773  -76.626  29.632 0.6999999881
2982  25.367  -77.188  27.934 0.6999999881
3003  26.005  -77.136  27.484 0.6000000238
3448  25.798  -76.515  28.058 0.6000000238
114629  26.817  -78.340  26.442 0.6000000238
2590  26.109  -78.363  26.309 0.6000000238
2605  27.477  -78.695  25.644 0.6000000238
2204  29.121  -79.491  24.740 0.6999999881
2617  28.207  -79.202  24.491 0.6000000238
2203  29.855  -79.996  24.914 0.5000000000
2218  29.362  -80.017  24.099 0.6000000238
1847  30.107  -80.783  25.007 0.5000000000
3835  21.661  -75.546  31.418 0.8999999762
3401  21.422  -76.228  31.775 0.8000000119
3402  20.112  -76.314  31.468 0.6999999881
3399  23.128  -75.662  31.178 0.6999999881
3834  22.368  -75.382  31.298 0.8999999762
3403  19.403  -76.865  31.458 0.6999999881
3857  24.846  -75.813  30.150 0.8000000119
3410  24.059  -75.730  30.762 0.8000000119
3856  25.511  -75.349  29.588 0.8000000119
115787  25.910  -75.374  28.828 0.6999999881
3425  25.206  -76.107  29.408 0.6999999881
3447  26.397  -76.295  27.611 0.8000000119
3464  26.680  -76.847  27.323 0.6999999881
3019  26.442  -77.761  27.062 0.6999999881
2589  27.692  -78.265  26.808 0.6000000238
2604  28.499  -78.833  25.806 0.6999999881
4272  22.431  -74.393  30.620 0.8999999762
3843  21.213  -75.226  30.848 0.8000000119
3411  19.591  -76.398  30.926 0.6999999881
3842  23.735  -74.937  30.931 0.8000000119
3833  22.857  -74.885  31.090 0.8000000119
4269  24.908  -74.485  30.401 0.6999999881
4296  26.510  -74.292  28.809 0.6999999881
4297  26.012  -74.742  29.228 0.6000000238
3877  26.645  -75.494  27.629 0.8000000119
3891  26.910  -75.961  27.185 0.8000000119
3463  27.385  -76.643  27.088 0.6999999881
119538  28.095  -77.590  27.123 0.8000000119
3018  27.177  -77.565  27.092 0.6999999881
2587  29.917  -78.655  26.670 0.6999999881
2588  28.875  -78.259  26.854 0.6999999881
2190  30.215  -79.569  25.986 0.6999999881
2603  29.470  -79.097  25.846 0.6999999881
109460  16.752  -77.140  21.817 0.6000000238
2650  16.897  -78.352  20.478 0.6000000238
3539  15.189  -76.935  20.065 0.6000000238
111963  14.679  -76.422  19.975 0.6999999881
4273  21.787  -74.712  30.524 0.8999999762
3844  20.381  -75.809  30.915 0.6999999881
4766  24.929  -73.702  30.287 0.6000000238
4777  26.544  -73.483  29.180 0.6000000238
4778  25.773  -73.337  29.745 0.6000000238
4312  26.817  -74.633  27.902 0.6999999881
3876  27.153  -75.049  26.971 0.6999999881
3005  21.282  -77.228  26.890 0.6999999881
3006  20.563  -77.745  27.321 0.6999999881
3031  21.223  -77.443  25.878 0.6000000238
3021  20.742  -78.066  26.500 0.6000000238
2577  20.145  -78.494  26.880 0.6999999881
2593  20.363  -78.915  26.214 0.5000000000
2594  19.711  -79.095  26.441 0.6999999881
3462  28.476  -76.809  26.988 0.8000000119
3032  20.749  -78.332  25.646 0.5000000000
2620  20.500  -78.554  24.655 0.5000000000
3017  29.657  -77.839  27.080 0.6999999881
3054  20.759  -78.054  23.906 0.5000000000
2628  20.841  -78.333  23.022 0.6000000238
2629  20.139  -79.006  23.645 0.5000000000
103296  19.471  -80.032  24.039 0.6000000238
2226  18.571  -80.276  24.503 0.6999999881
2630  17.664  -78.247  23.231 0.6999999881
2237  19.406  -79.817  23.071 0.5000000000
2245  18.623  -80.084  22.962 0.6000000238
2240  18.099  -79.820  23.251 0.6000000238
3076  17.074  -78.338  21.205 0.6000000238
2638  20.257  -79.223  22.426 0.6000000238
2246  18.419  -79.920  22.129 0.6000000238
2254  18.171  -79.705  21.392 0.6000000238
2243  19.541  -79.810  21.873 0.5000000000
2244  18.852  -80.076  21.990 0.5000000000
2649  17.515  -79.106  20.845 0.6000000238
3538  15.683  -77.439  20.111 0.6000000238
3545  15.263  -76.597  19.743 0.6999999881
4407  15.179  -74.697  19.568 0.6000000238
103362  13.782  -74.211  19.945 0.6999999881
2253  18.761  -79.955  21.371 0.6000000238
2257  18.390  -79.544  20.758 0.6000000238
2660  16.728  -78.144  19.918 0.6000000238
3089  16.374  -77.679  19.766 0.6999999881
4406  15.914  -74.881  19.520 0.5000000000
3859  20.908  -75.538  30.218 0.8999999762
4767  24.163  -73.679  30.477 0.6999999881
3427  20.898  -76.014  29.400 0.8000000119
2975  19.211  -76.796  30.245 0.6999999881
3438  20.599  -76.703  28.857 0.6999999881
3437  21.382  -76.178  28.457 0.8000000119
4295  26.993  -73.769  28.386 0.6999999881
3449  21.586  -76.540  27.457 0.8000000119
3450  21.019  -77.058  27.875 0.6000000238
113425  21.664  -76.634  26.830 0.6999999881
3466  21.742  -76.624  26.114 0.6000000238
98870  27.875  -75.852  26.434 0.8000000119
3478  21.586  -76.879  25.227 0.5000000000
3042  21.111  -77.547  24.734 0.5000000000
3052  22.495  -77.420  23.286 0.5000000000
3064  21.814  -78.216  22.600 0.6000000238
3053  21.440  -77.640  23.669 0.6000000238
2637  21.277  -78.977  21.847 0.6000000238
4899  15.827  -73.362  20.534 0.5000000000
2252  19.375  -79.908  21.254 0.5000000000
4397  15.594  -73.977  19.862 0.5000000000
4900  15.044  -73.080  20.245 0.6000000238
2256  19.231  -79.721  20.747 0.6000000238
2656  17.849  -78.853  20.275 0.6999999881
3087  17.786  -77.529  19.691 0.6999999881
3967  16.040  -75.883  19.395 0.6999999881
2255  20.123  -79.602  20.796 0.6000000238
3966  16.887  -76.151  19.395 0.6000000238
3083  19.590  -78.451  20.205 0.6999999881
3084  18.657  -78.004  19.953 0.6000000238
3537  17.675  -76.510  19.636 0.5000000000
4769  22.720  -73.730  30.043 0.6999999881
4283  22.106  -74.336  29.963 0.6999999881
4299  21.980  -74.719  29.293 0.6999999881
3858  21.411  -75.407  29.342 0.8000000119
3870  21.913  -75.335  28.533 0.6999999881
3893  22.040  -76.053  26.851 0.6999999881
3880  21.971  -75.811  27.755 0.6999999881
5367  16.007  -71.592  21.996 0.5000000000
3062  23.612  -78.268  21.750 0.5000000000
3063  22.867  -78.343  22.124 0.6000000238
5380  15.507  -71.736  21.409 0.5000000000
2635  23.121  -78.825  21.142 0.5000000000
3073  23.764  -78.565  20.829 0.5000000000
2636  22.311  -78.931  21.446 0.6000000238
2250  20.925  -79.519  20.774 0.6000000238
3959  16.727  -75.187  19.647 0.5000000000
2645  23.165  -78.728  20.595 0.5000000000
2646  22.496  -79.080  20.737 0.6000000238
2653  20.914  -79.214  20.449 0.6000000238
2651  22.453  -78.859  20.535 0.6000000238
4779  23.175  -73.242  29.398 0.6999999881
4787  22.559  -73.897  29.164 0.6999999881
4298  22.348  -74.597  28.461 0.6999999881
3534  20.198  -77.856  20.479 0.5000000000
3072  24.423  -78.293  20.375 0.5000000000
3536  18.455  -76.956  19.918 0.5000000000
3080  23.116  -78.501  20.461 0.5000000000
3081  21.571  -78.929  20.346 0.5000000000
3082  20.643  -78.789  20.271 0.5000000000
3535  19.286  -77.411  20.290 0.5000000000
3522  20.739  -77.043  21.183 0.5000000000
116138  20.298  -76.168  21.552 0.5000000000
3520  22.743  -77.075  20.947 0.5000000000
3521  21.728  -77.176  21.193 0.5000000000
107851  19.851  -76.770  21.019 0.5000000000
3533  23.337  -77.952  20.295 0.5000000000
3075  21.227  -78.252  20.457 0.5000000000
2644  23.813  -78.380  20.228 0.5000000000
3074  22.356  -78.346  20.488 0.5000000000
3944  22.115  -76.114  21.806 0.5000000000
5871  15.882  -70.722  24.044 0.6000000238
5886  15.122  -70.686  23.443 0.6000000238
5870  16.669  -71.112  24.492 0.5000000000
6456  15.616  -70.631  24.929 0.6999999881
5872  15.025  -70.737  24.464 0.6000000238
103758  14.525  -71.959  23.885 0.6000000238
107210  14.516  -71.613  25.424 0.6999999881
6444  15.350  -70.608  25.673 0.6000000238
6457  14.992  -70.648  25.247 0.6999999881
5336  14.605  -71.161  24.660 0.6999999881
105479  14.646  -72.698  25.144 0.6999999881
102447  14.341  -71.465  26.062 0.8000000119
6402  15.441  -70.684  27.086 0.5000000000
5832  16.511  -71.071  26.093 0.5000000000
5854  14.650  -70.828  25.408 0.8000000119
6445  14.804  -70.678  25.867 0.6000000238
5834  13.046  -71.607  27.002 0.6999999881
115913  15.828  -71.363  28.747 0.5000000000
5818  16.242  -71.087  27.083 0.5000000000
101690  13.862  -71.397  26.649 0.6999999881
5305  14.173  -72.442  26.465 0.6999999881
5833  14.406  -70.848  26.275 0.6999999881
5307  12.656  -72.497  26.921 0.6999999881
5820  12.426  -70.928  27.551 0.6999999881
5806  15.115  -71.007  28.776 0.6000000238
6403  14.447  -70.670  27.292 0.8000000119
8212  11.115  -67.228  23.583 0.6999999881
7550  11.019  -67.766  23.722 0.8000000119
6364  16.422  -70.718  30.690 0.4000000060
5836  11.661  -71.750  25.879 0.6999999881
5778  16.085  -71.155  30.239 0.5000000000
5835  12.209  -71.754  26.631 0.6999999881
5792  15.707  -71.215  29.517 0.6000000238
5793  14.782  -70.699  29.456 0.6000000238
6427  13.780  -70.886  27.140 0.6999999881
6387  14.220  -70.630  28.599 0.8000000119
107663  13.358  -70.642  28.055 0.8000000119
9895  10.998  -65.038  32.365 0.5000000000
9902  10.550  -64.561  31.691 0.5000000000
9903  9.711  -64.642  31.482 0.5000000000
108706  11.836  -65.587  26.626 0.5000000000
9419  12.071  -65.879  24.142 0.6000000238
9399  12.554  -65.521  25.568 0.6000000238
9364  10.557  -65.601  28.093 0.6000000238
113467  7.843  -65.090  29.685 0.6000000238
9420  11.169  -65.986  24.328 0.6999999881
9400  11.259  -65.643  25.312 0.6999999881
114091  11.155  -66.846  23.563 0.6999999881
8832  9.658  -66.589  24.657 0.6999999881
6428  11.351  -70.638  26.253 0.6999999881
6988  11.098  -69.692  26.435 0.6999999881
7544  11.150  -68.464  25.486 0.8000000119
101550  15.807  -70.290  30.561 0.5000000000
5821  11.677  -70.933  26.994 0.6999999881
6365  15.351  -70.669  30.135 0.6000000238
6388  13.404  -70.362  28.827 0.6999999881
6404  11.803  -70.308  27.863 0.8000000119
9894  12.117  -65.169  32.626 0.5000000000
9901  11.487  -64.574  31.867 0.6000000238
10503  11.966  -64.176  31.183 0.5000000000
10504  10.935  -64.125  31.157 0.6000000238
10505  9.995  -64.038  31.104 0.6000000238
9912  9.144  -64.223  30.853 0.6000000238
10518  9.351  -63.573  30.406 0.6000000238
107310  8.478  -63.840  30.107 0.5000000000
9380  12.524  -65.429  27.043 0.5000000000
9348  11.789  -65.048  28.161 0.5000000000
9398  13.685  -65.598  24.882 0.6000000238
9349  11.126  -65.084  28.343 0.6000000238
9350  9.965  -65.249  28.569 0.6999999881
10519  8.208  -63.982  29.772 0.6000000238
9418  13.079  -66.295  23.685 0.6000000238
8830  12.278  -66.661  23.511 0.6999999881
8813  9.449  -66.168  25.584 0.6999999881
103453  10.929  -65.748  26.929 0.6999999881
9365  9.298  -65.769  28.274 0.8000000119
98918  8.724  -65.354  29.015 0.6999999881
8829  12.937  -66.883  23.400 0.6999999881
8843  11.656  -66.941  23.465 0.6999999881
8191  13.111  -67.160  23.640 0.6999999881
8192  11.834  -67.419  23.882 0.8000000119
8177  11.619  -67.907  25.204 0.8000000119
107767  11.167  -68.016  24.236 0.8000000119
6944  15.053  -69.981  30.330 0.5000000000
108247  13.846  -68.501  29.579 0.6000000238
105356  11.345  -69.369  27.336 0.8000000119
7539  11.172  -68.884  26.506 0.8000000119
103008  14.642  -70.265  29.917 0.6000000238
105447  13.797  -69.094  29.707 0.6999999881
7518  11.669  -69.150  28.088 0.8000000119
6955  13.531  -69.661  29.432 0.6999999881
6375  12.783  -69.673  29.008 0.6999999881
114997  12.617  -70.262  28.497 0.8000000119
9893  13.104  -64.941  32.699 0.4000000060
9900  12.549  -64.571  31.957 0.5000000000
10516  11.336  -63.647  30.526 0.4000000060
10517  10.323  -63.548  30.549 0.5000000000
11138  8.482  -62.694  28.876 0.5000000000
106537  13.332  -65.311  26.532 0.5000000000
117489  11.608  -64.909  28.252 0.6000000238
9923  10.139  -64.712  28.491 0.6000000238
11139  8.287  -63.077  28.918 0.6000000238
9417  14.126  -66.416  23.873 0.6000000238
9924  9.192  -64.700  28.917 0.6999999881
111438  8.331  -64.320  29.198 0.6999999881
105948  13.683  -66.871  23.462 0.6000000238
8176  12.546  -67.612  24.684 0.8000000119
8115  13.638  -68.021  29.115 0.6999999881
7510  12.343  -68.938  28.704 0.6999999881
7528  11.895  -68.571  28.000 0.8000000119
8153  11.956  -68.148  27.264 0.8000000119
7509  13.219  -68.885  29.317 0.6999999881
9899  13.497  -64.480  32.172 0.4000000060
9889  13.817  -64.259  33.834 0.4000000060
10480  13.407  -63.811  34.425 0.4000000060
10515  12.352  -63.667  30.514 0.5000000000
10502  13.090  -64.100  31.295 0.4000000060
11082  13.106  -62.870  34.426 0.5000000000
111984  9.953  -62.426  29.390 0.5000000000
11788  9.847  -61.568  27.629 0.5000000000
11159  8.513  -62.693  28.454 0.5000000000
11800  10.612  -61.405  27.101 0.5000000000
10544  8.500  -63.356  28.550 0.6999999881
8165  12.069  -67.787  26.192 0.8000000119
8133  14.190  -67.618  28.625 0.6000000238
8134  13.339  -67.725  28.153 0.6000000238
8151  14.162  -67.476  27.503 0.6999999881
8163  14.219  -67.429  25.913 0.6999999881
8135  12.487  -68.153  28.140 0.6999999881
11714  11.756  -61.494  33.880 0.3000000119
101205  13.928  -63.860  31.186 0.4000000060
103906  13.940  -64.157  31.749 0.3000000119
9888  14.371  -64.030  33.312 0.4000000060
10491  14.047  -63.429  33.965 0.4000000060
11095  12.539  -62.009  34.301 0.5000000000
10528  12.623  -63.144  29.830 0.4000000060
11713  12.729  -61.437  33.757 0.3000000119
11136  10.784  -62.389  29.278 0.4000000060
10574  10.194  -62.077  26.854 0.5000000000
11156  10.827  -61.587  28.558 0.4000000060
10573  11.120  -62.594  26.665 0.6000000238
11135  11.801  -62.432  29.221 0.4000000060
11186  11.013  -61.770  26.464 0.4000000060
11772  10.092  -61.181  28.051 0.5000000000
8175  13.726  -67.518  24.432 0.6999999881
106017  13.477  -67.550  26.977 0.6999999881
11096  11.869  -62.033  34.454 0.4000000060
11094  13.480  -62.218  34.135 0.4000000060
12294  12.937  -60.847  33.143 0.3000000119
10527  13.606  -63.147  29.837 0.3000000119
11771  11.140  -61.070  27.913 0.4000000060
11799  11.359  -61.173  26.728 0.4000000060
11787  11.169  -61.014  27.296 0.4000000060
10498  14.921  -63.802  32.731 0.3000000119
10490  14.836  -63.420  33.368 0.3000000119
107856  14.540  -62.534  33.730 0.4000000060
11712  13.663  -61.453  33.652 0.3000000119
10512  15.331  -63.470  31.221 0.3000000119
11134  12.847  -62.502  29.225 0.3000000119
11786  11.900  -60.705  27.404 0.3000000119
11155  11.969  -61.705  28.564 0.3000000119
12368  11.871  -60.658  26.887 0.3000000119
10489  15.310  -62.900  33.363 0.3000000119
11711  14.523  -61.467  33.475 0.3000000119
10497  15.487  -63.285  32.877 0.3000000119
11093  15.370  -62.083  33.393 0.3000000119
11154  13.098  -61.901  28.586 0.3000000119
104905  13.380  -61.247  28.079 0.3000000119
11785  12.748  -60.541  27.493 0.3000000119
12295  12.072  -60.961  33.157 0.3000000119
10500  15.921  -63.307  31.643 0.3000000119
10496  16.147  -63.062  32.302 0.3000000119
11769  14.418  -61.325  28.103 0.3000000119
2207  19.589  -79.802  25.336 0.6000000238
2225  19.215  -80.256  24.618 0.6999999881
2209  18.308  -79.894  25.101 0.6999999881
2227  18.110  -80.005  24.372 0.6999999881
11157  9.769  -61.768  28.623 0.4000000060
10560  9.697  -63.306  27.555 0.6000000238
12293  13.812  -60.764  33.064 0.3000000119
2561  23.767  -78.877  28.812 0.6999999881
2140  20.851  -78.836  31.464 0.6999999881
3868  25.612  -75.968  28.778 0.8000000119
116959  25.537  -74.366  29.974 0.6000000238
3428  20.135  -76.258  30.052 0.6999999881
119497  28.930  -77.499  27.114 0.8000000119
3968  15.192  -75.593  19.504 0.6999999881
2224  19.901  -79.664  24.693 0.5000000000
2639  17.763  -79.227  21.976 0.6000000238
4901  14.138  -73.098  20.145 0.6000000238
2655  18.820  -79.030  20.157 0.6999999881
118718  22.396  -76.405  24.569 0.5000000000
115991  21.931  -76.873  24.373 0.6000000238
2647  21.676  -79.385  20.932 0.6000000238
110007  11.399  -70.160  27.246 0.8000000119
1416  31.694  -81.761  31.280 0.4000000060
101461  32.396  -81.802  31.781 0.4000000060
103213  31.008  -81.895  28.882 0.3000000119
1436  31.744  -81.848  30.384 0.4000000060
104801  31.778  -81.679  32.368 0.4000000060
1806  33.457  -80.627  28.455 0.4000000060
1462  33.139  -81.197  28.907 0.5000000000
1807  32.693  -81.098  28.220 0.3000000119
1435  32.389  -81.795  30.383 0.4000000060
1480  31.877  -81.521  27.898 0.3000000119
1453  31.839  -81.899  29.451 0.3000000119
107295  31.586  -81.822  28.587 0.3000000119
1825  33.096  -80.448  28.135 0.4000000060
2170  33.883  -80.095  28.264 0.5000000000
2177  32.729  -80.013  27.773 0.3000000119
1826  32.251  -80.934  27.571 0.3000000119
1492  31.148  -81.557  26.746 0.4000000060
1827  31.644  -81.139  26.948 0.3000000119
1839  30.729  -81.026  25.675 0.4000000060
1493  30.574  -81.810  26.342 0.4000000060
1506  30.120  -81.667  25.515 0.4000000060
2176  33.667  -79.669  28.055 0.4000000060
2572  33.224  -78.835  27.862 0.4000000060
100558  32.377  -78.958  27.860 0.4000000060
114919  32.722  -77.523  27.211 0.5000000000
99518  31.996  -80.613  27.307 0.4000000060
102647  31.550  -78.504  27.670 0.4000000060
1838  31.242  -81.125  26.304 0.4000000060
2179  31.101  -79.380  27.249 0.4000000060
2202  30.406  -80.359  25.498 0.4000000060
2219  28.729  -79.794  23.765 0.6000000238
1858  29.483  -80.541  24.210 0.4000000060
3458  32.420  -77.058  26.621 0.6000000238
3459  31.492  -76.690  26.665 0.6000000238
3001  31.010  -77.768  27.494 0.6000000238
3446  31.028  -77.132  27.242 0.6000000238
2573  30.567  -78.364  27.278 0.6000000238
3002  30.378  -77.443  27.193 0.6999999881
2586  30.536  -79.186  26.825 0.5000000000
3475  31.081  -76.150  25.433 0.6999999881
3476  29.906  -75.952  26.021 0.6999999881
112879  31.046  -76.246  26.182 0.6000000238
112478  28.679  -75.773  25.971 0.6999999881
116330  27.397  -75.676  26.742 0.6999999881
3460  30.588  -76.616  26.755 0.6999999881
119008  29.091  -76.377  26.568 0.6999999881
3461  29.544  -76.928  27.020 0.6999999881
3486  29.681  -75.708  23.896 0.5000000000
3909  29.316  -75.331  24.172 0.6000000238
3902  28.785  -75.274  25.064 0.6000000238
3889  28.184  -75.251  25.708 0.6999999881
4327  28.434  -74.755  25.244 0.6999999881
3890  27.640  -75.116  26.231 0.6000000238
3910  28.847  -74.685  24.691 0.6000000238
4319  28.031  -74.517  25.762 0.6000000238
4830  28.554  -74.010  25.303 0.6000000238
5261  26.388  -72.635  29.254 0.5000000000
1776  21.069  -79.892  30.138 0.6000000238
2161  21.840  -79.608  30.047 0.6000000238
4320  27.624  -74.342  26.495 0.6000000238
4311  27.284  -74.083  27.413 0.6000000238
4784  27.557  -73.215  28.021 0.5000000000
4785  27.067  -72.874  28.790 0.5000000000
1763  19.700  -79.880  31.354 0.6000000238
2141  19.914  -79.073  31.670 0.6000000238
2151  20.559  -79.571  30.977 0.6000000238
4800  27.876  -73.495  27.094 0.5000000000
2535  18.080  -78.670  31.451 0.6000000238
2955  18.144  -77.910  31.203 0.6000000238
111189  18.567  -78.951  31.740 0.6000000238
118470  18.490  -79.524  31.690 0.6000000238
2533  19.336  -78.420  31.925 0.6000000238
3404  18.719  -77.398  31.340 0.6000000238
2954  19.345  -77.558  31.818 0.6000000238
5264  23.811  -72.725  29.518 0.6000000238
4814  28.144  -73.745  26.137 0.6000000238
2967  17.892  -77.805  30.544 0.6000000238
2986  18.489  -77.514  29.074 0.6000000238
2966  18.336  -77.388  30.874 0.6000000238
116992  19.025  -77.219  29.440 0.6000000238
2984  20.230  -77.405  28.208 0.5000000000
2985  19.780  -77.032  29.209 0.6000000238
2162  17.388  -79.830  30.583 0.6999999881
2555  17.351  -78.942  30.352 0.6000000238
114387  17.718  -77.821  29.544 0.6000000238
114890  19.332  -77.578  28.482 0.6000000238
111715  19.815  -78.001  27.594 0.6000000238
117471  15.969  -78.369  27.266 0.6000000238
113382  17.534  -78.290  30.176 0.6000000238
113058  19.146  -78.067  27.759 0.5000000000
2987  17.289  -78.021  28.631 0.6000000238
3008  17.393  -77.860  27.210 0.6000000238
3023  16.493  -77.900  26.889 0.6000000238
118012  15.827  -78.115  26.441 0.6000000238
2556  17.145  -78.599  29.363 0.6000000238
2578  19.399  -78.569  27.117 0.6000000238
111717  17.644  -77.771  27.971 0.6000000238
2579  18.484  -78.178  27.348 0.5000000000
2596  18.063  -78.514  26.497 0.6000000238
3022  17.160  -77.866  26.500 0.5000000000
103976  16.483  -77.741  25.941 0.5000000000
2193  19.242  -79.589  25.881 0.6000000238
119303  18.133  -79.113  25.707 0.6000000238
2610  17.472  -78.194  25.827 0.6000000238
107098  17.162  -77.777  24.969 0.6000000238
3043  16.546  -77.212  24.165 0.6999999881
3044  15.528  -77.439  24.543 0.6999999881
3489  15.745  -76.788  23.675 0.6999999881
3499  14.877  -76.478  23.089 0.6999999881
105694  17.876  -78.932  25.091 0.6000000238
2621  17.821  -78.818  24.211 0.6999999881
3066  16.627  -76.754  22.678 0.6999999881
3056  16.383  -76.787  23.370 0.6999999881
3507  15.707  -76.376  22.799 0.6999999881
117689  15.073  -76.133  22.612 0.6000000238
3065  17.314  -77.606  22.417 0.6000000238
5274  26.940  -72.030  28.831 0.5000000000
5802  25.833  -71.333  28.464 0.5000000000
5786  26.154  -71.850  29.051 0.5000000000
5787  25.283  -71.757  28.980 0.6000000238
5829  25.844  -71.170  26.508 0.6000000238
6400  26.044  -70.868  27.306 0.6000000238
5803  25.127  -71.516  28.228 0.6000000238
5276  24.024  -72.295  28.782 0.6000000238
114514  23.516  -72.785  28.887 0.6000000238
5300  25.252  -71.841  26.333 0.5000000000
5301  24.669  -72.247  26.894 0.6000000238
4786  23.172  -73.290  28.567 0.6000000238
4831  24.387  -73.109  25.683 0.6000000238
4816  23.886  -73.517  26.225 0.5000000000
4801  23.400  -73.362  27.612 0.6000000238
4802  22.769  -73.889  28.140 0.6000000238
4328  23.991  -73.862  25.453 0.5000000000
4313  23.032  -74.070  27.400 0.6000000238
3465  22.324  -75.968  26.010 0.5000000000
114949  22.639  -75.550  25.967 0.5000000000
3879  22.411  -75.317  27.248 0.6000000238
4322  22.937  -74.667  26.790 0.6000000238
5252  25.117  -72.910  29.966 0.5000000000
2595  18.944  -79.051  26.542 0.6000000238
3055  17.081  -77.165  23.371 0.6999999881
5253  24.395  -73.041  30.111 0.6000000238
4314  22.618  -74.620  27.655 0.6000000238
3892  22.552  -75.441  26.466 0.6000000238
107750  31.287  -81.820  29.752 0.3000000119
1463  32.297  -81.633  28.735 0.3000000119
1452  32.726  -81.615  29.631 0.4000000060
1481  31.376  -81.572  27.311 0.3000000119
2188  31.503  -80.419  26.890 0.4000000060
98859  32.523  -78.116  27.687 0.4000000060
2178  31.890  -79.715  27.510 0.3000000119
3000  31.817  -77.437  27.395 0.6000000238
2189  30.867  -80.171  26.350 0.5000000000
102756  29.338  -75.604  24.817 0.6999999881
3007  18.507  -77.754  28.223 0.6000000238
3509  14.485  -76.065  22.372 0.6000000238
5815  25.274  -71.505  27.301 0.6000000238
5331  24.922  -72.582  25.204 0.5000000000
5287  24.419  -72.036  27.924 0.6000000238
5288  24.015  -72.704  27.330 0.6000000238
5317  24.774  -72.458  26.024 0.5000000000
4815  24.250  -72.878  26.491 0.6000000238
4845  24.565  -73.434  24.737 0.5000000000
100947  23.482  -74.260  26.078 0.5000000000
4330  23.008  -75.085  25.861 0.5000000000
973  23.670  -82.581  41.941 0.4000000060
974  22.981  -82.249  41.202 0.5000000000
439  23.788  -84.755  43.398 0.5000000000
440  23.013  -85.128  43.714 0.5000000000
232  21.944  -85.697  43.317 0.5000000000
448  23.850  -84.678  42.748 0.5000000000
447  24.327  -84.335  43.292 0.5000000000
1281  23.573  -81.641  41.582 0.4000000060
1647  23.465  -80.741  41.383 0.4000000060
1282  22.903  -81.291  40.935 0.5000000000
101961  32.215  -81.345  35.411 0.3000000119
1347  32.983  -81.188  36.336 0.3000000119
1376  32.087  -81.473  34.376 0.3000000119
428  24.359  -84.358  43.873 0.4000000060
429  23.485  -84.692  44.272 0.5000000000
430  22.572  -84.958  44.663 0.5000000000
665  24.840  -83.731  43.449 0.4000000060
676  24.385  -83.904  42.799 0.4000000060
1270  24.278  -82.030  42.247 0.3000000119
1269  24.934  -82.457  42.801 0.3000000119
1655  22.056  -80.285  39.847 0.4000000060
1635  23.969  -80.120  41.897 0.3000000119
111433  23.311  -79.980  41.302 0.4000000060
1648  22.713  -80.314  40.726 0.5000000000
2020  23.464  -79.287  41.600 0.3000000119
1018  32.036  -81.827  37.948 0.3000000119
1397  32.435  -81.676  33.336 0.3000000119
106286  31.578  -81.481  33.344 0.3000000119
115215  24.407  -79.808  42.473 0.3000000119
2435  22.332  -78.614  40.629 0.4000000060
2032  21.860  -79.409  39.610 0.4000000060
2021  22.814  -79.369  40.970 0.4000000060
2011  23.984  -79.214  42.225 0.3000000119
1691  32.985  -80.551  36.382 0.4000000060
1334  33.083  -81.009  36.367 0.4000000060
1692  32.575  -80.842  37.434 0.4000000060
1680  32.257  -80.930  38.178 0.4000000060
1681  31.510  -80.728  38.283 0.4000000060
1682  30.084  -80.950  38.161 0.5000000000
1360  34.003  -81.181  35.061 0.3000000119
1361  33.278  -81.291  35.356 0.3000000119
1375  33.284  -81.599  34.327 0.3000000119
116443  32.643  -81.743  32.590 0.3000000119
1415  32.873  -81.777  31.297 0.3000000119
651  24.833  -83.770  44.178 0.3000000119
2849  22.504  -77.747  40.950 0.3000000119
2862  22.049  -77.909  40.244 0.3000000119
2454  22.281  -78.618  38.697 0.4000000060
2010  24.465  -79.125  42.798 0.3000000119
2848  23.194  -77.575  41.623 0.3000000119
2418  23.604  -78.462  41.897 0.3000000119
1684  26.470  -79.939  38.406 0.5000000000
2046  26.200  -79.725  39.052 0.5000000000
2111  32.229  -79.498  33.857 0.3000000119
2093  32.256  -79.582  34.985 0.3000000119
107073  33.045  -79.744  34.730 0.3000000119
2078  32.389  -79.902  35.980 0.3000000119
108749  29.319  -80.558  37.047 0.5000000000
1324  28.107  -81.544  37.935 0.5000000000
2077  33.307  -80.218  35.553 0.3000000119
1693  31.850  -80.420  37.521 0.4000000060
1694  30.657  -80.195  37.404 0.4000000060
1337  28.497  -81.345  37.452 0.5000000000
111208  34.265  -81.402  34.278 0.3000000119
1396  33.426  -81.712  33.377 0.3000000119
107542  33.459  -81.704  32.375 0.3000000119
1434  33.320  -81.584  30.617 0.4000000060
113667  22.097  -77.450  39.877 0.3000000119
2883  22.607  -77.756  38.815 0.4000000060
2403  24.558  -78.256  43.173 0.3000000119
118038  23.818  -77.791  42.172 0.3000000119
113988  22.755  -77.010  41.162 0.3000000119
2453  23.372  -78.204  38.480 0.4000000060
2417  24.093  -78.399  42.535 0.3000000119
2048  25.037  -79.135  38.841 0.4000000060
2047  25.734  -79.188  38.854 0.5000000000
2066  26.145  -79.452  37.547 0.4000000060
2057  25.838  -78.812  38.272 0.5000000000
2128  31.197  -79.409  32.042 0.3000000119
1697  26.855  -80.740  36.810 0.5000000000
2112  31.216  -79.306  34.243 0.3000000119
1696  27.493  -80.745  36.354 0.4000000060
115432  32.907  -79.611  33.296 0.3000000119
2094  31.370  -79.457  35.284 0.4000000060
2079  30.619  -79.434  35.635 0.4000000060
2065  28.885  -80.113  36.332 0.5000000000
111604  27.717  -81.303  37.047 0.5000000000
2092  33.904  -80.072  34.819 0.3000000119
111851  31.532  -79.680  36.110 0.4000000060
2063  30.974  -79.752  36.614 0.5000000000
2064  29.808  -79.809  36.509 0.5000000000
1374  34.937  -80.970  34.144 0.3000000119
1394  35.102  -80.899  33.269 0.4000000060
1413  35.206  -80.808  32.197 0.3000000119
111310  34.603  -81.318  32.633 0.4000000060
1414  34.003  -81.499  31.672 0.4000000060
2223  24.745  -79.836  24.045 0.5000000000
1451  33.701  -81.211  29.870 0.3000000119
2824  24.862  -77.517  43.309 0.3000000119
3272  23.837  -77.075  42.144 0.3000000119
2882  23.570  -77.164  38.556 0.3000000119
2838  24.274  -77.585  42.724 0.3000000119
2881  24.448  -77.682  38.254 0.3000000119
2459  25.381  -78.310  37.987 0.5000000000
2084  25.735  -79.281  36.174 0.4000000060
2067  25.614  -78.714  37.325 0.3000000119
2139  31.330  -79.105  31.181 0.3000000119
115083  26.390  -80.043  36.226 0.5000000000
109882  31.135  -79.315  33.119 0.3000000119
1706  28.001  -80.116  35.853 0.4000000060
1707  26.962  -80.319  35.879 0.4000000060
104653  30.408  -79.249  34.702 0.4000000060
2095  29.821  -79.262  35.158 0.4000000060
2081  29.012  -79.547  35.822 0.4000000060
111925  28.315  -79.324  35.376 0.4000000060
2110  33.508  -79.702  34.113 0.3000000119
2125  35.081  -80.040  33.647 0.3000000119
2080  29.842  -79.459  35.846 0.4000000060
103055  35.249  -80.244  32.757 0.3000000119
1758  35.788  -80.062  31.797 0.4000000060
1772  35.463  -80.526  31.255 0.4000000060
1849  24.242  -79.992  24.848 0.5000000000
1433  34.487  -81.166  30.985 0.4000000060
1789  34.675  -80.774  30.180 0.5000000000
2236  25.509  -79.902  22.925 0.5000000000
3271  24.534  -76.864  42.654 0.3000000119
113932  19.012  -80.272  31.589 0.5000000000
118507  25.302  -78.551  36.469 0.3000000119
1778  19.529  -80.665  31.074 0.5000000000
1424  18.099  -81.643  31.461 0.6000000238
2545  31.113  -78.282  30.674 0.3000000119
114241  30.558  -78.978  31.673 0.3000000119
117525  32.107  -79.300  31.092 0.3000000119
2129  30.341  -79.038  32.433 0.3000000119
2113  30.162  -79.017  33.575 0.3000000119
2082  27.390  -79.509  35.358 0.4000000060
2083  26.455  -79.588  35.582 0.4000000060
2160  22.548  -79.500  29.543 0.5000000000
1097  16.647  -82.458  30.457 0.5000000000
2487  29.490  -78.987  34.392 0.3000000119
2096  28.961  -79.166  35.139 0.3000000119
118065  27.969  -78.431  34.386 0.3000000119
2171  23.187  -79.593  28.749 0.5000000000
99752  35.066  -79.708  32.694 0.3000000119
2181  23.736  -79.473  27.905 0.5000000000
2136  35.797  -79.533  31.896 0.3000000119
2192  23.901  -79.663  26.588 0.5000000000
2135  36.154  -79.562  31.438 0.4000000060
2191  24.532  -79.226  26.134 0.6000000238
112981  36.470  -79.361  30.949 0.4000000060
103760  35.527  -80.324  30.430 0.5000000000
2607  25.590  -79.024  25.006 0.5000000000
1788  35.552  -80.034  29.668 0.4000000060
114815  34.911  -80.448  29.580 0.3000000119
103716  26.158  -79.389  23.446 0.6000000238
2569  35.716  -78.294  27.781 0.3000000119
2570  34.911  -78.537  27.625 0.4000000060
2169  34.619  -79.791  28.420 0.4000000060
102323  34.068  -80.690  29.124 0.3000000119
2221  26.984  -79.302  23.260 0.6000000238
2235  26.559  -79.790  22.491 0.5000000000
2997  35.321  -77.685  27.081 0.3000000119
3014  35.246  -77.388  26.068 0.3000000119
2998  34.485  -77.983  27.312 0.5000000000
2571  34.127  -78.704  27.717 0.4000000060
3015  34.492  -77.619  26.495 0.4000000060
2999  33.560  -77.909  27.383 0.5000000000
1764  18.378  -80.170  31.602 0.6000000238
102710  17.574  -81.168  31.243 0.6000000238
2963  31.014  -77.471  30.546 0.3000000119
2529  30.375  -78.435  31.199 0.3000000119
2517  29.837  -78.550  31.814 0.3000000119
2518  29.549  -78.627  32.648 0.3000000119
1765  17.760  -80.267  31.342 0.6000000238
1443  17.103  -81.725  30.993 0.6000000238
2962  31.770  -77.726  30.261 0.3000000119
2505  28.538  -78.274  33.492 0.3000000119
1459  16.983  -81.380  30.214 0.6000000238
2961  32.940  -77.886  29.918 0.3000000119
2504  29.176  -78.627  33.506 0.3000000119
2488  28.566  -78.626  34.252 0.3000000119
99164  17.058  -80.986  29.022 0.6000000238
1490  16.191  -80.936  27.436 0.6000000238
1489  16.758  -81.658  27.792 0.6000000238
1501  16.314  -81.773  27.070 0.6000000238
118207  15.795  -81.808  26.279 0.5000000000
2167  36.623  -78.916  29.468 0.4000000060
2174  35.202  -79.085  28.168 0.4000000060
3030  34.014  -77.676  25.334 0.4000000060
3016  33.389  -77.487  26.608 0.5000000000
3407  31.347  -76.827  30.334 0.3000000119
3408  30.603  -76.877  30.739 0.3000000119
2948  30.372  -77.687  30.888 0.3000000119
2942  29.213  -78.206  32.080 0.3000000119
2943  28.693  -77.665  32.221 0.3000000119
2931  28.108  -77.720  33.105 0.3000000119
2143  18.099  -79.466  31.572 0.5000000000
3406  32.206  -76.975  29.893 0.3000000119
2163  17.036  -79.432  29.588 0.5000000000
1779  17.343  -80.803  30.793 0.6000000238
2973  33.072  -76.986  29.629 0.3000000119
106762  28.012  -78.153  33.884 0.3000000119
1795  17.149  -80.363  29.824 0.6000000238
98805  16.710  -80.879  28.160 0.6000000238
2157  36.803  -78.836  30.338 0.3000000119
1835  15.691  -80.242  27.181 0.6000000238
99968  15.171  -80.507  24.938 0.6000000238
104420  16.712  -79.960  28.694 0.6000000238
2172  16.570  -79.025  28.682 0.5000000000
2182  16.111  -79.285  27.974 0.6000000238
1834  16.150  -80.098  27.783 0.6000000238
2195  15.349  -79.810  26.647 0.6000000238
1502  15.530  -80.873  26.607 0.6000000238
1852  14.946  -79.640  24.773 0.6000000238
1851  15.140  -80.221  25.813 0.6000000238
2562  16.731  -78.499  28.480 0.5000000000
2183  15.682  -79.488  27.335 0.5000000000
2210  15.134  -79.254  25.887 0.6000000238
2631  13.472  -78.620  22.510 0.5000000000
3067  13.724  -76.504  22.549 0.6000000238
2632  12.957  -77.574  22.408 0.6000000238
2641  12.795  -78.878  22.019 0.5000000000
99181  12.054  -78.060  22.073 0.6000000238
2611  15.374  -78.440  25.828 0.5000000000
2612  14.817  -78.248  24.390 0.5000000000
2211  14.958  -78.701  25.056 0.6000000238
3045  14.870  -77.710  24.107 0.6000000238
2623  14.303  -78.211  23.420 0.5000000000
3057  15.019  -77.094  23.797 0.6000000238
109117  16.022  -76.425  21.921 0.6000000238
3058  14.178  -77.311  23.158 0.6000000238
3068  11.054  -77.350  21.793 0.5000000000
4824  9.960  -73.592  26.265 0.5000000000
2988  16.682  -78.036  27.818 0.5000000000
4839  8.051  -73.328  24.999 0.5000000000
5325  7.036  -72.244  24.788 0.6000000238
4852  8.917  -73.310  24.688 0.6000000238
4838  9.739  -73.363  25.322 0.6000000238
115308  8.992  -73.804  26.400 0.5000000000
4823  11.149  -73.222  26.611 0.5000000000
4807  11.734  -73.340  27.704 0.5000000000
3513  9.854  -76.400  21.852 0.5000000000
3512  10.149  -76.703  21.568 0.5000000000
7551  10.664  -68.569  23.626 0.6000000238
7018  10.222  -69.479  23.108 0.6999999881
7006  10.508  -70.118  23.108 0.6000000238
111166  9.934  -70.133  22.834 0.6999999881
6471  8.597  -70.671  23.186 0.6000000238
5873  7.959  -71.938  23.647 0.6000000238
6469  10.016  -70.829  22.678 0.6000000238
5888  9.289  -71.438  22.805 0.6000000238
6997  10.822  -69.487  23.929 0.6000000238
6447  11.108  -70.565  23.995 0.6000000238
5355  9.381  -72.100  23.107 0.6000000238
5356  8.567  -72.008  23.214 0.5000000000
5857  7.239  -71.995  24.507 0.6000000238
6446  11.432  -71.128  24.983 0.6000000238
5337  10.899  -71.879  23.813 0.6000000238
5339  8.938  -72.701  23.764 0.5000000000
5340  7.954  -72.493  23.859 0.6000000238
5855  11.318  -71.908  24.733 0.6000000238
5323  9.955  -72.933  24.565 0.6000000238
106974  11.285  -72.434  25.374 0.6000000238
5322  10.841  -72.449  24.578 0.6000000238
5309  10.774  -73.038  25.512 0.6000000238
4791  12.334  -73.738  28.600 0.5000000000
4790  13.168  -73.974  28.479 0.5000000000
3881  13.699  -75.004  27.635 0.5000000000
3894  13.781  -75.168  27.005 0.5000000000
7020  8.793  -69.918  23.307 0.6000000238
116589  8.347  -70.411  23.833 0.6999999881
5308  11.688  -72.649  26.270 0.6000000238
5294  12.214  -72.940  27.118 0.6000000238
4806  12.886  -73.421  27.892 0.5000000000
109949  13.694  -73.778  27.704 0.6000000238
4805  14.204  -73.967  27.270 0.5000000000
4324  14.463  -74.117  26.601 0.6000000238
4325  14.200  -74.771  26.431 0.6000000238
8173  15.651  -67.295  24.142 0.4000000060
113774  8.711  -67.012  24.869 0.6999999881
8166  7.772  -67.021  25.961 0.5000000000
7541  8.354  -68.016  25.787 0.5000000000
8162  15.378  -67.396  25.358 0.6000000238
8174  14.786  -67.403  24.343 0.5000000000
6990  8.980  -69.852  25.612 0.5000000000
105670  15.031  -67.312  26.862 0.5000000000
8193  10.492  -67.046  23.868 0.6000000238
7553  8.705  -68.398  24.381 0.8000000119
8213  10.394  -67.914  23.680 0.6999999881
7563  9.061  -69.065  23.516 0.8000000119
6998  8.499  -69.830  24.512 0.6999999881
5293  13.339  -73.095  27.269 0.6000000238
4822  14.039  -73.304  27.028 0.6000000238
110571  7.814  -67.130  27.613 0.5000000000
8189  15.112  -67.116  23.862 0.5000000000
8814  8.598  -66.556  25.411 0.6999999881
7530  9.430  -68.962  27.723 0.5000000000
8792  16.942  -67.062  26.853 0.4000000060
8149  16.131  -67.282  26.410 0.4000000060
101281  15.633  -67.366  27.693 0.4000000060
8132  15.096  -67.522  28.727 0.5000000000
8113  15.557  -67.789  29.523 0.4000000060
8793  7.653  -66.605  26.974 0.5000000000
7520  8.981  -67.912  28.173 0.5000000000
8188  15.762  -67.132  23.864 0.3000000119
8828  14.595  -66.975  23.703 0.3000000119
8802  7.876  -66.523  26.070 0.6000000238
8131  16.262  -67.435  28.546 0.4000000060
8112  16.571  -67.701  29.556 0.4000000060
103317  15.116  -68.349  30.093 0.4000000060
9382  8.121  -66.058  26.926 0.6000000238
8801  8.482  -66.193  26.131 0.6000000238
7507  16.044  -68.197  30.154 0.4000000060
9367  7.727  -66.397  28.191 0.5000000000
8137  7.675  -66.679  28.245 0.5000000000
104533  17.425  -66.156  24.585 0.3000000119
8826  16.236  -66.929  23.851 0.3000000119
9416  15.156  -66.574  24.170 0.3000000119
9397  14.775  -65.681  24.949 0.4000000060
113553  16.594  -68.574  30.627 0.3000000119
115056  15.783  -68.781  30.481 0.4000000060
6353  16.559  -69.874  30.892 0.4000000060
9396  15.666  -65.680  24.733 0.4000000060
9366  7.971  -66.082  28.003 0.6000000238
8117  7.633  -66.536  29.033 0.4000000060
9379  14.233  -65.136  26.202 0.4000000060
9961  17.927  -64.908  24.859 0.3000000119
9413  17.216  -65.433  23.481 0.3000000119
9352  7.612  -65.830  29.183 0.5000000000
9361  13.638  -64.978  27.082 0.4000000060
102174  12.980  -64.756  27.556 0.4000000060
106794  10.474  -63.067  27.112 0.5000000000
10557  13.709  -64.247  27.348 0.4000000060
10558  12.833  -63.977  27.611 0.4000000060
11810  13.634  -61.593  25.228 0.3000000119
11811  12.943  -60.853  25.506 0.3000000119
11198  13.259  -62.181  25.732 0.3000000119
11200  11.725  -61.481  26.151 0.3000000119
12390  12.019  -60.821  26.326 0.3000000119
12400  13.627  -60.608  25.117 0.3000000119
2489  27.380  -78.254  34.350 0.3000000119
2158  36.336  -79.500  30.014 0.4000000060
10571  13.474  -63.471  27.128 0.3000000119
5321  14.542  -72.618  25.960 0.6000000238
11083  12.285  -62.601  34.656 0.4000000060
8150  14.789  -67.417  27.961 0.5000000000
11184  12.798  -62.596  26.319 0.3000000119
110633  34.113  -80.288  28.522 0.3000000119
2175  34.408  -79.329  28.097 0.4000000060
2597  15.491  -78.833  26.771 0.5000000000
964  24.362  -82.960  42.530 0.4000000060
111615  23.853  -83.421  42.282 0.5000000000
222  22.190  -85.416  44.074 0.5000000000
1290  22.420  -81.005  40.325 0.5000000000
1335  32.458  -81.258  37.386 0.4000000060
963  24.882  -83.261  42.976 0.4000000060
2031  22.207  -79.452  40.291 0.4000000060
2040  21.751  -79.798  39.056 0.4000000060
1346  33.686  -81.032  35.677 0.4000000060
1322  32.270  -81.226  38.174 0.4000000060
1309  31.907  -81.278  38.686 0.4000000060
422  22.935  -84.517  45.206 0.3000000119
102160  24.893  -79.915  42.919 0.3000000119
2436  21.880  -78.692  39.851 0.4000000060
2445  21.828  -78.841  39.045 0.4000000060
2076  34.032  -80.617  35.212 0.3000000119
1715  34.428  -80.855  34.929 0.4000000060
2863  21.951  -78.093  39.511 0.4000000060
2452  24.588  -78.453  38.486 0.4000000060
1695  28.251  -80.927  36.577 0.5000000000
2206  24.084  -79.860  25.698 0.5000000000
1395  34.500  -81.407  33.408 0.4000000060
3285  23.274  -76.655  41.563 0.3000000119
2451  25.325  -78.632  38.527 0.5000000000
2126  34.171  -79.676  33.365 0.3000000119
1729  34.889  -80.456  34.183 0.3000000119
111540  35.045  -80.555  33.712 0.3000000119
2222  25.503  -79.342  24.164 0.6000000238
2890  24.805  -77.685  37.870 0.3000000119
2460  25.032  -78.132  38.251 0.4000000060
2097  27.953  -78.803  34.863 0.3000000119
2180  24.236  -79.056  27.053 0.5000000000
1771  36.126  -79.991  31.197 0.4000000060
2479  25.334  -78.496  35.690 0.3000000119
2098  26.889  -78.912  34.941 0.3000000119
2168  35.633  -79.549  28.925 0.4000000060
1805  34.803  -80.187  28.909 0.4000000060
3013  35.881  -77.127  26.451 0.3000000119
2949  29.513  -77.734  31.499 0.3000000119
2559  36.160  -78.758  28.553 0.3000000119
2944  27.971  -76.950  32.551 0.3000000119
3422  33.647  -76.298  29.476 0.3000000119
2228  14.662  -78.926  23.874 0.5000000000
7562  9.874  -68.838  23.270 0.6999999881
7546  8.529  -68.639  24.752 0.6999999881
7552  9.382  -68.229  23.901 0.6999999881
8178  8.085  -67.045  25.380 0.6000000238
8825  16.752  -66.702  23.850 0.3000000119
9414  16.963  -66.224  23.722 0.3000000119
2574  25.276  -78.194  27.068 0.5000000000
2575  24.734  -78.480  27.288 0.5000000000
103081  30.395  -76.037  24.364 0.6000000238
3033  15.665  -77.860  25.522 0.4000000060
111512  16.225  -77.490  25.088 0.5000000000
100073  12.169  -76.769  21.901 0.5000000000
3508  15.067  -75.881  21.996 0.5000000000
3932  14.106  -75.833  21.727 0.5000000000
3510  13.359  -75.976  21.860 0.5000000000
3511  10.808  -76.541  21.293 0.5000000000
110032  11.938  -75.954  21.134 0.5000000000
3077  16.272  -77.539  20.710 0.5000000000
3528  10.199  -76.200  21.134 0.4000000060
3526  14.509  -76.109  20.460 0.5000000000
3949  13.049  -75.659  20.800 0.5000000000
3527  10.885  -75.865  20.978 0.5000000000
3934  10.422  -75.465  21.717 0.5000000000
3540  13.922  -75.750  20.102 0.6000000238
3960  12.857  -75.241  20.347 0.5000000000
3951  10.549  -75.580  21.020 0.5000000000
4335  13.809  -74.848  25.418 0.5000000000
113353  13.483  -75.104  19.964 0.6000000238
106820  11.646  -75.382  23.660 0.5000000000
3913  12.739  -75.159  24.484 0.5000000000
3961  11.982  -75.052  20.520 0.6000000238
3933  11.559  -74.623  21.951 0.6000000238
3920  11.258  -75.156  22.683 0.5000000000
115177  14.356  -75.146  19.700 0.6000000238
4399  12.833  -74.548  20.265 0.6000000238
4385  11.873  -74.230  20.903 0.6000000238
4344  13.624  -74.498  24.252 0.6000000238
4889  13.172  -73.132  20.797 0.6000000238
4334  14.544  -74.227  25.823 0.5000000000
100955  12.079  -74.052  21.298 0.6000000238
4345  12.540  -74.758  23.264 0.6000000238
5837  7.920  -71.308  25.006 0.5000000000
6429  8.472  -70.636  25.254 0.5000000000
5856  7.974  -71.383  24.151 0.5000000000
4837  14.650  -73.575  25.933 0.6000000238
4876  13.192  -73.249  21.425 0.6000000238
4851  14.538  -73.306  24.493 0.6000000238
4372  12.866  -74.071  22.306 0.6000000238
4356  14.188  -73.801  23.899 0.6000000238
4863  13.870  -73.285  22.698 0.6000000238
9952  14.412  -64.468  26.748 0.3000000119
116233  12.840  -65.254  33.257 0.3000000119
3474  32.001  -76.596  25.813 0.5000000000
2220  27.941  -79.581  23.160 0.5000000000
2618  27.231  -78.936  24.299 0.5000000000
3485  31.824  -76.832  24.440 0.4000000060
109560  30.173  -76.157  23.304 0.4000000060
2592  24.931  -78.689  26.578 0.4000000060
110624  25.885  -78.690  25.499 0.4000000060
2608  25.267  -78.900  25.780 0.4000000060
2619  26.265  -78.950  24.412 0.4000000060
4362  29.820  -75.632  22.790 0.4000000060
4348  29.506  -75.180  23.504 0.4000000060
2576  24.320  -78.645  27.991 0.4000000060
3916  29.824  -75.754  23.124 0.4000000060
4843  29.224  -73.944  24.588 0.4000000060
113827  29.250  -73.417  25.386 0.5000000000
5383  13.744  -72.345  21.054 0.5000000000
5393  14.537  -72.246  20.636 0.5000000000
5370  13.957  -72.225  21.747 0.5000000000
5381  14.931  -71.578  21.175 0.5000000000
5368  15.411  -71.172  21.875 0.5000000000
4875  14.394  -72.006  22.700 0.5000000000
115958  15.689  -70.768  23.157 0.5000000000
6405  9.110  -70.303  26.512 0.4000000060
7540  9.298  -69.475  26.659 0.4000000060
5897  15.223  -70.800  22.600 0.5000000000
4862  14.421  -72.991  23.537 0.5000000000
4338  29.228  -74.681  24.121 0.4000000060
231  22.621  -85.534  43.212 0.4000000060
240  22.584  -85.860  42.490 0.4000000060
104494  21.387  -87.347  38.954 0.4000000060
230  23.295  -85.357  42.651 0.4000000060
266  21.598  -86.862  39.133 0.4000000060
248  22.949  -85.924  41.696 0.4000000060
471  21.505  -84.474  38.139 0.4000000060
106835  21.650  -86.010  39.179 0.4000000060
265  21.989  -86.616  40.035 0.4000000060
682  23.676  -84.249  42.194 0.5000000000
455  23.460  -85.264  42.020 0.5000000000
101095  23.007  -84.436  41.318 0.4000000060
456  23.045  -85.620  41.382 0.4000000060
683  23.246  -83.309  41.627 0.5000000000
100569  22.441  -82.993  40.640 0.5000000000
460  22.571  -85.144  40.616 0.4000000060
714  21.602  -83.278  38.115 0.4000000060
702  21.454  -83.737  38.824 0.4000000060
465  22.081  -85.671  39.870 0.4000000060
466  21.483  -84.924  38.909 0.4000000060
991  21.926  -82.264  39.697 0.5000000000
102802  21.798  -83.257  39.683 0.4000000060
689  22.289  -83.960  40.384 0.4000000060
1002  21.749  -82.301  38.477 0.5000000000
992  21.526  -82.694  38.877 0.4000000060
701  21.814  -84.346  39.690 0.4000000060
1326  23.522  -81.896  37.819 0.3000000119
1325  24.397  -82.225  38.397 0.3000000119
1685  24.065  -81.015  38.096 0.4000000060
103405  22.673  -81.603  37.792 0.3000000119
1686  23.240  -80.915  37.790 0.4000000060
110828  22.593  -80.799  37.907 0.4000000060
990  26.367  -82.781  40.099 0.3000000119
1000  25.358  -82.589  39.318 0.4000000060
1301  25.954  -81.245  39.656 0.4000000060
1314  25.002  -81.049  38.914 0.4000000060
1670  24.655  -79.940  38.627 0.4000000060
2049  23.835  -79.182  38.326 0.3000000119
1013  22.045  -82.279  37.953 0.3000000119
1687  22.983  -80.085  37.901 0.3000000119
1672  22.395  -80.118  38.176 0.4000000060
1300  26.768  -81.428  40.089 0.4000000060
1671  23.663  -80.221  38.057 0.3000000119
106050  25.666  -79.979  39.135 0.4000000060
1316  21.946  -81.558  38.397 0.4000000060
1315  22.131  -80.842  38.276 0.4000000060
119584  27.033  -82.269  40.475 0.4000000060
1299  27.893  -81.565  40.137 0.4000000060
112016  27.439  -81.695  40.357 0.4000000060
1313  28.582  -81.610  39.284 0.4000000060
1668  27.625  -81.169  39.155 0.4000000060
1661  26.435  -80.552  39.467 0.4000000060
1303  21.692  -81.666  39.021 0.4000000060
100825  21.864  -81.004  38.698 0.4000000060
1673  21.943  -80.294  38.624 0.3000000119
2051  22.075  -79.478  38.606 0.3000000119
1312  29.960  -81.709  39.359 0.4000000060
1323  28.903  -81.557  38.336 0.4000000060
1683  27.281  -81.108  37.926 0.4000000060
1669  26.730  -80.422  39.187 0.4000000060
981  22.417  -81.832  40.422 0.4000000060
1302  22.045  -81.289  39.724 0.4000000060
4813  28.940  -73.201  26.054 0.4000000060
1660  27.089  -81.014  39.849 0.4000000060
1327  22.255  -81.384  38.039 0.3000000119
1345  34.113  -80.910  35.237 0.3000000119
1359  34.512  -81.027  34.800 0.4000000060
1423  18.639  -81.028  31.455 0.6000000238
1464  31.099  -81.863  27.995 0.3000000119
1662  21.789  -80.715  39.157 0.4000000060
1705  33.640  -80.783  35.734 0.4000000060
1714  34.715  -80.818  34.574 0.4000000060
2050  22.720  -79.314  38.263 0.3000000119
2056  26.136  -79.255  38.573 0.5000000000
2062  32.262  -80.210  36.799 0.4000000060
2091  34.474  -80.459  34.675 0.4000000060
2109  34.536  -79.935  34.178 0.3000000119
2142  19.020  -79.481  31.783 0.6000000238
2152  17.681  -79.249  31.151 0.6000000238
2194  18.609  -79.501  25.773 0.6000000238
2205  24.850  -79.439  25.117 0.5000000000
2208  18.831  -80.087  25.222 0.6000000238
2238  18.888  -80.346  23.744 0.6000000238
2239  18.446  -80.225  23.829 0.6999999881
2251  20.124  -79.736  21.095 0.6000000238
2428  22.944  -78.511  41.299 0.3000000119
2444  22.057  -78.180  38.987 0.4000000060
2519  28.855  -78.193  32.792 0.3000000119
2530  21.993  -77.699  31.556 0.6999999881
2532  20.225  -78.268  31.998 0.6999999881
2534  18.629  -78.118  31.666 0.6000000238
2549  17.705  -78.423  30.880 0.6000000238
2580  15.782  -78.893  27.490 0.5000000000
2609  19.901  -79.407  25.916 0.6000000238
2622  15.195  -78.021  24.999 0.5000000000
2642  12.507  -78.695  22.166 0.6000000238
2648  20.658  -79.548  21.314 0.6000000238
2652  21.706  -79.167  20.563 0.6000000238
2654  19.924  -79.204  20.420 0.6999999881
2657  17.051  -78.501  20.240 0.6000000238
2658  18.107  -78.361  19.921 0.6999999881
2659  17.381  -78.253  19.880 0.6999999881
2974  23.879  -77.796  29.916 0.6999999881
2976  18.400  -77.295  30.174 0.6000000238
3070  10.068  -76.996  21.982 0.5000000000
3085  16.321  -77.947  20.081 0.6000000238
3086  15.682  -77.430  19.910 0.6999999881
3088  17.036  -77.768  19.689 0.6999999881
3412  18.842  -76.917  30.913 0.6000000238
3436  25.199  -76.713  28.773 0.6000000238
3525  15.396  -76.761  20.653 0.6000000238
3529  9.875  -76.097  21.371 0.4000000060
3543  17.004  -77.077  19.496 0.6999999881
3544  16.174  -76.864  19.527 0.6999999881
3546  14.598  -76.067  19.759 0.6999999881
3836  20.820  -75.797  31.464 0.8000000119
3840  25.132  -75.028  30.239 0.6000000238
3841  24.531  -75.051  30.602 0.6999999881
3867  26.349  -75.064  28.415 0.6999999881
3869  22.278  -75.176  27.929 0.6000000238
3878  26.138  -75.804  28.171 0.8000000119
3904  22.684  -75.697  25.446 0.5000000000
3935  9.824  -75.949  21.954 0.5000000000
3950  11.904  -75.412  20.729 0.5000000000
4266  22.002  -74.913  31.123 0.8999999762
4270  24.297  -74.309  30.628 0.8000000119
4271  23.395  -74.122  30.699 0.8000000119
4282  26.136  -74.046  29.476 0.6000000238
4284  21.504  -74.901  30.078 0.8999999762
4300  13.645  -74.465  27.921 0.5000000000
4315  14.085  -74.590  27.193 0.6000000238
4321  23.428  -73.846  26.822 0.6000000238
4343  14.384  -74.119  24.896 0.6000000238
4357  13.542  -74.151  23.316 0.6000000238
4386  11.360  -74.891  20.775 0.5000000000
4398  14.690  -73.979  19.770 0.6000000238
4400  12.056  -74.494  20.610 0.6000000238
4768  23.557  -73.319  30.144 0.6999999881
4821  14.401  -73.408  26.580 0.6000000238
4825  8.920  -73.622  25.601 0.5000000000
4877  12.486  -73.673  20.956 0.6000000238
4888  15.316  -72.274  20.801 0.5000000000
4890  12.552  -73.845  20.651 0.6000000238
4902  13.365  -73.481  20.354 0.6000000238
5262  25.581  -72.409  29.504 0.5000000000
5263  24.648  -72.316  29.450 0.6000000238
5275  24.631  -71.889  28.693 0.6000000238
5306  13.597  -72.372  26.820 0.6999999881
5324  7.525  -72.754  24.472 0.6000000238
5338  10.126  -72.364  23.703 0.6000000238
5341  7.469  -72.311  24.265 0.6000000238
5354  14.702  -71.002  23.019 0.6000000238
5369  14.637  -71.378  21.830 0.5000000000
5382  14.302  -71.917  21.085 0.5000000000
5394  13.836  -72.545  20.600 0.5000000000
5805  16.245  -71.619  28.192 0.5000000000
5814  25.688  -71.127  27.882 0.6000000238
5819  15.699  -71.003  27.940 0.6000000238
5885  16.237  -71.006  23.495 0.5000000000
5887  10.147  -71.674  23.043 0.6000000238
5889  8.619  -71.346  23.056 0.6000000238
5896  15.851  -70.996  22.607 0.5000000000
6352  17.214  -70.565  30.969 0.4000000060
6374  13.217  -70.079  29.109 0.6999999881
6386  14.938  -70.756  27.911 0.6000000238
6425  15.863  -70.709  26.295 0.6000000238
6426  15.055  -70.580  26.391 0.6000000238
6443  16.174  -70.757  25.506 0.6999999881
6458  11.240  -71.390  24.092 0.6000000238
6459  10.786  -71.123  23.276 0.6000000238
6470  9.241  -70.561  22.823 0.6000000238
6943  15.731  -69.564  30.600 0.4000000060
6954  14.291  -69.619  29.916 0.6999999881
6964  11.987  -69.731  28.442 0.8000000119
6976  11.584  -69.774  27.902 0.8000000119
6989  10.871  -69.151  25.459 0.8000000119
6996  11.047  -70.080  25.245 0.6000000238
7007  8.556  -69.336  23.927 0.6999999881
7019  9.538  -69.671  23.063 0.6999999881
7488  17.006  -69.082  31.046 0.4000000060
7498  16.333  -69.150  30.770 0.4000000060
7499  14.967  -69.182  30.342 0.4000000060
7508  14.337  -68.750  29.949 0.4000000060
7517  13.002  -68.316  28.770 0.6999999881
7529  11.537  -68.698  27.352 0.8000000119
7531  8.649  -68.033  27.021 0.5000000000
7545  10.864  -68.682  24.531 0.8000000119
7560  10.945  -67.682  23.718 0.6999999881
7561  10.547  -68.593  23.605 0.8000000119
8114  14.454  -67.947  29.494 0.6000000238
8130  17.106  -67.238  28.876 0.4000000060
8152  12.639  -67.743  27.153 0.6999999881
8154  11.552  -68.276  26.423 0.8000000119
8155  7.611  -66.789  27.483 0.5000000000
8164  13.051  -67.619  25.864 0.6999999881
8172  16.296  -67.111  23.918 0.3000000119
8190  14.227  -67.149  23.734 0.5000000000
8194  9.537  -67.405  24.270 0.6999999881
8195  8.644  -67.603  24.706 0.6999999881
8210  12.271  -67.006  23.469 0.6999999881
8211  11.474  -67.181  23.591 0.6999999881
8784  7.591  -66.288  28.799 0.4000000060
8811  17.139  -66.199  23.781 0.3000000119
8827  15.469  -67.061  23.859 0.3000000119
8831  10.768  -66.486  24.100 0.6999999881
9351  7.975  -65.166  29.425 0.6000000238
9362  12.360  -65.160  27.675 0.4000000060
9363  11.665  -65.391  27.744 0.5000000000
9378  15.152  -64.877  25.911 0.4000000060
9381  9.656  -66.021  27.076 0.6999999881
9394  17.551  -65.577  24.107 0.3000000119
9401  10.382  -65.976  24.844 0.6999999881
9415  16.084  -66.580  23.955 0.3000000119
9890  12.984  -65.242  34.036 0.3000000119
9892  13.823  -64.540  33.036 0.4000000060
9898  14.262  -64.223  32.474 0.4000000060
9925  8.180  -64.341  29.507 0.6999999881
9926  8.304  -63.768  29.349 0.6000000238
9939  12.114  -64.610  27.984 0.4000000060
9940  11.151  -64.451  28.174 0.6000000238
9975  17.605  -64.879  23.745 0.3000000119
10501  14.676  -63.865  31.748 0.3000000119
10514  13.341  -63.606  30.520 0.4000000060
10520  7.949  -64.589  29.841 0.6000000238
10529  11.632  -63.140  29.840 0.4000000060
10530  10.652  -63.103  29.875 0.5000000000
10531  8.810  -63.106  29.582 0.5000000000
10532  8.373  -63.371  29.353 0.5000000000
10543  9.153  -63.768  28.267 0.6999999881
10545  8.289  -63.462  28.961 0.6000000238
10559  11.782  -63.738  27.589 0.4000000060
10561  8.852  -62.732  27.864 0.5000000000
10572  12.312  -63.104  26.959 0.6000000238
11137  9.161  -62.384  29.100 0.5000000000
11158  8.942  -62.084  28.407 0.4000000060
11172  9.472  -62.261  27.359 0.5000000000
11173  9.074  -62.047  27.915 0.5000000000
11185  11.779  -62.223  26.219 0.3000000119
11199  12.357  -61.886  25.828 0.3000000119
11770  12.294  -61.068  27.987 0.3000000119
11773  9.452  -61.567  28.069 0.4000000060
11812  12.308  -61.143  25.815 0.3000000119
12367  12.497  -60.195  26.969 0.3000000119
98865  15.488  -63.541  32.134 0.3000000119
99456  8.250  -67.640  25.196 0.6000000238
100773  23.718  -72.693  28.192 0.6000000238
100792  17.936  -81.055  31.509 0.6000000238
102240  14.769  -70.915  23.847 0.6000000238
103769  10.497  -61.177  27.640 0.4000000060
104216  7.793  -65.834  28.800 0.5000000000
104885  11.215  -74.794  21.151 0.6000000238
105139  13.630  -75.250  26.253 0.5000000000
105399  20.678  -76.418  31.873 0.8000000119
106300  32.190  -81.826  31.000 0.4000000060
106315  7.695  -67.074  26.767 0.5000000000
106408  18.898  -80.093  22.729 0.6000000238
106960  16.221  -78.686  27.944 0.5000000000
107935  20.259  -79.213  25.479 0.6000000238
108257  10.314  -65.893  25.853 0.6999999881
109478  9.667  -63.003  29.849 0.6000000238
109809  17.311  -77.626  24.022 0.6999999881
110254  11.515  -66.487  23.720 0.6999999881
110296  11.250  -75.364  20.829 0.5000000000
110361  8.323  -71.220  23.511 0.6000000238
110943  13.407  -64.859  33.563 0.3000000119
113118  16.462  -67.278  27.484 0.4000000060
113135  10.504  -69.293  23.329 0.6999999881
113927  14.599  -73.647  25.326 0.6000000238
114211  23.785  -73.242  26.878 0.5000000000
114599  20.464  -77.554  32.117 0.6999999881
115111  17.931  -77.690  28.654 0.6000000238
115179  17.092  -66.603  24.120 0.3000000119
115194  31.762  -81.281  27.367 0.3000000119
115272  13.962  -70.230  29.411 0.6000000238
116355  36.106  -79.877  30.536 0.5000000000
116569  12.993  -65.226  27.242 0.5000000000
116588  12.615  -74.204  28.947 0.5000000000
116810  27.010  -78.036  26.900 0.6999999881
117361  23.807  -79.559  27.180 0.5000000000
117422  14.547  -70.718  26.505 0.6000000238
117464  16.883  -81.512  28.476 0.6000000238
118376  14.159  -71.892  21.366 0.5000000000
118901  15.039  -61.385  33.302 0.3000000119
118937  9.878  -62.609  27.069 0.5000000000
118943  8.135  -73.025  24.245 0.5000000000
119326  12.827  -65.745  24.347 0.6000000238
119485  12.867  -61.536  25.581 0.3000000119
119620  15.888  -70.744  30.434 0.5000000000
