#!ascii label  , from subject sub-01 vox2ras=TkReg
1005
3473  33.070  -77.378  25.660 0.5000000000
3955  26.320  -76.586  19.549 0.6000000238
3541  26.006  -76.854  19.014 0.6000000238
3071  25.110  -78.154  19.934 0.6000000238
116604  25.440  -77.250  19.246 0.6999999881
3078  25.120  -77.849  19.559 0.6000000238
3965  24.918  -76.425  18.815 0.6999999881
3542  25.053  -77.223  19.163 0.6000000238
5273  27.618  -72.324  28.363 0.5000000000
5315  29.709  -72.725  25.893 0.6000000238
5299  29.402  -72.276  26.677 0.6000000238
4842  30.072  -73.516  24.275 0.5000000000
4829  29.969  -73.138  25.149 0.4000000060
100631  28.581  -72.918  26.876 0.5000000000
5286  28.156  -72.648  27.682 0.6000000238
4329  23.553  -74.627  25.284 0.5000000000
3495  30.408  -76.559  22.438 0.4000000060
4339  24.078  -74.367  24.700 0.5000000000
105052  24.784  -75.001  23.572 0.6000000238
3925  25.544  -75.767  22.120 0.6000000238
3940  26.398  -76.007  20.461 0.6000000238
3963  26.440  -76.145  18.885 0.6999999881
3941  25.945  -76.394  21.152 0.6000000238
3964  25.911  -76.255  18.580 0.6999999881
4914  25.433  -73.743  17.726 0.6000000238
4410  25.620  -75.418  18.161 0.6999999881
5412  24.909  -73.101  17.728 0.6000000238
4915  24.308  -73.883  17.776 0.6000000238
4411  24.392  -75.234  18.053 0.6999999881
5406  23.892  -72.969  18.024 0.6999999881
99087  24.737  -77.675  19.517 0.6000000238
5801  26.639  -71.347  28.489 0.5000000000
5272  28.187  -71.794  27.947 0.6000000238
5800  27.410  -71.497  28.282 0.5000000000
5314  30.427  -72.276  25.668 0.6000000238
5298  30.076  -71.987  26.265 0.6999999881
5285  28.810  -72.106  27.383 0.6000000238
4856  29.599  -74.321  23.789 0.4000000060
4857  25.127  -73.538  23.868 0.5000000000
4845  24.565  -73.434  24.737 0.5000000000
3485  31.824  -76.832  24.440 0.5000000000
4350  24.648  -74.329  24.047 0.5000000000
4363  26.228  -74.418  21.714 0.6999999881
4349  25.209  -74.420  23.361 0.6000000238
4896  27.045  -74.299  20.105 0.6999999881
4379  26.533  -74.891  20.775 0.6000000238
4364  25.726  -74.621  22.480 0.6000000238
4403  26.824  -75.258  18.750 0.6999999881
4913  26.511  -73.612  17.715 0.6000000238
4409  26.588  -74.917  18.302 0.6000000238
5411  25.878  -72.931  17.633 0.6000000238
3969  26.348  -75.691  18.540 0.6000000238
5405  25.166  -72.232  17.890 0.6000000238
5930  24.138  -71.864  18.332 0.6999999881
4393  24.030  -75.648  19.364 0.6999999881
100235  24.046  -76.565  20.024 0.5000000000
4912  23.350  -74.051  18.019 0.6999999881
4405  23.493  -74.671  18.250 0.6999999881
3531  24.509  -76.585  19.324 0.6000000238
107617  27.857  -70.418  26.692 0.5000000000
6398  27.490  -70.588  27.267 0.5000000000
5813  26.329  -70.903  27.954 0.5000000000
6418  29.864  -70.733  26.202 0.6999999881
5812  27.869  -70.988  27.750 0.6000000238
5330  30.825  -72.624  24.879 0.5000000000
5313  30.995  -71.735  25.447 0.6999999881
5848  30.488  -71.287  25.965 0.6999999881
5826  29.765  -71.373  26.564 0.6000000238
6396  28.627  -71.262  27.392 0.6000000238
4855  30.284  -73.858  23.446 0.4000000060
4844  25.225  -72.677  24.378 0.5000000000
5365  26.002  -72.934  23.028 0.5000000000
5350  25.591  -72.794  23.601 0.5000000000
4870  25.638  -73.636  23.121 0.5000000000
4885  26.644  -73.830  21.278 0.6000000238
4869  26.200  -73.514  22.326 0.5000000000
4895  27.571  -73.620  19.497 0.6999999881
108772  27.958  -73.018  18.141 0.6000000238
4907  27.638  -73.687  18.570 0.6999999881
4391  27.294  -74.544  19.032 0.6999999881
5934  27.308  -72.307  17.702 0.6000000238
4910  27.524  -73.605  18.066 0.6000000238
4408  27.171  -74.335  18.442 0.6999999881
6511  26.286  -70.511  18.882 0.6999999881
5410  26.910  -72.941  17.592 0.6000000238
119489  27.222  -73.471  17.774 0.6000000238
115021  25.428  -70.418  19.346 0.6000000238
111183  26.080  -71.087  18.321 0.6999999881
117967  25.901  -71.628  17.989 0.6999999881
7053  24.552  -69.550  20.688 0.6000000238
6512  24.622  -70.531  19.284 0.6000000238
5929  25.182  -71.395  18.345 0.6999999881
3942  23.640  -75.217  21.006 0.6000000238
6529  24.337  -71.090  18.725 0.6999999881
4394  23.487  -75.015  18.846 0.6999999881
3957  23.951  -75.833  20.067 0.6000000238
7054  23.629  -69.501  20.549 0.6999999881
6499  24.054  -70.083  19.955 0.6000000238
6513  23.558  -70.705  19.151 0.8000000119
5931  23.076  -72.382  18.376 0.6999999881
5407  22.558  -73.279  18.427 0.6999999881
119086  22.810  -74.019  18.395 0.6999999881
6421  27.270  -70.470  26.645 0.6000000238
6439  30.440  -70.562  25.638 0.6999999881
106815  29.816  -70.381  25.783 0.6999999881
6419  29.093  -70.782  26.740 0.6000000238
102579  31.486  -71.708  24.918 0.5000000000
5847  31.220  -70.927  25.311 0.6999999881
4854  31.223  -73.243  23.263 0.4000000060
4841  30.792  -73.136  24.023 0.5000000000
5867  25.598  -71.950  24.922 0.5000000000
5316  25.255  -72.087  25.629 0.5000000000
5883  25.808  -72.088  24.037 0.5000000000
5377  26.746  -72.848  21.800 0.6000000238
5389  27.727  -72.634  20.125 0.6000000238
4884  27.195  -73.251  20.730 0.6999999881
5400  28.096  -72.953  18.874 0.6999999881
5404  27.990  -72.370  17.964 0.6000000238
5399  28.307  -72.258  18.377 0.6000000238
6510  27.403  -70.454  18.631 0.6999999881
6527  27.041  -70.998  18.233 0.6999999881
107126  27.674  -71.672  17.947 0.6999999881
5378  23.324  -72.803  21.548 0.6000000238
7051  26.403  -69.674  20.553 0.6000000238
101174  26.857  -70.066  19.570 0.6999999881
5928  26.738  -71.583  17.893 0.6999999881
7573  25.306  -68.041  22.194 0.6000000238
7039  25.088  -69.108  21.316 0.6000000238
7038  25.997  -69.254  21.356 0.6000000238
7067  25.915  -70.109  19.876 0.6000000238
4886  23.642  -73.887  21.176 0.6000000238
7585  24.776  -68.475  21.693 0.6000000238
7052  25.478  -69.641  20.699 0.6000000238
5401  21.473  -73.034  18.968 0.6999999881
4898  22.319  -73.682  19.175 0.6000000238
4897  23.491  -74.243  19.927 0.6999999881
4381  23.725  -74.987  20.253 0.6000000238
8237  24.428  -67.719  21.793 0.5000000000
7040  24.102  -68.925  21.210 0.6000000238
7069  22.971  -70.131  19.793 0.8000000119
6530  21.677  -71.677  18.604 0.8000000119
5932  21.844  -72.328  18.524 0.8000000119
5408  21.514  -72.887  18.765 0.6999999881
4909  22.158  -73.549  18.771 0.6999999881
108429  23.003  -71.516  18.649 0.8000000119
6994  28.698  -70.237  25.876 0.6999999881
99921  27.924  -70.290  26.008 0.6999999881
6441  27.088  -70.533  25.896 0.6999999881
6422  26.552  -70.684  26.602 0.6000000238
5828  26.356  -70.975  25.809 0.6000000238
5865  31.794  -71.031  24.757 0.6000000238
5850  25.736  -71.550  25.711 0.5000000000
5866  26.265  -71.512  24.469 0.5000000000
5830  21.145  -71.213  26.112 0.6000000238
5882  26.379  -71.709  23.684 0.5000000000
5851  21.704  -71.360  25.230 0.5000000000
114788  26.505  -71.938  23.047 0.5000000000
6453  22.322  -70.726  24.024 0.6000000238
98912  27.593  -71.578  21.771 0.6999999881
5363  26.903  -71.920  22.339 0.6000000238
5388  28.418  -71.995  19.479 0.6999999881
5376  27.341  -72.327  21.311 0.6999999881
5884  22.899  -71.687  22.753 0.6000000238
5927  28.347  -71.553  18.314 0.6999999881
7066  27.858  -69.861  19.045 0.6999999881
7082  28.301  -70.403  18.449 0.6999999881
6526  28.005  -71.029  18.197 0.6999999881
5905  23.050  -71.959  21.912 0.6000000238
105742  27.282  -69.575  20.247 0.6000000238
5379  22.861  -72.364  20.949 0.6000000238
4871  23.384  -73.233  21.984 0.6000000238
7571  27.021  -68.318  22.440 0.6000000238
5914  21.378  -72.257  20.146 0.6999999881
5391  21.993  -72.944  19.688 0.6000000238
5390  23.271  -73.281  20.532 0.6000000238
7584  25.636  -68.663  21.864 0.6000000238
109204  20.270  -70.537  19.247 0.6000000238
100645  20.143  -71.256  19.107 0.6000000238
5923  20.479  -72.006  18.868 0.6999999881
5392  20.901  -72.527  19.127 0.6000000238
7056  21.797  -69.163  20.217 0.6000000238
6515  20.844  -71.365  18.769 0.8000000119
7055  22.698  -69.429  20.381 0.6000000238
7070  21.607  -70.140  19.529 0.6999999881
6531  20.989  -72.016  18.587 0.8000000119
6993  29.318  -70.204  25.536 0.6999999881
7003  28.593  -70.223  25.227 0.6999999881
6438  30.866  -70.302  24.995 0.6999999881
6451  27.651  -70.449  25.194 0.6000000238
6452  26.821  -70.908  25.009 0.6000000238
6987  21.342  -69.569  26.370 0.6000000238
6424  21.018  -70.662  26.798 0.6000000238
6995  21.322  -69.669  25.704 0.6000000238
5881  26.889  -71.200  24.071 0.6000000238
6442  21.458  -70.491  25.555 0.5000000000
5903  28.287  -71.252  21.303 0.6999999881
5894  27.479  -71.297  22.652 0.6999999881
115608  21.729  -70.143  24.367 0.4000000060
6454  21.881  -70.646  24.814 0.5000000000
107787  28.535  -71.450  20.422 0.6999999881
6468  21.796  -70.166  23.617 0.5000000000
5922  28.763  -71.522  18.627 0.6000000238
5904  27.990  -71.852  20.777 0.6999999881
6467  22.518  -70.899  23.086 0.6000000238
6487  21.288  -70.796  21.622 0.6999999881
6478  22.255  -70.915  22.235 0.6000000238
7049  28.161  -69.245  19.911 0.6999999881
117154  28.481  -69.989  18.562 0.6999999881
6488  20.158  -70.749  20.863 0.5000000000
5906  22.292  -71.512  21.442 0.6000000238
7570  27.864  -68.261  22.442 0.6000000238
7050  27.571  -69.167  20.860 0.6000000238
5907  20.774  -71.418  20.576 0.6999999881
7582  27.483  -68.762  21.692 0.6000000238
7037  26.881  -69.276  21.200 0.6000000238
6516  19.709  -70.602  19.477 0.5000000000
6500  19.758  -71.119  20.023 0.6000000238
7572  26.173  -68.234  22.372 0.6000000238
7071  20.679  -69.479  19.597 0.6000000238
5915  20.356  -71.816  19.523 0.6999999881
107404  21.905  -68.291  20.316 0.6000000238
7002  29.522  -70.053  24.863 0.6999999881
7015  28.941  -70.197  24.428 0.6999999881
6450  28.144  -70.450  24.435 0.6000000238
114212  27.427  -70.774  24.475 0.6000000238
100299  21.384  -69.536  27.065 0.4000000060
6401  21.102  -70.168  27.326 0.5000000000
6466  27.648  -70.939  23.607 0.6000000238
7543  21.327  -68.975  25.877 0.5000000000
103354  20.695  -70.860  27.543 0.6000000238
6477  28.123  -70.830  22.791 0.6999999881
6476  28.672  -70.803  21.797 0.6999999881
99381  26.921  -71.473  23.228 0.6000000238
109737  21.358  -69.696  24.938 0.5000000000
5913  28.996  -71.369  19.602 0.6999999881
7016  20.845  -69.603  22.996 0.4000000060
7064  29.400  -69.486  18.474 0.6999999881
6524  29.479  -70.360  18.450 0.6999999881
5912  29.389  -71.065  18.814 0.6999999881
7614  29.007  -69.013  19.253 0.6999999881
6525  28.791  -70.812  18.371 0.6999999881
5921  29.070  -70.928  18.464 0.6999999881
6480  20.245  -70.090  21.748 0.5000000000
7597  28.723  -68.627  20.406 0.6000000238
7065  28.647  -69.603  18.803 0.6999999881
107826  28.145  -67.823  22.974 0.5000000000
7581  28.463  -68.392  21.598 0.6000000238
7598  28.080  -68.855  20.941 0.6000000238
7014  29.682  -69.925  23.893 0.6999999881
6465  28.653  -70.405  23.522 0.6999999881
7527  21.651  -68.909  27.492 0.4000000060
6464  29.371  -70.183  22.916 0.6999999881
6975  21.316  -69.585  27.848 0.4000000060
110227  28.797  -70.552  22.506 0.6999999881
6486  29.050  -70.999  20.769 0.8000000119
100494  29.921  -70.774  19.225 0.6000000238
6498  29.465  -71.024  19.756 0.6000000238
5789  19.422  -71.701  29.602 0.6000000238
7080  29.820  -69.777  18.311 0.6999999881
6509  29.730  -70.549  18.594 0.6999999881
7613  29.704  -68.835  18.644 0.6000000238
7596  29.476  -68.383  19.753 0.6000000238
114777  17.672  -71.653  30.341 0.5000000000
8236  29.140  -67.869  21.916 0.6000000238
7580  29.272  -68.101  20.925 0.6999999881
117403  29.050  -67.690  22.530 0.5000000000
6475  29.592  -70.384  21.802 0.6999999881
6962  21.222  -69.699  28.637 0.4000000060
6963  20.919  -70.279  28.138 0.5000000000
6497  30.337  -70.447  19.893 0.8000000119
6360  20.193  -70.397  30.243 0.4000000060
6953  20.736  -70.252  29.232 0.4000000060
102165  29.800  -70.662  20.430 0.6999999881
6361  19.387  -70.677  30.646 0.4000000060
5788  20.091  -71.082  29.448 0.5000000000
8260  30.261  -68.162  18.986 0.6000000238
7627  29.994  -69.283  18.194 0.6000000238
6523  30.102  -70.019  18.312 0.6999999881
6942  19.719  -69.876  31.003 0.4000000060
8248  29.988  -67.791  20.316 0.6000000238
6363  17.812  -71.109  30.753 0.4000000060
5776  19.046  -71.389  30.254 0.6000000238
8235  29.796  -67.579  21.399 0.6000000238
8221  29.599  -67.428  22.455 0.5000000000
8851  29.636  -67.070  23.252 0.5000000000
6952  21.368  -69.286  29.504 0.4000000060
6485  30.435  -70.200  21.014 0.8000000119
100922  20.832  -69.770  30.070 0.4000000060
6941  20.459  -69.462  30.727 0.4000000060
101258  30.559  -69.210  18.057 0.6000000238
6508  30.438  -70.334  18.860 0.6999999881
7612  30.385  -68.804  18.116 0.6000000238
6931  19.207  -69.315  31.429 0.4000000060
6350  18.909  -70.148  31.164 0.4000000060
6933  17.501  -69.724  31.231 0.4000000060
8220  30.340  -67.173  21.888 0.4000000060
114440  21.638  -68.695  30.063 0.4000000060
6496  31.026  -70.000  20.108 0.6999999881
6940  21.131  -69.070  30.373 0.4000000060
6522  30.732  -69.693  18.314 0.6999999881
7496  20.717  -68.677  31.014 0.4000000060
8271  30.796  -68.339  18.026 0.6000000238
7486  18.626  -68.597  31.498 0.4000000060
8234  30.475  -67.300  20.921 0.6000000238
7487  17.777  -68.916  31.376 0.3000000119
8863  30.854  -66.892  21.413 0.4000000060
98662  30.883  -66.621  22.213 0.4000000060
7484  20.278  -68.226  31.460 0.4000000060
114488  19.126  -67.948  31.540 0.4000000060
8259  31.044  -67.772  18.524 0.6000000238
8247  30.748  -67.505  19.845 0.6000000238
8246  31.720  -67.187  19.593 0.6000000238
8862  31.477  -66.444  21.481 0.4000000060
8861  32.278  -66.123  21.106 0.5000000000
9451  31.977  -65.827  21.973 0.4000000060
8148  17.024  -67.176  27.881 0.3000000119
9329  22.489  -65.689  30.674 0.4000000060
8782  18.091  -66.319  28.689 0.3000000119
8161  16.245  -67.227  24.875 0.4000000060
113032  22.955  -64.481  30.591 0.4000000060
9910  21.013  -64.633  30.512 0.4000000060
9347  19.253  -65.071  28.730 0.3000000119
9917  19.783  -64.734  29.419 0.3000000119
8791  17.444  -66.694  27.379 0.3000000119
8790  18.006  -66.190  27.894 0.3000000119
8800  16.830  -66.987  25.635 0.3000000119
10510  22.382  -63.986  30.522 0.4000000060
10511  21.443  -63.863  30.214 0.4000000060
9911  20.205  -64.909  30.314 0.4000000060
9358  19.067  -65.004  27.920 0.3000000119
9359  18.439  -65.565  27.462 0.3000000119
9951  15.266  -64.080  26.352 0.4000000060
10570  14.447  -63.812  26.934 0.3000000119
11183  13.993  -63.002  26.497 0.3000000119
9377  17.675  -66.136  25.797 0.3000000119
8799  17.196  -66.596  25.114 0.3000000119
10524  21.513  -63.191  29.640 0.4000000060
10525  20.969  -63.661  29.524 0.4000000060
9921  20.396  -63.982  28.848 0.3000000119
9922  19.702  -64.514  28.373 0.3000000119
9938  18.796  -64.921  26.988 0.3000000119
9395  16.551  -65.527  24.160 0.3000000119
9376  18.183  -65.512  26.437 0.3000000119
10583  15.048  -63.458  26.264 0.3000000119
9393  17.833  -65.520  25.315 0.3000000119
11196  15.459  -62.956  25.083 0.4000000060
105990  15.132  -62.068  24.304 0.3000000119
113078  14.473  -62.077  24.855 0.3000000119
10540  20.996  -63.273  28.853 0.4000000060
10542  20.103  -63.982  27.990 0.4000000060
9937  19.492  -64.292  27.456 0.3000000119
9963  15.948  -64.553  25.392 0.4000000060
9949  18.897  -64.285  26.613 0.3000000119
9976  17.394  -65.117  23.596 0.3000000119
10582  15.913  -63.874  25.611 0.4000000060
10600  16.905  -64.158  23.303 0.4000000060
11827  14.386  -61.382  24.769 0.3000000119
11152  20.965  -62.690  28.271 0.4000000060
10555  20.401  -62.815  27.630 0.4000000060
10568  19.425  -63.639  26.937 0.4000000060
10569  18.806  -63.559  26.295 0.4000000060
9950  18.366  -64.919  26.012 0.3000000119
111138  17.982  -64.208  24.557 0.3000000119
108855  17.240  -64.508  23.324 0.3000000119
10616  17.205  -63.694  23.247 0.3000000119
10617  16.972  -63.139  23.107 0.5000000000
11217  16.678  -63.320  23.256 0.4000000060
11218  15.963  -62.682  23.759 0.4000000060
12399  14.457  -60.384  24.741 0.3000000119
11171  19.744  -62.889  27.085 0.4000000060
11182  18.765  -62.804  26.025 0.3000000119
11215  17.843  -62.633  24.188 0.3000000119
11825  17.738  -61.873  23.696 0.3000000119
11836  17.871  -61.084  23.324 0.3000000119
111349  18.348  -64.238  25.691 0.3000000119
10581  18.345  -63.460  25.424 0.3000000119
11216  17.299  -62.750  23.340 0.3000000119
11837  17.344  -61.836  23.208 0.3000000119
113998  17.561  -61.032  23.174 0.3000000119
10598  17.934  -63.407  24.436 0.3000000119
11230  16.564  -62.447  23.230 0.3000000119
109413  15.776  -62.043  23.744 0.3000000119
13050  13.706  -59.590  25.243 0.3000000119
11765  22.319  -61.317  28.870 0.3000000119
11766  21.907  -61.010  28.074 0.3000000119
11782  21.316  -61.292  27.589 0.3000000119
12376  20.630  -60.761  26.480 0.3000000119
12386  19.427  -60.542  25.429 0.3000000119
12396  18.916  -59.836  23.723 0.3000000119
11783  20.680  -61.415  27.064 0.3000000119
12377  19.914  -60.907  26.019 0.3000000119
11809  18.343  -61.789  24.835 0.3000000119
12387  18.707  -60.872  24.824 0.3000000119
12415  18.112  -60.197  23.090 0.3000000119
113552  17.620  -60.223  23.172 0.3000000119
11839  16.230  -61.328  23.580 0.3000000119
108287  16.286  -60.343  23.765 0.3000000119
11826  15.238  -61.297  24.275 0.3000000119
12398  15.448  -60.330  24.291 0.3000000119
12349  23.303  -60.204  28.885 0.3000000119
12362  21.738  -60.569  27.410 0.3000000119
12363  21.152  -60.861  27.042 0.3000000119
12385  20.117  -60.201  25.892 0.3000000119
13041  19.689  -59.780  25.177 0.3000000119
13058  18.574  -59.428  22.895 0.3000000119
117066  17.451  -59.655  23.239 0.3000000119
13061  15.717  -59.403  24.204 0.3000000119
13042  13.934  -58.760  25.538 0.3000000119
13049  19.429  -59.512  24.203 0.3000000119
13057  19.127  -59.341  23.149 0.3000000119
107403  17.145  -59.003  23.449 0.3000000119
13715  16.098  -58.597  24.026 0.3000000119
99582  14.554  -59.168  24.786 0.3000000119
13702  15.060  -58.236  24.617 0.3000000119
13700  19.787  -58.898  23.753 0.3000000119
13072  19.016  -59.015  22.641 0.3000000119
13712  18.609  -58.912  22.700 0.3000000119
13699  20.481  -58.501  24.296 0.3000000119
14360  19.759  -57.975  22.794 0.3000000119
13723  19.132  -58.327  22.605 0.3000000119
13713  17.729  -58.496  23.161 0.3000000119
13714  16.541  -57.880  23.775 0.3000000119
13701  15.407  -57.395  24.428 0.3000000119
14352  14.884  -57.404  24.918 0.3000000119
3484  32.730  -77.407  24.845 0.5000000000
3494  31.170  -76.887  23.141 0.4000000060
3970  25.073  -75.982  18.413 0.6999999881
4404  24.278  -75.580  18.569 0.6999999881
4347  29.864  -74.822  22.996 0.4000000060
3050  32.050  -77.811  23.304 0.5000000000
5935  26.335  -72.225  17.679 0.6000000238
5364  26.391  -72.535  22.658 0.5000000000
8222  28.575  -67.934  22.478 0.5000000000
7081  29.031  -70.119  18.388 0.6999999881
6362  18.623  -70.900  30.775 0.4000000060
8839  29.280  -66.721  23.845 0.5000000000
8850  30.258  -66.906  22.828 0.4000000060
8086  18.520  -67.812  31.297 0.3000000119
8875  31.175  -67.003  20.661 0.4000000060
107373  31.826  -66.665  20.618 0.4000000060
9909  21.761  -64.499  30.594 0.4000000060
11170  20.827  -62.018  27.689 0.3000000119
13001  22.986  -59.827  28.111 0.3000000119
7078  31.824  -69.099  18.052 0.5000000000
7063  31.454  -69.508  18.531 0.5000000000
107241  31.763  -69.662  20.843 0.6999999881
119661  30.510  -69.896  22.054 0.6000000238
6507  31.111  -69.945  18.985 0.6000000238
7000  31.243  -69.980  24.283 0.6000000238
7001  30.398  -69.953  24.577 0.6000000238
100621  32.424  -69.458  20.685 0.6999999881
7026  31.913  -69.504  22.631 0.6000000238
7013  30.736  -69.734  23.715 0.6000000238
7036  31.288  -69.713  21.657 0.6999999881
7027  31.065  -69.637  22.800 0.6000000238
98753  31.703  -68.623  17.627 0.5000000000
7034  32.949  -69.398  21.528 0.6999999881
7025  32.691  -69.553  22.411 0.6999999881
7011  32.449  -69.804  23.230 0.6000000238
6463  32.003  -70.069  23.976 0.6000000238
7035  32.191  -69.477  21.710 0.6999999881
7012  31.628  -69.724  23.512 0.6000000238
7047  33.196  -69.254  20.526 0.6000000238
103140  31.708  -68.223  17.517 0.5000000000
7626  31.238  -68.629  17.698 0.5000000000
7010  33.036  -69.798  22.809 0.6000000238
6449  31.590  -70.511  24.606 0.6000000238
8269  32.129  -67.773  17.420 0.5000000000
8884  33.516  -66.461  18.695 0.5000000000
8873  33.391  -66.230  19.771 0.4000000060
3072  24.423  -78.293  20.375 0.4000000060
3517  25.599  -77.384  20.558 0.4000000060
3518  24.931  -77.773  20.968 0.4000000060
3504  25.315  -76.767  21.650 0.5000000000
3926  24.963  -76.208  22.585 0.5000000000
8258  31.901  -67.505  18.073 0.5000000000
3477  22.180  -76.307  25.187 0.6000000238
8885  32.636  -66.843  18.990 0.4000000060
3917  25.191  -75.297  22.966 0.5000000000
3918  24.595  -75.706  23.339 0.5000000000
3903  23.186  -75.314  25.029 0.5000000000
3061  24.291  -78.080  21.406 0.5000000000
3505  24.654  -77.164  22.059 0.5000000000
3506  23.985  -77.485  22.417 0.5000000000
3496  24.296  -76.574  22.967 0.5000000000
3497  23.441  -76.843  23.347 0.5000000000
3919  23.895  -75.987  23.691 0.5000000000
3487  23.249  -76.155  24.010 0.5000000000
3488  22.814  -75.973  24.650 0.5000000000
8874  32.521  -66.527  20.169 0.4000000060
3519  23.578  -76.735  20.574 0.5000000000
3052  22.495  -77.420  23.286 0.5000000000
4365  23.428  -74.022  21.788 0.5000000000
3927  23.155  -74.696  21.942 0.5000000000
3944  22.115  -76.114  21.806 0.5000000000
3943  23.125  -75.774  21.537 0.5000000000
116931  23.121  -74.139  22.235 0.5000000000
4366  22.443  -74.229  22.536 0.5000000000
101379  23.075  -73.649  22.408 0.5000000000
113234  21.605  -74.606  22.550 0.5000000000
3929  21.326  -75.303  22.249 0.5000000000
3945  21.089  -76.170  21.781 0.4000000060
4873  22.343  -73.520  22.944 0.5000000000
4367  20.754  -74.566  22.598 0.6000000238
3930  20.249  -75.338  22.096 0.6000000238
4872  22.989  -72.954  22.728 0.5000000000
4859  21.755  -73.301  23.522 0.5000000000
4351  21.398  -73.934  22.946 0.5000000000
4352  20.414  -74.054  23.078 0.6000000238
4368  19.870  -74.517  22.659 0.6000000238
3946  19.560  -75.809  21.432 0.6000000238
3524  18.235  -75.983  20.255 0.5000000000
3958  17.494  -75.566  19.895 0.5000000000
5351  22.799  -72.238  23.262 0.5000000000
5332  22.435  -71.968  24.036 0.5000000000
4846  21.338  -73.018  24.332 0.5000000000
105959  20.911  -73.588  23.611 0.5000000000
4353  19.748  -74.166  23.213 0.6000000238
3931  19.151  -74.970  22.072 0.6000000238
3947  18.707  -75.538  21.169 0.6000000238
3948  17.950  -75.159  20.761 0.5000000000
5353  16.281  -71.655  22.960 0.5000000000
4396  16.352  -74.333  20.098 0.5000000000
5868  22.610  -71.452  23.609 0.5000000000
5869  22.265  -71.374  24.441 0.5000000000
5333  21.881  -72.157  24.722 0.6000000238
4847  20.612  -73.162  24.932 0.6000000238
4832  19.955  -73.421  25.513 0.6000000238
110734  19.238  -74.188  23.815 0.6000000238
98685  19.118  -74.383  22.938 0.6000000238
118721  18.495  -74.388  23.392 0.6000000238
4382  18.342  -74.902  21.600 0.6000000238
4383  17.480  -74.490  21.490 0.5000000000
4395  17.170  -74.763  20.404 0.5000000000
4371  16.672  -73.813  21.785 0.5000000000
4384  16.573  -73.967  20.891 0.5000000000
4887  16.061  -72.782  21.340 0.5000000000
5318  21.282  -72.051  25.559 0.6000000238
5319  20.630  -72.711  25.663 0.6000000238
4834  18.687  -74.112  26.090 0.6000000238
4833  19.221  -74.047  25.399 0.6000000238
4341  18.250  -74.355  24.303 0.6000000238
4332  18.454  -74.299  25.286 0.6000000238
4354  17.694  -74.307  23.456 0.5000000000
4342  17.459  -74.134  24.231 0.5000000000
4370  17.146  -74.194  22.598 0.5000000000
4849  16.892  -73.632  24.139 0.5000000000
4850  16.640  -72.945  24.400 0.6000000238
4874  16.434  -73.117  22.567 0.5000000000
4861  16.541  -72.974  23.610 0.5000000000
119477  16.795  -71.898  24.634 0.5000000000
5853  16.715  -71.062  25.304 0.5000000000
4817  19.958  -73.071  26.419 0.6000000238
4818  19.096  -73.715  26.780 0.6000000238
4323  17.986  -74.213  25.925 0.6000000238
4333  17.775  -74.228  25.066 0.6000000238
4820  16.825  -72.970  26.099 0.6000000238
5320  16.817  -71.669  25.233 0.5000000000
5302  19.532  -73.121  27.314 0.6000000238
113841  17.300  -73.760  25.583 0.6000000238
5303  16.814  -72.580  26.953 0.6000000238
104562  16.546  -71.565  26.700 0.5000000000
5804  19.870  -71.775  28.792 0.6000000238
5817  19.619  -72.420  28.307 0.6000000238
4788  18.818  -73.026  28.449 0.6000000238
4804  17.944  -73.543  27.590 0.6000000238
99686  17.396  -73.422  26.998 0.6000000238
5292  16.611  -72.132  27.611 0.5000000000
5278  18.388  -72.858  29.058 0.6000000238
5265  17.819  -72.483  29.553 0.6000000238
5291  17.322  -73.037  27.901 0.6000000238
5266  17.074  -72.337  29.356 0.6000000238
114244  16.383  -71.864  29.092 0.5000000000
100300  16.931  -71.384  30.489 0.4000000060
7028  30.171  -69.860  22.888 0.6000000238
104151  30.912  -68.620  17.771 0.5000000000
8270  31.354  -68.159  17.644 0.5000000000
8894  32.848  -67.074  17.691 0.5000000000
3498  22.699  -76.565  24.043 0.6000000238
4860  20.100  -73.831  23.710 0.6000000238
115709  20.553  -73.460  24.233 0.6000000238
4369  18.201  -74.512  22.511 0.6000000238
4355  16.925  -73.924  23.482 0.5000000000
4803  18.706  -73.433  27.639 0.6000000238
4819  18.223  -73.898  26.827 0.6000000238
5279  17.589  -72.875  28.857 0.6000000238
5280  16.836  -72.428  28.555 0.6000000238
3030  34.014  -77.676  25.334 0.4000000060
3038  34.849  -76.971  24.901 0.5000000000
3483  34.191  -77.247  23.954 0.5000000000
3039  34.146  -77.586  24.477 0.4000000060
3040  33.454  -77.757  24.478 0.4000000060
3048  33.345  -77.745  23.640 0.4000000060
3908  33.762  -76.114  23.698 0.5000000000
3041  32.724  -77.860  23.829 0.4000000060
3492  33.491  -77.164  23.219 0.5000000000
3493  32.762  -77.580  22.757 0.5000000000
3049  32.335  -77.842  23.074 0.4000000060
3060  31.725  -77.689  22.669 0.4000000060
3915  33.416  -75.751  22.974 0.5000000000
111562  33.071  -76.892  22.550 0.5000000000
3923  33.176  -76.010  22.091 0.5000000000
3500  32.467  -76.990  21.898 0.5000000000
3501  31.705  -77.589  22.149 0.5000000000
3502  31.044  -77.395  22.116 0.4000000060
5328  32.042  -71.607  24.355 0.5000000000
5329  31.473  -72.471  24.239 0.4000000060
5362  32.013  -72.898  22.730 0.4000000060
4868  30.573  -74.313  22.562 0.4000000060
4361  30.118  -75.534  22.032 0.4000000060
3924  30.104  -76.223  22.162 0.4000000060
3936  32.771  -76.042  21.135 0.4000000060
3514  31.976  -76.778  21.100 0.5000000000
3503  30.576  -76.915  21.690 0.4000000060
111845  30.985  -77.322  21.639 0.4000000060
5348  32.049  -72.346  23.655 0.4000000060
4867  31.390  -73.783  22.155 0.4000000060
4360  30.849  -74.801  21.547 0.4000000060
110984  33.385  -75.449  20.641 0.4000000060
4378  30.605  -75.745  21.137 0.4000000060
3939  30.412  -76.373  21.395 0.4000000060
3952  32.692  -75.592  20.145 0.4000000060
3937  32.152  -76.172  20.429 0.4000000060
3938  30.863  -76.149  20.670 0.4000000060
3516  30.800  -76.853  21.150 0.4000000060
5864  32.275  -70.744  24.200 0.5000000000
5347  32.542  -71.518  23.724 0.4000000060
114101  32.557  -72.202  23.159 0.4000000060
5361  32.711  -72.542  22.327 0.4000000060
4866  32.132  -73.369  21.681 0.4000000060
4883  31.560  -74.250  21.029 0.4000000060
4376  31.819  -74.676  20.049 0.4000000060
4377  31.222  -75.249  20.531 0.4000000060
3962  32.645  -75.094  19.578 0.4000000060
4389  32.088  -75.065  19.691 0.4000000060
3954  31.546  -75.641  20.145 0.4000000060
6462  32.525  -70.272  23.662 0.5000000000
5880  32.840  -70.800  23.532 0.5000000000
6461  32.982  -70.192  23.222 0.6000000238
5892  33.122  -71.583  22.977 0.5000000000
5375  32.833  -72.977  21.175 0.4000000060
4881  32.952  -73.488  19.907 0.4000000060
4906  33.183  -73.948  19.087 0.4000000060
5879  33.772  -71.184  22.363 0.4000000060
6474  33.460  -70.339  22.663 0.5000000000
5902  33.948  -71.786  21.552 0.4000000060
5374  33.589  -72.567  20.602 0.4000000060
5901  34.296  -71.195  21.551 0.5000000000
5911  34.695  -71.406  20.454 0.4000000060
5373  34.230  -71.876  20.843 0.4000000060
5386  34.119  -72.410  19.672 0.4000000060
7023  34.071  -69.924  21.635 0.6000000238
7024  33.435  -69.736  22.116 0.6000000238
6495  34.980  -70.488  20.470 0.5000000000
5910  35.121  -71.204  19.694 0.4000000060
7048  31.756  -69.630  19.758 0.5000000000
5852  20.672  -72.146  26.336 0.5000000000
5289  20.169  -72.359  27.097 0.5000000000
6385  20.396  -70.986  28.480 0.5000000000
5831  20.642  -71.463  26.943 0.5000000000
5816  20.210  -71.762  27.821 0.5000000000
3953  32.001  -75.725  19.844 0.4000000060
5360  33.424  -72.143  21.920 0.4000000060
4882  32.251  -73.815  20.525 0.4000000060
4894  32.494  -74.273  19.668 0.4000000060
115015  33.296  -70.782  23.027 0.5000000000
5387  33.542  -73.216  19.155 0.4000000060
6473  33.979  -70.478  22.023 0.5000000000
6484  34.488  -70.510  21.298 0.6000000238
5920  34.563  -72.105  19.029 0.5000000000
7032  34.497  -69.808  21.032 0.5000000000
8256  36.381  -66.543  18.722 0.3000000119
8881  36.119  -66.232  18.168 0.3000000119
8891  35.613  -66.322  17.536 0.3000000119
103855  36.033  -66.919  19.626 0.3000000119
7594  36.893  -68.318  20.495 0.3000000119
8244  36.076  -67.694  20.568 0.3000000119
8890  36.485  -66.339  17.357 0.3000000119
8897  35.872  -66.618  16.832 0.4000000060
8898  34.850  -66.734  16.951 0.4000000060
8268  36.887  -66.406  17.796 0.3000000119
7633  34.137  -67.105  16.841 0.4000000060
7625  32.410  -67.997  17.368 0.4000000060
8255  37.255  -67.212  18.605 0.3000000119
8892  34.681  -66.399  17.642 0.3000000119
8900  33.353  -66.956  17.147 0.4000000060
8245  35.622  -66.571  20.159 0.3000000119
8882  35.366  -66.084  18.680 0.3000000119
103199  35.166  -67.851  17.034 0.4000000060
7622  35.478  -68.728  18.329 0.4000000060
7595  34.414  -68.994  19.719 0.4000000060
7061  33.470  -68.999  19.511 0.4000000060
8902  36.380  -66.862  16.587 0.4000000060
8275  35.223  -67.051  16.683 0.4000000060
7610  33.987  -68.567  18.728 0.4000000060
7611  32.735  -68.683  18.115 0.4000000060
8889  37.310  -66.427  17.151 0.3000000119
7624  33.352  -68.046  17.509 0.4000000060
7062  32.473  -69.317  19.272 0.4000000060
7634  33.289  -67.414  17.178 0.4000000060
7607  37.499  -68.136  19.631 0.3000000119
7635  32.925  -67.391  17.284 0.4000000060
8893  33.738  -66.618  17.649 0.4000000060
7077  35.866  -69.538  18.182 0.4000000060
118860  35.014  -69.204  19.668 0.4000000060
7631  36.157  -68.561  16.875 0.4000000060
7621  35.874  -68.873  17.639 0.4000000060
101809  38.399  -66.977  16.552 0.3000000119
8279  36.899  -67.432  16.396 0.4000000060
8254  39.237  -67.656  18.578 0.3000000119
7620  38.259  -67.668  18.653 0.3000000119
7606  38.413  -68.238  19.631 0.3000000119
7060  35.409  -69.450  19.223 0.4000000060
9465  34.141  -66.027  19.452 0.3000000119
8883  34.456  -66.179  18.621 0.3000000119
7046  34.093  -69.239  20.495 0.4000000060
7033  33.745  -69.481  21.309 0.4000000060
6494  35.399  -70.436  19.551 0.4000000060
8257  35.746  -66.175  19.121 0.3000000119
7632  35.824  -67.646  16.642 0.4000000060
8899  33.943  -66.806  17.000 0.4000000060
8276  33.464  -67.056  16.985 0.4000000060
7609  34.966  -68.777  19.124 0.4000000060
7623  34.583  -68.265  17.971 0.4000000060
8895  37.412  -66.540  16.800 0.3000000119
115898  33.980  -67.586  17.152 0.4000000060
8267  37.977  -66.720  17.432 0.3000000119
7638  36.422  -68.157  16.533 0.4000000060
108728  37.009  -68.309  16.400 0.3000000119
99969  38.837  -66.865  16.874 0.3000000119
2981  37.423  -77.610  29.061 0.3000000119
2558  37.021  -78.359  29.087 0.3000000119
2994  37.594  -76.672  28.654 0.3000000119
2551  37.136  -78.271  29.748 0.3000000119
2995  37.231  -77.169  28.022 0.3000000119
2568  36.687  -77.977  28.300 0.3000000119
3874  37.558  -75.629  28.020 0.3000000119
3435  37.683  -76.272  28.933 0.3000000119
3418  37.535  -76.889  29.192 0.3000000119
3886  36.963  -76.065  27.176 0.3000000119
3445  37.479  -76.328  27.860 0.3000000119
2996  36.286  -77.501  27.402 0.3000000119
3029  34.710  -77.393  25.356 0.3000000119
4293  37.204  -74.531  28.971 0.3000000119
3850  37.375  -75.035  29.171 0.3000000119
4308  37.399  -75.020  28.385 0.3000000119
3866  37.592  -75.272  28.758 0.3000000119
3419  37.313  -76.817  29.430 0.3000000119
3457  36.121  -76.506  26.371 0.3000000119
3028  35.455  -77.014  25.659 0.3000000119
114506  36.020  -74.974  27.120 0.3000000119
3887  36.306  -75.883  26.535 0.3000000119
3888  35.382  -75.322  26.035 0.3000000119
3900  35.591  -76.391  25.693 0.3000000119
3901  35.050  -76.109  25.169 0.3000000119
4346  33.755  -74.618  23.197 0.4000000060
4337  33.664  -75.062  23.656 0.4000000060
2148  32.966  -79.265  31.218 0.3000000119
2127  32.910  -79.594  32.592 0.3000000119
2971  37.271  -77.701  29.780 0.3000000119
2957  36.956  -78.377  30.275 0.3000000119
3421  35.038  -76.219  29.418 0.3000000119
2960  33.997  -78.114  30.017 0.3000000119
2542  34.891  -78.529  30.800 0.3000000119
2138  33.732  -79.434  32.247 0.3000000119
115497  36.069  -74.397  29.460 0.3000000119
3420  36.524  -76.461  29.547 0.3000000119
2552  35.101  -77.932  30.159 0.3000000119
2528  35.800  -78.939  31.518 0.3000000119
2137  34.776  -79.099  31.694 0.3000000119
2972  36.840  -77.479  29.926 0.3000000119
2959  36.263  -77.920  30.365 0.3000000119
2541  36.161  -78.555  30.931 0.3000000119
2540  36.668  -78.798  30.811 0.3000000119
3012  36.671  -76.738  27.148 0.3000000119
3013  35.881  -77.127  26.451 0.3000000119
3851  36.527  -75.185  29.461 0.3000000119
2544  32.196  -78.742  30.621 0.3000000119
113478  36.336  -79.119  31.391 0.3000000119
113250  34.088  -77.292  29.618 0.3000000119
106685  35.554  -77.190  29.753 0.3000000119
2136  35.797  -79.533  31.896 0.3000000119
3907  34.463  -76.264  24.462 0.3000000119
5900  37.933  -72.081  21.179 0.3000000119
5371  37.632  -72.566  21.622 0.3000000119
4878  36.181  -73.600  21.244 0.3000000119
4880  34.927  -74.441  21.248 0.4000000060
4375  33.597  -75.405  21.445 0.3000000119
5384  37.245  -72.537  20.571 0.3000000119
4891  35.930  -73.462  20.196 0.4000000060
4373  34.693  -74.315  19.970 0.4000000060
4892  35.015  -73.658  19.425 0.4000000060
4388  33.410  -75.095  19.861 0.3000000119
4905  33.827  -73.554  18.784 0.4000000060
114061  33.629  -74.076  18.873 0.4000000060
4401  33.247  -74.531  19.271 0.3000000119
5891  38.691  -72.002  22.564 0.3000000119
5357  36.474  -73.155  22.056 0.4000000060
4864  35.527  -73.661  21.972 0.4000000060
4358  34.198  -74.737  21.813 0.3000000119
116147  34.065  -74.357  22.665 0.3000000119
5899  38.568  -71.717  21.731 0.3000000119
5909  37.589  -71.850  20.093 0.3000000119
5385  36.341  -72.909  19.788 0.3000000119
5908  38.054  -71.227  19.659 0.3000000119
5917  37.247  -71.689  18.942 0.3000000119
5395  36.739  -72.285  19.294 0.3000000119
4903  35.370  -73.124  18.970 0.4000000060
4893  34.140  -73.914  18.826 0.4000000060
5918  36.297  -72.006  18.171 0.3000000119
5397  35.132  -72.385  18.418 0.4000000060
4904  34.500  -73.065  18.612 0.4000000060
6521  35.955  -70.776  17.645 0.3000000119
5926  35.656  -71.663  17.950 0.4000000060
99790  34.649  -72.535  18.626 0.4000000060
5398  34.103  -72.894  18.716 0.4000000060
5919  35.118  -71.711  18.514 0.4000000060
6506  35.687  -70.546  18.409 0.3000000119
6434  39.063  -71.125  25.707 0.3000000119
5843  38.755  -71.457  25.215 0.3000000119
5861  37.303  -71.641  24.460 0.3000000119
5877  36.527  -71.822  23.804 0.3000000119
5890  39.353  -71.683  23.368 0.3000000119
115485  39.186  -71.837  24.065 0.3000000119
5876  37.646  -72.034  23.577 0.3000000119
6472  39.870  -70.888  22.784 0.3000000119
102850  38.544  -72.100  23.339 0.3000000119
5343  37.733  -72.356  22.831 0.3000000119
5344  36.747  -72.395  22.875 0.3000000119
5358  35.692  -72.728  22.766 0.3000000119
5359  34.940  -73.121  22.888 0.3000000119
4853  34.296  -73.708  23.300 0.3000000119
4840  33.920  -74.246  23.947 0.3000000119
5898  39.191  -71.367  22.284 0.3000000119
105120  36.870  -71.392  18.021 0.3000000119
5403  35.628  -72.015  17.947 0.3000000119
5924  36.615  -70.865  17.549 0.3000000119
5925  35.983  -71.425  17.671 0.3000000119
7086  36.609  -70.119  17.253 0.3000000119
7076  36.337  -69.758  17.394 0.3000000119
5842  39.595  -71.367  25.484 0.3000000119
5860  39.364  -71.601  24.791 0.3000000119
106361  38.465  -71.773  24.362 0.3000000119
5875  39.817  -71.537  24.407 0.3000000119
4336  33.904  -75.038  24.312 0.3000000119
6414  39.372  -70.149  26.426 0.3000000119
6413  39.971  -71.113  26.133 0.3000000119
116750  40.023  -71.364  25.687 0.3000000119
116612  39.944  -71.445  25.232 0.3000000119
116792  39.990  -71.280  23.735 0.3000000119
6983  40.353  -70.317  26.603 0.3000000119
6412  40.781  -70.790  26.287 0.3000000119
5841  40.309  -71.299  25.663 0.3000000119
5859  40.274  -71.332  25.063 0.3000000119
4359  33.652  -75.102  22.397 0.3000000119
4374  34.136  -74.962  20.591 0.3000000119
4387  33.906  -74.543  19.396 0.4000000060
7089  36.693  -69.116  16.776 0.3000000119
5372  36.867  -73.159  21.131 0.3000000119
102675  37.321  -72.751  22.166 0.3000000119
4879  35.513  -73.991  20.663 0.4000000060
118749  35.055  -72.804  18.476 0.4000000060
5342  38.046  -72.354  22.427 0.3000000119
4865  34.613  -73.935  22.357 0.3000000119
6483  39.022  -71.042  21.284 0.3000000119
105600  38.324  -71.456  20.710 0.3000000119
5396  35.652  -72.501  18.501 0.4000000060
6520  36.200  -70.698  17.557 0.3000000119
5345  35.777  -72.165  23.440 0.3000000119
3911  24.187  -75.144  24.061 0.4000000060
2958  36.803  -78.249  30.401 0.3000000119
3051  23.316  -77.691  22.605 0.5000000000
3079  24.648  -78.179  19.892 0.6000000238
3444  37.707  -75.934  28.566 0.3000000119
3515  31.403  -76.356  20.610 0.4000000060
3523  19.014  -76.393  20.658 0.5000000000
3530  25.707  -77.410  19.654 0.6000000238
3532  24.125  -77.756  19.875 0.5000000000
3547  25.433  -76.690  18.859 0.6999999881
3849  37.650  -75.721  28.991 0.3000000119
3875  36.984  -75.368  27.556 0.3000000119
3912  23.483  -75.576  24.342 0.5000000000
3928  22.341  -75.123  22.200 0.5000000000
3956  26.171  -76.900  20.269 0.6000000238
4331  19.000  -74.245  24.697 0.6000000238
4340  23.686  -74.994  24.664 0.4000000060
4380  26.073  -75.339  21.502 0.6000000238
4390  31.649  -75.186  19.972 0.4000000060
4392  26.817  -75.508  19.511 0.6999999881
4402  32.767  -74.555  19.469 0.3000000119
4412  24.909  -74.606  17.860 0.6000000238
4789  18.140  -73.266  28.313 0.6000000238
4835  17.111  -73.706  24.785 0.6000000238
4836  16.714  -72.928  25.163 0.6000000238
4848  19.816  -73.737  24.587 0.6000000238
4858  22.433  -72.951  23.311 0.5000000000
4908  22.842  -74.242  18.682 0.6999999881
4911  26.075  -74.445  17.900 0.6000000238
5254  17.957  -72.045  30.044 0.5000000000
5277  19.186  -72.518  28.996 0.6000000238
5290  19.285  -72.970  28.012 0.6000000238
5304  16.688  -71.618  25.982 0.5000000000
5334  21.188  -72.602  25.072 0.6000000238
5335  16.582  -71.701  23.932 0.5000000000
5349  26.097  -72.289  23.341 0.5000000000
5352  22.152  -72.622  23.908 0.5000000000
5366  23.145  -72.409  22.328 0.5000000000
5402  20.971  -72.545  18.906 0.6999999881
5409  27.629  -72.999  17.803 0.6000000238
5777  18.317  -71.557  30.338 0.5000000000
5790  18.614  -72.137  29.745 0.6000000238
5791  16.586  -71.723  29.807 0.5000000000
5827  29.221  -71.536  27.025 0.6000000238
5849  26.156  -71.363  25.170 0.5000000000
5893  28.049  -71.098  22.129 0.6999999881
5895  22.708  -71.398  22.341 0.6000000238
5916  19.984  -71.238  19.451 0.5000000000
5933  21.036  -72.354  18.715 0.8000000119
6351  18.082  -70.351  31.142 0.4000000060
6373  19.665  -71.090  30.089 0.6000000238
6384  27.075  -70.842  27.932 0.5000000000
6397  28.234  -70.638  27.090 0.6000000238
6399  26.786  -70.639  27.341 0.5000000000
6420  28.498  -70.399  26.427 0.5000000000
6423  21.252  -70.275  26.210 0.6000000238
6440  29.245  -70.389  26.130 0.6999999881
6455  16.389  -70.849  24.830 0.5000000000
6479  21.582  -70.335  22.613 0.6000000238
6514  22.245  -70.920  18.954 0.8000000119
6528  25.333  -70.815  18.778 0.6999999881
6533  37.173  -70.394  17.362 0.3000000119
6930  20.015  -69.015  31.325 0.4000000060
6932  18.345  -69.521  31.403 0.4000000060
6992  30.078  -70.166  25.267 0.6999999881
7045  34.985  -69.632  20.164 0.4000000060
7068  24.999  -70.055  20.008 0.6000000238
7079  31.201  -69.143  17.834 0.5000000000
7485  19.528  -68.467  31.534 0.4000000060
7495  21.365  -68.392  30.643 0.4000000060
7506  21.936  -68.518  29.424 0.4000000060
7516  21.679  -68.892  28.498 0.4000000060
7579  36.516  -68.309  21.418 0.3000000119
7583  26.523  -68.781  21.888 0.6000000238
7601  21.062  -68.611  19.818 0.6000000238
7639  36.215  -67.442  16.492 0.4000000060
8085  19.782  -67.690  31.576 0.4000000060
8087  17.995  -68.270  31.261 0.3000000119
8266  39.077  -67.221  17.516 0.3000000119
8274  38.160  -66.659  16.829 0.3000000119
8278  37.679  -66.873  16.546 0.3000000119
8280  35.831  -67.049  16.545 0.4000000060
8812  16.778  -66.907  24.402 0.4000000060
8896  36.762  -66.474  16.855 0.4000000060
8901  37.016  -66.759  16.597 0.3000000119
9360  17.861  -66.138  26.917 0.3000000119
9907  23.553  -64.441  30.384 0.4000000060
9908  22.415  -64.849  30.670 0.4000000060
9916  20.564  -64.228  29.869 0.4000000060
9962  16.564  -64.487  24.300 0.4000000060
10541  20.514  -63.420  28.137 0.4000000060
10556  19.968  -63.535  27.568 0.4000000060
10599  17.558  -63.366  23.672 0.3000000119
10601  16.340  -63.508  24.074 0.4000000060
11180  20.154  -62.121  27.099 0.3000000119
11195  18.320  -62.667  25.172 0.3000000119
11197  14.305  -62.518  25.591 0.3000000119
11229  17.054  -62.426  23.061 0.3000000119
11798  19.203  -61.406  25.726 0.3000000119
11838  17.044  -61.736  23.055 0.3000000119
12350  22.577  -60.572  28.368 0.3000000119
12351  22.143  -60.576  27.838 0.3000000119
12361  22.372  -60.153  27.631 0.3000000119
12397  18.459  -60.426  23.755 0.3000000119
12416  17.013  -60.817  23.183 0.3000000119
13059  17.999  -59.492  22.919 0.3000000119
13060  16.802  -59.742  23.547 0.3000000119
13711  19.443  -58.673  22.911 0.3000000119
14344  14.799  -57.706  25.302 0.3000000119
102053  26.994  -74.106  17.959 0.6000000238
102941  19.078  -60.147  24.560 0.3000000119
104114  19.235  -63.025  26.592 0.4000000060
104351  38.208  -72.223  21.967 0.3000000119
105079  17.358  -66.685  26.299 0.3000000119
106626  20.829  -59.887  26.247 0.3000000119
106866  19.384  -73.759  26.063 0.6000000238
108125  18.624  -65.674  28.525 0.3000000119
108276  31.310  -77.170  21.349 0.4000000060
110584  23.918  -74.597  17.916 0.6999999881
111764  37.332  -75.850  29.279 0.3000000119
111982  21.127  -69.488  24.040 0.4000000060
113827  29.250  -73.417  25.386 0.4000000060
114127  17.318  -72.012  29.964 0.6000000238
114422  17.601  -64.088  23.654 0.3000000119
114559  24.397  -77.214  19.634 0.6000000238
115429  21.223  -70.041  26.735 0.6000000238
115640  37.578  -76.302  29.106 0.3000000119
115878  16.994  -63.825  23.155 0.3000000119
116231  18.199  -61.196  24.043 0.3000000119
116542  37.928  -71.486  25.029 0.3000000119
117467  19.217  -72.774  28.460 0.6000000238
117976  17.525  -73.774  26.337 0.6000000238
118616  18.592  -59.804  23.224 0.3000000119
118655  28.410  -70.810  22.301 0.6999999881
118661  19.776  -72.543  27.704 0.6000000238
119126  31.822  -77.283  21.595 0.5000000000
