#!ascii label  , from subject sub-01 vox2ras=TkReg
1870
9353  44.556  -64.959  28.122 0.2000000030
9343  44.747  -64.835  28.745 0.2000000030
105385  44.924  -64.480  28.446 0.2000000030
9344  44.229  -65.287  28.487 0.2000000030
9954  44.707  -64.423  25.614 0.1000000015
9914  44.759  -64.761  29.539 0.3000000119
9368  44.413  -65.163  27.323 0.1000000015
10547  45.143  -64.041  27.916 0.1000000015
9941  44.734  -64.535  26.790 0.1000000015
9953  45.129  -63.720  26.037 0.1000000015
10562  45.377  -63.148  26.485 0.1000000015
102371  45.703  -61.503  24.892 0.1000000015
10576  45.219  -63.473  24.570 0.1000000015
10584  45.420  -62.472  23.934 0.1000000015
11801  45.395  -60.749  24.261 0.2000000030
11187  45.491  -61.312  24.075 0.1000000015
11140  44.875  -63.244  28.405 0.1000000015
11759  44.696  -61.948  27.986 0.1000000015
10533  45.119  -64.039  28.546 0.2000000030
109056  45.386  -62.640  26.896 0.1000000015
11160  45.129  -63.420  27.787 0.1000000015
10546  45.209  -63.496  27.306 0.1000000015
11174  45.607  -62.274  25.909 0.1000000015
11790  45.475  -60.409  25.441 0.1000000015
13020  44.741  -58.602  25.039 0.2000000030
12370  45.138  -59.349  24.890 0.2000000030
13021  44.286  -58.259  25.045 0.1000000015
12380  45.085  -60.032  24.579 0.2000000030
13668  43.697  -57.764  25.473 0.2000000030
13022  43.475  -58.615  25.474 0.1000000015
108621  42.609  -59.034  26.518 0.1000000015
118800  45.410  -62.004  26.861 0.1000000015
12342  44.644  -60.678  27.494 0.1000000015
11774  45.621  -61.523  25.975 0.1000000015
13667  44.103  -57.753  25.472 0.2000000030
13655  43.294  -57.314  26.112 0.2000000030
14315  42.864  -56.743  26.674 0.2000000030
13007  42.911  -58.037  26.025 0.2000000030
13656  42.433  -57.660  26.804 0.1000000015
13008  42.110  -58.702  27.124 0.2000000030
11775  45.276  -61.287  26.820 0.1000000015
106307  45.198  -59.880  26.086 0.1000000015
115183  44.518  -57.930  26.411 0.2000000030
13005  44.508  -58.055  25.434 0.3000000119
14300  42.377  -56.342  27.346 0.3000000119
13644  41.840  -57.292  27.457 0.2000000030
12993  41.483  -58.392  27.710 0.2000000030
11777  41.940  -60.913  27.676 0.2000000030
13654  44.230  -57.371  25.992 0.3000000119
110497  44.992  -58.737  25.416 0.2000000030
14981  42.864  -55.444  27.377 0.3000000119
14982  41.875  -55.988  27.791 0.3000000119
13645  40.826  -58.092  28.300 0.2000000030
101434  41.424  -59.512  28.077 0.2000000030
12345  40.786  -60.154  28.743 0.2000000030
16584  42.572  -54.105  28.016 0.4000000060
14998  43.230  -56.039  26.911 0.3000000119
14324  43.828  -57.299  25.998 0.2000000030
14966  40.913  -56.224  28.508 0.3000000119
13628  40.197  -57.848  28.770 0.2000000030
12994  40.756  -59.180  28.555 0.2000000030
16573  41.804  -53.621  28.514 0.3000000119
15737  42.096  -55.151  27.920 0.3000000119
14967  39.932  -56.261  29.278 0.2000000030
13629  39.471  -58.177  29.316 0.2000000030
14285  39.906  -57.170  29.053 0.2000000030
12982  39.229  -58.991  29.589 0.1000000015
102275  40.041  -58.825  29.113 0.2000000030
109991  39.435  -59.707  29.553 0.2000000030
12981  40.174  -59.852  29.170 0.2000000030
17402  40.949  -53.196  29.128 0.3000000119
16574  40.492  -54.338  29.316 0.3000000119
15725  41.325  -54.735  28.696 0.3000000119
16553  39.627  -53.829  29.857 0.2000000030
15726  40.085  -55.370  29.386 0.3000000119
15708  39.272  -54.906  29.979 0.2000000030
115298  40.823  -55.600  28.791 0.3000000119
15727  38.906  -55.977  29.890 0.1000000015
14968  39.043  -56.891  29.630 0.1000000015
14270  38.083  -58.083  30.015 0.1000000015
113953  38.405  -57.383  29.884 0.1000000015
14955  38.205  -56.784  30.049 0.1000000015
12983  38.540  -59.690  29.997 0.1000000015
17379  40.115  -52.713  29.585 0.2000000030
17380  38.723  -53.155  30.294 0.2000000030
18243  37.301  -52.080  30.454 0.1000000015
16554  38.414  -54.296  30.407 0.1000000015
109442  37.694  -53.784  30.619 0.1000000015
104526  38.125  -55.262  30.408 0.1000000015
14271  37.674  -57.474  30.180 0.1000000015
13609  37.198  -58.219  30.351 0.1000000015
18241  39.526  -52.161  29.743 0.2000000030
17381  37.544  -52.977  30.604 0.1000000015
104910  36.768  -53.763  30.724 0.1000000015
16555  37.252  -54.622  30.693 0.1000000015
118781  36.679  -55.082  30.729 0.1000000015
15709  37.781  -56.099  30.358 0.1000000015
15711  36.265  -55.627  30.714 0.1000000015
106843  37.304  -56.803  30.376 0.1000000015
107428  36.974  -56.159  30.576 0.1000000015
104882  35.817  -53.665  30.636 0.1000000015
105235  36.304  -56.709  30.620 0.1000000015
14272  36.814  -57.495  30.448 0.1000000015
18244  36.282  -52.271  30.330 0.1000000015
10575  45.540  -62.641  25.170 0.1000000015
11161  45.158  -62.479  27.502 0.1000000015
12371  44.208  -59.083  24.859 0.1000000015
14787  36.972  -56.451  46.276 0.5000000000
14114  36.906  -56.805  47.236 0.5000000000
14770  37.001  -56.404  47.860 0.5000000000
14779  36.812  -55.893  47.140 0.5000000000
15505  36.888  -55.134  47.044 0.5000000000
14083  37.931  -57.972  49.134 0.2000000030
109474  37.008  -58.131  48.035 0.2000000030
103383  38.393  -57.381  49.348 0.3000000119
117410  37.777  -57.313  48.958 0.3000000119
14758  37.358  -56.903  48.468 0.5000000000
15486  37.515  -56.148  48.460 0.5000000000
110059  38.253  -56.007  48.941 0.5000000000
116260  37.854  -55.527  48.451 0.5000000000
15485  38.586  -55.296  48.695 0.5000000000
15498  37.235  -55.477  47.813 0.5000000000
15513  36.716  -55.399  46.226 0.5000000000
16285  37.488  -54.529  47.308 0.5000000000
119032  36.780  -56.170  44.883 0.5000000000
13508  38.540  -58.251  41.836 0.5000000000
106074  39.380  -57.532  49.731 0.3000000119
14757  37.962  -56.706  49.001 0.5000000000
16267  38.923  -54.619  48.327 0.5000000000
16268  37.968  -54.851  48.141 0.5000000000
16305  36.969  -54.519  46.530 0.5000000000
15514  36.469  -55.407  45.102 0.5000000000
13524  42.063  -59.090  38.498 0.4000000060
104330  40.721  -58.626  39.179 0.5000000000
13515  40.237  -58.903  40.062 0.5000000000
115127  37.752  -57.558  43.067 0.5000000000
13537  41.855  -58.903  37.923 0.4000000060
13422  39.614  -58.719  49.665 0.3000000119
99771  40.271  -57.188  49.938 0.4000000060
15470  39.121  -55.833  49.241 0.5000000000
15469  40.087  -55.685  49.408 0.5000000000
15484  39.523  -55.108  48.882 0.5000000000
15468  41.083  -55.571  49.496 0.5000000000
15483  40.528  -55.003  48.945 0.5000000000
16266  39.927  -54.553  48.347 0.5000000000
14797  36.476  -55.950  44.258 0.6000000238
13517  38.759  -58.167  40.744 0.5000000000
14139  37.682  -57.715  42.013 0.5000000000
14807  37.097  -57.086  42.674 0.5000000000
113289  42.696  -59.823  37.253 0.4000000060
102565  43.064  -59.591  37.666 0.4000000060
13525  41.198  -58.562  38.363 0.5000000000
12084  41.373  -60.360  52.079 0.1000000015
12101  43.038  -60.668  51.121 0.1000000015
11515  44.010  -60.869  51.660 0.1000000015
12102  42.102  -60.667  51.179 0.1000000015
115928  43.808  -60.686  51.121 0.1000000015
12121  42.448  -60.485  50.840 0.1000000015
12120  43.325  -60.488  50.860 0.1000000015
12119  44.252  -60.505  50.867 0.1000000015
13412  40.926  -59.077  50.243 0.2000000030
14071  40.410  -58.209  50.053 0.3000000119
14747  40.662  -56.385  49.867 0.5000000000
14057  41.968  -58.099  50.333 0.4000000060
14070  41.203  -57.356  50.164 0.4000000060
14746  41.630  -56.333  49.901 0.4000000060
14745  42.513  -56.238  49.832 0.5000000000
15467  41.973  -55.570  49.465 0.5000000000
15482  41.554  -54.895  48.930 0.5000000000
16323  36.621  -54.504  45.712 0.5000000000
103940  38.158  -57.808  41.106 0.5000000000
13526  39.905  -58.115  39.298 0.5000000000
12889  42.333  -59.389  37.574 0.4000000060
11682  43.486  -61.252  36.619 0.5000000000
11464  42.872  -62.227  54.295 0.1000000015
11486  41.978  -61.128  53.994 0.1000000015
12069  42.745  -60.741  53.217 0.1000000015
119479  42.880  -60.646  52.426 0.1000000015
12082  43.004  -60.699  51.701 0.1000000015
11514  45.225  -61.531  52.059 0.1000000015
11484  43.864  -61.434  53.374 0.1000000015
12068  43.551  -60.868  52.542 0.1000000015
12099  45.696  -61.311  51.465 0.1000000015
12743  47.439  -59.804  50.629 0.2000000030
103856  48.747  -59.051  50.944 0.2000000030
12748  41.285  -59.829  50.430 0.1000000015
12747  42.063  -59.869  50.501 0.1000000015
12746  42.907  -59.899  50.569 0.1000000015
111489  44.837  -60.023  50.569 0.1000000015
108705  46.458  -59.663  50.513 0.2000000030
13411  41.665  -59.022  50.399 0.2000000030
13409  43.425  -59.095  50.523 0.1000000015
118411  43.171  -58.490  50.493 0.2000000030
14054  44.681  -57.979  50.477 0.2000000030
109132  46.913  -58.988  50.465 0.2000000030
13406  48.059  -59.005  50.581 0.2000000030
13410  42.569  -58.920  50.480 0.2000000030
14056  42.917  -57.895  50.412 0.2000000030
117881  43.468  -57.607  50.405 0.3000000119
14732  44.800  -57.162  50.317 0.3000000119
106349  44.002  -56.591  50.115 0.4000000060
116249  43.285  -56.051  49.797 0.5000000000
114199  36.165  -55.720  43.641 0.5000000000
15466  42.725  -55.496  49.460 0.4000000060
15547  35.942  -55.790  41.932 0.5000000000
15548  35.630  -55.121  42.536 0.5000000000
15538  35.790  -55.089  43.430 0.5000000000
107670  37.025  -56.625  40.821 0.5000000000
14815  36.506  -56.301  41.357 0.5000000000
14808  36.474  -56.446  42.314 0.5000000000
16283  39.360  -54.107  47.752 0.5000000000
105683  38.755  -57.218  39.511 0.5000000000
14822  38.183  -56.869  39.728 0.5000000000
14161  37.630  -57.194  40.758 0.5000000000
16335  36.352  -54.427  44.826 0.5000000000
101633  41.091  -58.524  37.816 0.5000000000
104569  40.451  -58.176  38.600 0.5000000000
14814  36.995  -56.959  41.645 0.5000000000
104463  36.097  -55.166  44.233 0.6000000238
14160  38.425  -57.484  40.272 0.5000000000
112953  42.632  -60.281  36.906 0.4000000060
10827  43.705  -63.723  54.314 0.1000000015
11485  43.051  -61.496  53.823 0.1000000015
11463  44.004  -62.602  53.916 0.1000000015
110724  45.173  -63.094  53.760 0.1000000015
11447  46.135  -61.526  55.131 0.1000000015
10841  45.004  -62.699  53.467 0.1000000015
11500  44.611  -61.441  52.680 0.1000000015
11498  46.015  -62.207  52.775 0.1000000015
11513  46.010  -61.854  52.080 0.1000000015
11512  46.505  -61.415  51.570 0.1000000015
12097  47.534  -60.550  51.257 0.1000000015
12118  45.856  -60.236  50.654 0.1000000015
12096  48.049  -60.074  51.005 0.2000000030
12742  48.195  -59.716  50.886 0.2000000030
14053  45.533  -57.710  50.377 0.3000000119
111095  46.355  -57.536  50.327 0.3000000119
14051  48.126  -58.042  50.492 0.2000000030
15465  44.005  -55.741  49.779 0.4000000060
14730  46.385  -56.748  50.260 0.3000000119
111427  43.379  -55.364  49.485 0.4000000060
17209  35.735  -53.671  43.362 0.5000000000
115282  36.225  -53.351  43.834 0.5000000000
17190  36.429  -53.698  44.496 0.5000000000
15481  42.297  -55.052  49.142 0.5000000000
18083  37.583  -52.440  43.569 0.5000000000
18070  38.050  -52.550  44.354 0.5000000000
18051  38.652  -52.680  45.081 0.5000000000
18052  37.689  -52.972  45.197 0.5000000000
17172  36.874  -53.624  45.288 0.6000000238
16265  40.913  -54.542  48.258 0.5000000000
16264  42.330  -54.625  48.629 0.5000000000
18050  39.631  -52.665  44.858 0.5000000000
17169  39.320  -52.830  45.832 0.5000000000
17133  37.949  -53.884  47.098 0.5000000000
17171  37.471  -53.414  46.001 0.5000000000
16322  36.977  -53.893  46.097 0.5000000000
11070  43.463  -62.893  35.835 0.4000000060
11059  42.963  -62.061  36.237 0.4000000060
106288  43.183  -60.651  36.834 0.4000000060
12679  45.161  -60.009  55.007 0.1000000015
110261  46.358  -60.664  55.052 0.1000000015
12678  46.029  -60.136  54.653 0.1000000015
10853  45.563  -62.491  53.314 0.1000000015
10825  45.629  -62.694  53.785 0.1000000015
11461  46.515  -61.497  54.060 0.1000000015
12054  46.608  -60.581  54.283 0.1000000015
10824  46.116  -62.183  53.713 0.1000000015
12067  46.880  -60.990  53.482 0.1000000015
106124  46.102  -59.638  53.804 0.1000000015
12081  46.983  -61.272  52.549 0.1000000015
12066  47.213  -60.560  52.918 0.1000000015
12693  47.461  -59.863  52.701 0.1000000015
111351  47.511  -58.590  52.692 0.2000000030
13378  48.282  -58.457  52.330 0.2000000030
13377  48.797  -58.769  51.462 0.2000000030
13394  49.004  -58.808  51.007 0.2000000030
13393  49.237  -58.320  50.934 0.2000000030
17148  49.185  -53.606  47.150 0.2000000030
98897  47.254  -57.386  50.350 0.2000000030
17149  47.853  -54.025  46.446 0.2000000030
117767  47.614  -53.639  47.080 0.2000000030
111546  47.116  -53.507  47.595 0.2000000030
17112  46.589  -53.537  48.210 0.2000000030
16318  45.941  -54.312  45.588 0.2000000030
16300  45.554  -53.996  46.290 0.2000000030
17129  45.599  -53.699  47.158 0.2000000030
17113  45.782  -53.599  48.045 0.3000000119
17114  44.870  -53.732  47.868 0.2000000030
16261  45.297  -53.915  48.734 0.4000000060
16334  43.843  -53.625  45.057 0.2000000030
16319  44.487  -53.836  45.581 0.3000000119
16320  43.821  -53.778  45.952 0.3000000119
16302  43.613  -53.865  46.746 0.4000000060
16278  44.211  -53.843  47.265 0.3000000119
103123  44.059  -53.960  48.066 0.4000000060
16262  44.406  -54.134  48.767 0.5000000000
16248  43.981  -54.828  49.357 0.4000000060
18068  39.957  -52.687  43.912 0.5000000000
17187  41.389  -53.059  44.359 0.4000000060
102847  41.964  -53.320  45.110 0.4000000060
17166  42.520  -53.629  45.781 0.4000000060
106379  41.574  -53.489  45.973 0.4000000060
17152  42.282  -53.825  46.554 0.5000000000
16303  42.816  -54.016  47.053 0.5000000000
16279  43.351  -54.067  47.717 0.5000000000
17167  41.083  -53.113  45.215 0.5000000000
17168  40.257  -52.869  45.450 0.5000000000
112988  40.155  -53.098  46.171 0.5000000000
17155  38.749  -53.220  46.403 0.5000000000
17156  38.045  -53.453  46.564 0.5000000000
17131  39.800  -53.708  47.184 0.5000000000
16282  40.328  -54.127  47.708 0.5000000000
13353  42.474  -58.588  54.542 0.1000000015
12669  43.359  -59.232  55.058 0.1000000015
13352  43.215  -59.045  54.070 0.1000000015
13364  43.402  -58.665  53.407 0.1000000015
12695  44.865  -59.520  53.939 0.1000000015
13363  44.236  -58.879  53.301 0.1000000015
13382  43.765  -58.216  52.868 0.1000000015
13361  46.381  -59.052  53.186 0.1000000015
13380  45.700  -58.232  52.811 0.1000000015
12714  47.190  -59.132  52.907 0.1000000015
13379  46.758  -58.231  52.806 0.2000000030
14028  46.126  -57.383  52.605 0.2000000030
104510  47.514  -58.026  52.712 0.2000000030
101435  48.944  -58.102  51.900 0.2000000030
14050  49.098  -57.936  50.687 0.2000000030
17125  49.609  -53.299  48.043 0.1000000015
17126  48.703  -53.343  47.884 0.2000000030
17127  47.871  -53.443  47.773 0.2000000030
17110  48.245  -53.456  48.600 0.2000000030
14729  48.330  -57.184  50.449 0.2000000030
17108  51.661  -52.870  49.112 0.1000000015
17109  50.232  -53.165  48.883 0.1000000015
17094  50.033  -53.484  49.440 0.1000000015
17097  46.880  -53.735  48.946 0.1000000015
16260  46.110  -53.787  48.794 0.2000000030
14743  45.553  -56.063  50.130 0.3000000119
15451  47.236  -56.507  50.304 0.2000000030
111053  46.459  -54.160  49.293 0.1000000015
16246  45.787  -54.336  49.315 0.3000000119
15463  45.599  -55.154  49.752 0.2000000030
16304  42.051  -54.084  47.317 0.5000000000
16280  42.526  -54.238  47.873 0.5000000000
119346  42.928  -54.402  48.429 0.5000000000
103778  41.772  -54.400  48.104 0.5000000000
17154  40.818  -53.475  46.438 0.5000000000
17130  40.655  -53.761  47.089 0.5000000000
16281  41.239  -54.133  47.557 0.5000000000
117057  40.169  -53.462  46.697 0.5000000000
13354  41.653  -58.011  54.533 0.1000000015
14017  41.423  -57.587  53.726 0.1000000015
14032  41.704  -57.236  52.913 0.1000000015
14016  42.154  -57.869  53.232 0.1000000015
14031  42.911  -58.115  52.955 0.1000000015
14711  41.965  -56.637  52.456 0.1000000015
14030  44.195  -57.501  52.579 0.1000000015
14710  43.658  -56.653  52.349 0.1000000015
14029  45.141  -57.432  52.573 0.1000000015
14027  47.098  -57.391  52.675 0.2000000030
14707  47.630  -56.745  52.593 0.2000000030
14025  48.705  -57.763  52.292 0.2000000030
101602  48.625  -57.098  52.550 0.2000000030
14040  49.572  -57.745  51.239 0.2000000030
14049  49.588  -57.575  50.993 0.2000000030
18004  53.268  -52.306  49.896 0.1000000015
17092  52.490  -52.893  50.334 0.1000000015
17095  48.820  -53.667  49.325 0.1000000015
106448  48.943  -56.638  50.522 0.1000000015
14728  49.376  -57.214  50.732 0.2000000030
16243  48.951  -54.242  49.875 0.1000000015
16244  48.180  -54.270  49.650 0.1000000015
16245  47.226  -54.407  49.588 0.1000000015
105645  46.412  -54.840  49.722 0.2000000030
14742  46.373  -55.799  50.137 0.2000000030
15400  39.991  -56.104  53.190 0.1000000015
14697  41.001  -56.997  53.241 0.1000000015
103579  39.223  -54.705  52.342 0.1000000015
14712  41.312  -56.684  52.711 0.1000000015
16217  40.520  -54.903  51.794 0.1000000015
15438  41.046  -55.384  51.864 0.1000000015
109944  42.738  -56.461  52.314 0.1000000015
15417  44.592  -56.124  52.133 0.1000000015
108242  45.513  -56.521  52.339 0.1000000015
15416  45.305  -55.703  51.952 0.1000000015
15415  46.177  -55.836  52.157 0.1000000015
106996  48.375  -56.227  52.520 0.2000000030
14024  49.426  -57.500  52.010 0.2000000030
14706  49.317  -56.644  52.456 0.2000000030
14705  49.920  -56.764  52.169 0.2000000030
14704  50.465  -56.281  52.157 0.1000000015
14719  49.955  -57.011  51.620 0.2000000030
18869  52.808  -51.454  50.214 0.1000000015
18828  52.858  -52.134  51.141 0.1000000015
17958  52.760  -52.622  51.255 0.1000000015
17072  51.559  -53.798  50.606 0.1000000015
14727  49.921  -56.877  51.179 0.2000000030
17960  51.849  -52.704  51.725 0.1000000015
16227  52.001  -54.085  51.714 0.1000000015
16242  49.880  -53.962  50.066 0.1000000015
16230  49.556  -54.840  50.408 0.1000000015
15462  47.982  -55.126  50.175 0.1000000015
15449  49.005  -55.738  50.503 0.2000000030
16218  39.841  -54.358  51.657 0.1000000015
107182  40.772  -54.162  51.372 0.1000000015
104821  41.320  -54.717  51.558 0.1000000015
15436  42.674  -55.243  51.725 0.1000000015
15434  44.483  -55.278  51.749 0.1000000015
15433  45.811  -55.281  51.800 0.1000000015
15432  46.566  -55.131  51.824 0.1000000015
102120  47.283  -55.831  52.324 0.1000000015
15431  47.560  -54.970  51.962 0.2000000030
15414  48.209  -55.537  52.353 0.2000000030
16195  48.639  -54.949  52.184 0.1000000015
17981  48.860  -51.933  50.754 0.1000000015
17961  49.930  -52.462  51.304 0.1000000015
100563  48.948  -52.669  51.290 0.1000000015
17048  49.732  -53.432  51.710 0.1000000015
16209  49.125  -54.229  51.902 0.1000000015
16194  49.858  -55.046  52.437 0.1000000015
18870  51.653  -51.422  50.347 0.1000000015
18845  51.399  -51.688  50.895 0.1000000015
18830  51.110  -52.236  51.356 0.1000000015
101331  51.012  -53.168  51.889 0.1000000015
116471  50.636  -53.784  52.148 0.1000000015
16192  51.491  -54.805  52.196 0.1000000015
15411  51.081  -55.533  52.168 0.1000000015
14718  50.489  -56.293  51.687 0.1000000015
115060  51.899  -54.171  52.041 0.1000000015
16207  51.670  -54.895  51.989 0.1000000015
15447  50.957  -55.582  51.569 0.1000000015
98768  49.714  -56.568  50.832 0.1000000015
17057  40.245  -53.749  51.166 0.1000000015
17055  42.612  -53.851  51.206 0.1000000015
16215  43.081  -54.494  51.483 0.1000000015
16213  44.830  -54.470  51.475 0.1000000015
16212  45.782  -54.535  51.523 0.1000000015
18848  45.953  -51.682  50.266 0.1000000015
17983  46.270  -52.422  50.654 0.1000000015
17051  46.565  -53.189  51.092 0.1000000015
16211  46.826  -54.145  51.521 0.1000000015
18873  47.595  -51.110  49.765 0.1000000015
18874  46.643  -51.170  49.854 0.1000000015
17963  47.137  -52.479  50.849 0.1000000015
17050  47.467  -53.275  51.317 0.1000000015
16210  47.972  -54.151  51.706 0.1000000015
18846  48.198  -51.406  50.197 0.1000000015
17982  47.728  -51.858  50.549 0.1000000015
17054  43.506  -53.785  51.222 0.1000000015
17075  43.959  -53.137  50.812 0.1000000015
17053  44.379  -53.776  51.212 0.1000000015
17985  43.529  -52.469  50.456 0.1000000015
17052  45.250  -53.797  51.208 0.1000000015
18875  45.551  -51.138  49.773 0.1000000015
18849  45.006  -51.649  50.194 0.1000000015
17074  44.871  -53.142  50.767 0.1000000015
107838  46.023  -53.755  51.256 0.1000000015
16284  38.349  -54.228  47.663 0.5000000000
14748  39.692  -56.522  49.654 0.4000000060
14069  42.238  -57.117  50.213 0.4000000060
109423  45.255  -60.689  50.952 0.1000000015
14055  43.194  -56.956  50.188 0.4000000060
114690  44.536  -63.554  54.190 0.1000000015
116075  46.096  -58.951  50.410 0.3000000119
12724  48.535  -59.450  51.025 0.2000000030
108436  44.487  -59.020  50.498 0.2000000030
13408  45.425  -58.524  50.433 0.2000000030
111036  43.742  -58.192  50.510 0.2000000030
13407  46.238  -58.287  50.380 0.3000000119
14733  43.999  -57.413  50.383 0.3000000119
14052  47.168  -58.198  50.410 0.2000000030
14744  44.775  -56.319  50.109 0.3000000119
16361  35.561  -54.328  43.083 0.5000000000
10826  45.109  -63.287  54.221 0.1000000015
10807  45.731  -62.427  54.536 0.1000000015
12055  46.521  -61.129  54.928 0.1000000015
11499  45.360  -62.061  52.911 0.1000000015
11497  46.492  -61.724  52.233 0.1000000015
11482  46.422  -61.891  53.135 0.1000000015
11496  47.101  -61.228  51.708 0.1000000015
12098  46.278  -60.941  51.015 0.1000000015
12117  46.875  -60.452  50.725 0.1000000015
12713  47.832  -59.807  52.051 0.1000000015
12712  48.309  -59.348  51.765 0.2000000030
14731  45.592  -56.944  50.264 0.3000000119
15464  44.778  -55.426  49.759 0.4000000060
18084  36.664  -52.698  43.445 0.5000000000
17189  37.044  -52.983  44.356 0.5000000000
12680  44.073  -59.520  54.492 0.1000000015
12694  47.026  -59.964  53.507 0.1000000015
13362  45.282  -58.963  53.266 0.1000000015
14026  48.004  -57.574  52.639 0.2000000030
112580  48.310  -53.648  47.065 0.2000000030
16297  48.720  -54.128  46.368 0.2000000030
16299  46.473  -54.154  46.080 0.2000000030
17151  46.193  -53.840  46.665 0.2000000030
17128  46.361  -53.587  47.367 0.2000000030
17096  47.742  -53.719  49.114 0.1000000015
106613  45.191  -54.059  45.645 0.2000000030
16277  44.947  -53.777  46.948 0.3000000119
17165  42.859  -53.461  45.006 0.5000000000
113685  43.242  -53.679  45.642 0.4000000060
16333  44.869  -53.910  44.848 0.2000000030
16321  43.056  -53.866  46.296 0.4000000060
16263  43.581  -54.333  48.666 0.5000000000
16247  44.933  -54.571  49.354 0.3000000119
17208  40.809  -52.884  43.685 0.5000000000
17186  42.275  -53.286  44.206 0.5000000000
13366  42.005  -58.194  53.883 0.1000000015
13365  42.638  -58.466  53.632 0.1000000015
12696  43.874  -59.214  53.760 0.1000000015
110470  43.388  -57.601  52.638 0.1000000015
13381  44.709  -58.229  52.829 0.1000000015
104391  49.187  -53.308  48.741 0.1000000015
17093  51.140  -53.165  49.517 0.1000000015
14018  40.713  -57.190  53.886 0.1000000015
107001  42.602  -57.281  52.623 0.1000000015
15420  41.329  -56.044  52.255 0.1000000015
14709  44.630  -56.809  52.400 0.1000000015
14708  46.621  -56.572  52.469 0.2000000030
18003  53.392  -51.954  50.112 0.1000000015
17978  53.078  -52.125  50.917 0.1000000015
15450  48.067  -56.146  50.386 0.2000000030
16229  50.851  -54.921  50.885 0.1000000015
14713  40.674  -56.418  52.829 0.1000000015
15422  39.462  -55.402  52.888 0.1000000015
16196  39.883  -55.031  52.200 0.1000000015
15421  40.387  -55.647  52.399 0.1000000015
15419  42.284  -55.946  52.069 0.1000000015
15437  41.793  -55.352  51.760 0.1000000015
15418  43.144  -55.878  52.043 0.1000000015
115062  43.895  -55.825  52.005 0.1000000015
111945  45.236  -55.066  51.687 0.1000000015
104182  50.027  -56.264  52.429 0.2000000030
15412  50.427  -55.706  52.425 0.1000000015
18843  53.134  -51.802  50.598 0.1000000015
18829  52.155  -52.103  51.347 0.1000000015
17071  52.557  -53.195  51.252 0.1000000015
16228  51.566  -54.771  51.516 0.1000000015
15448  50.206  -55.840  50.910 0.1000000015
16216  42.194  -54.585  51.482 0.1000000015
15435  43.540  -55.196  51.723 0.1000000015
16214  43.962  -54.467  51.497 0.1000000015
99101  49.230  -51.467  50.275 0.1000000015
17980  50.145  -51.814  50.780 0.1000000015
17049  48.487  -53.357  51.493 0.1000000015
17962  48.060  -52.546  51.048 0.1000000015
16208  50.327  -54.319  52.272 0.1000000015
16193  50.930  -54.996  52.451 0.1000000015
17078  41.021  -53.381  50.860 0.1000000015
17056  41.678  -53.965  51.233 0.1000000015
17077  42.104  -53.257  50.846 0.1000000015
108033  46.843  -51.762  50.420 0.1000000015
17073  45.732  -53.140  50.859 0.1000000015
17984  45.387  -52.374  50.526 0.1000000015
18847  47.392  -51.400  50.158 0.1000000015
17076  43.051  -53.174  50.849 0.1000000015
116701  44.457  -52.405  50.465 0.1000000015
18850  44.054  -51.725  50.115 0.1000000015
19714  45.007  -50.741  49.265 0.1000000015
104889  39.292  -59.692  44.613 0.1000000015
99453  40.345  -59.431  44.631 0.1000000015
12809  38.962  -58.785  44.915 0.1000000015
99975  37.441  -58.691  45.858 0.1000000015
13463  37.130  -58.256  46.573 0.1000000015
12799  36.954  -59.360  46.584 0.1000000015
112709  37.112  -58.854  48.051 0.1000000015
12191  40.884  -60.113  44.581 0.2000000030
13435  37.591  -58.597  48.625 0.1000000015
12823  41.313  -59.137  44.556 0.2000000030
12824  39.873  -58.754  44.675 0.1000000015
13473  42.393  -58.888  44.152 0.2000000030
13468  38.473  -58.155  45.350 0.1000000015
105552  36.896  -57.724  47.324 0.1000000015
111027  43.066  -59.256  44.192 0.2000000030
99742  40.612  -58.788  44.525 0.2000000030
13476  39.335  -58.117  44.814 0.2000000030
14098  36.978  -57.271  47.932 0.3000000119
13469  37.689  -57.797  45.819 0.3000000119
108383  37.171  -57.294  46.485 0.3000000119
100229  40.244  -58.347  44.335 0.2000000030
12842  43.344  -59.396  43.034 0.2000000030
14122  38.481  -57.755  45.237 0.2000000030
13494  42.014  -58.786  43.538 0.2000000030
12245  47.784  -61.388  39.798 0.1000000015
12841  44.259  -59.496  43.436 0.2000000030
13482  42.147  -58.671  44.001 0.2000000030
12832  42.743  -58.921  43.890 0.2000000030
14123  37.592  -57.272  45.627 0.3000000119
12223  45.845  -60.338  42.176 0.1000000015
12211  44.953  -59.826  42.898 0.1000000015
13484  40.793  -58.401  43.861 0.2000000030
14125  39.595  -58.019  44.305 0.2000000030
105057  47.303  -60.930  41.123 0.1000000015
12224  44.756  -60.210  41.818 0.2000000030
13483  41.574  -58.558  43.914 0.2000000030
12851  44.106  -59.803  42.400 0.2000000030
12246  46.725  -61.022  39.355 0.1000000015
12235  47.037  -60.999  40.338 0.1000000015
101061  46.184  -60.751  39.946 0.1000000015
13495  41.214  -58.686  43.266 0.2000000030
13485  40.154  -58.177  43.934 0.2000000030
14126  38.809  -57.697  44.636 0.4000000060
101885  45.290  -60.464  41.158 0.1000000015
13486  39.539  -58.085  43.624 0.4000000060
101142  37.365  -56.720  45.221 0.4000000060
12225  44.021  -60.137  41.444 0.3000000119
99162  42.610  -59.532  42.279 0.3000000119
12237  44.501  -60.393  40.785 0.4000000060
14131  39.113  -57.707  44.051 0.4000000060
116618  41.768  -59.321  42.420 0.3000000119
112799  42.878  -59.928  40.742 0.4000000060
12852  43.248  -59.858  41.673 0.3000000119
17146  51.499  -53.772  47.024 0.1000000015
17147  50.296  -53.604  47.318 0.1000000015
14127  37.841  -57.219  44.492 0.4000000060
12844  40.660  -59.220  42.092 0.4000000060
14132  38.325  -57.511  43.920 0.5000000000
12854  41.348  -59.571  41.375 0.4000000060
12853  42.223  -59.766  41.295 0.3000000119
16296  49.663  -54.242  46.405 0.1000000015
16295  50.650  -54.385  46.335 0.1000000015
14796  37.093  -56.592  44.310 0.4000000060
13498  38.536  -58.040  43.063 0.5000000000
105028  48.178  -54.463  45.784 0.1000000015
16330  47.746  -54.782  44.583 0.1000000015
16316  47.586  -54.588  45.287 0.1000000015
102736  46.175  -54.474  44.952 0.1000000015
12192  39.814  -60.475  44.405 0.1000000015
12810  37.929  -59.172  45.232 0.1000000015
13450  36.923  -58.636  47.393 0.1000000015
12826  37.651  -60.063  45.105 0.1000000015
12791  37.098  -59.465  47.630 0.1000000015
13434  38.289  -58.702  49.113 0.1000000015
16317  46.773  -54.417  45.446 0.1000000015
12843  42.501  -59.196  43.050 0.2000000030
114009  38.086  -57.405  45.092 0.4000000060
13496  40.246  -58.497  43.158 0.3000000119
13497  39.317  -58.469  42.591 0.4000000060
12153  37.024  -60.254  47.189 0.1000000015
108216  38.401  -65.059  36.060 0.1000000015
9289  37.806  -65.474  35.753 0.1000000015
8680  39.098  -66.111  34.895 0.1000000015
9290  37.117  -65.851  35.745 0.1000000015
9288  39.483  -65.469  35.376 0.1000000015
9269  37.960  -65.184  36.663 0.1000000015
9271  36.657  -66.145  36.008 0.1000000015
8684  35.144  -66.783  35.282 0.1000000015
8682  36.669  -66.115  35.274 0.1000000015
5166  37.706  -72.883  39.806 0.1000000015
6299  36.367  -69.895  36.486 0.1000000015
6883  35.695  -69.118  36.352 0.1000000015
9872  39.061  -64.889  35.912 0.1000000015
7432  35.783  -68.248  36.559 0.1000000015
8029  35.719  -67.327  36.355 0.1000000015
9871  39.872  -64.868  35.836 0.1000000015
8666  35.585  -66.887  35.891 0.1000000015
9287  40.297  -65.555  35.349 0.1000000015
6251  37.285  -71.079  41.106 0.1000000015
4659  38.470  -73.381  39.623 0.1000000015
4658  39.267  -73.625  39.408 0.1000000015
6805  38.251  -69.140  42.303 0.1000000015
6241  37.636  -70.423  41.441 0.1000000015
5676  37.790  -71.761  40.680 0.1000000015
5155  38.310  -72.601  40.345 0.1000000015
101275  40.116  -73.515  37.873 0.1000000015
5721  39.040  -71.960  36.369 0.1000000015
6297  37.090  -70.619  36.519 0.1000000015
9858  39.415  -64.445  36.500 0.1000000015
9859  38.668  -64.708  36.594 0.1000000015
9270  37.290  -65.743  36.382 0.1000000015
9857  40.258  -64.404  36.396 0.1000000015
8679  39.922  -66.256  34.854 0.1000000015
5154  39.254  -72.701  40.195 0.1000000015
5164  39.737  -73.268  39.698 0.1000000015
7363  38.662  -68.580  42.835 0.1000000015
6818  38.773  -69.588  41.914 0.1000000015
6250  38.100  -71.076  41.065 0.1000000015
6249  39.177  -70.863  40.781 0.1000000015
5153  40.387  -72.627  39.917 0.1000000015
4657  40.104  -73.493  39.198 0.1000000015
5181  40.731  -72.936  37.933 0.1000000015
5719  40.438  -72.410  36.962 0.1000000015
5720  40.017  -72.265  36.547 0.1000000015
5706  40.313  -71.762  37.211 0.1000000015
107751  38.659  -70.382  37.662 0.1000000015
6290  37.942  -70.716  37.081 0.1000000015
6869  37.778  -69.765  37.514 0.1000000015
6870  37.147  -69.035  37.326 0.1000000015
8653  37.233  -66.419  37.464 0.1000000015
10461  39.851  -63.927  37.064 0.1000000015
9843  38.381  -64.806  37.203 0.1000000015
8665  36.186  -66.678  36.351 0.1000000015
109785  41.052  -64.440  36.470 0.1000000015
118621  40.792  -64.982  35.836 0.1000000015
5684  42.377  -71.860  40.127 0.1000000015
7347  38.936  -68.239  43.512 0.1000000015
6804  39.052  -69.121  42.501 0.1000000015
6240  38.504  -70.297  41.441 0.1000000015
6239  39.676  -70.026  41.353 0.1000000015
6248  40.370  -70.837  40.651 0.1000000015
5673  41.240  -71.869  40.269 0.1000000015
5162  41.530  -72.507  39.364 0.1000000015
119062  42.104  -71.752  38.784 0.1000000015
6288  40.803  -71.306  37.786 0.1000000015
6276  40.373  -70.438  38.232 0.1000000015
7362  39.417  -68.774  43.068 0.1000000015
7346  39.664  -68.569  43.746 0.1000000015
115589  39.572  -69.445  42.039 0.1000000015
6817  40.429  -69.621  41.860 0.1000000015
6238  40.997  -70.228  41.194 0.1000000015
6289  39.785  -70.884  37.711 0.1000000015
7415  38.167  -68.585  38.110 0.1000000015
7424  37.742  -69.018  37.733 0.1000000015
116608  38.698  -68.178  38.438 0.1000000015
8022  37.223  -67.242  37.697 0.1000000015
107608  37.364  -68.194  37.645 0.1000000015
117915  38.219  -65.441  38.010 0.1000000015
8646  37.650  -66.772  38.022 0.1000000015
7425  36.566  -68.273  37.160 0.1000000015
10450  39.616  -63.662  37.922 0.1000000015
9258  38.041  -65.301  37.484 0.1000000015
10449  40.598  -63.541  37.626 0.1000000015
9840  41.340  -63.959  37.104 0.1000000015
118196  41.546  -64.906  36.163 0.1000000015
9855  42.771  -64.822  36.715 0.1000000015
9856  41.889  -64.555  36.665 0.1000000015
5672  42.872  -71.361  40.628 0.1000000015
117698  42.657  -71.794  40.011 0.1000000015
7940  39.287  -67.911  45.022 0.1000000015
7316  39.827  -68.563  45.329 0.1000000015
7345  40.373  -69.007  43.910 0.1000000015
6816  41.399  -70.016  41.787 0.1000000015
115346  41.417  -70.982  40.693 0.1000000015
6247  42.188  -71.482  40.559 0.1000000015
114534  42.764  -71.659  39.856 0.1000000015
6274  42.120  -70.948  38.668 0.1000000015
6856  41.182  -70.028  38.692 0.1000000015
7335  39.827  -68.466  44.527 0.1000000015
7361  40.190  -69.045  43.139 0.1000000015
6842  41.466  -69.321  39.202 0.1000000015
6857  40.001  -69.569  38.590 0.1000000015
6858  39.076  -69.018  38.446 0.1000000015
118060  39.749  -68.968  38.765 0.1000000015
7414  39.507  -68.278  38.808 0.1000000015
103983  39.366  -66.064  39.199 0.1000000015
8644  39.087  -66.716  38.916 0.1000000015
10437  40.239  -63.273  38.481 0.1000000015
10421  40.190  -63.193  39.316 0.1000000015
10438  39.591  -63.642  38.830 0.1000000015
102041  39.050  -64.185  38.334 0.1000000015
9244  38.619  -65.703  38.579 0.1000000015
11034  41.315  -62.700  39.122 0.1000000015
9826  38.502  -64.881  37.979 0.1000000015
10436  41.030  -63.074  38.369 0.1000000015
11033  42.081  -62.574  39.285 0.1000000015
10448  41.560  -63.481  37.790 0.1000000015
9839  42.305  -64.079  37.329 0.1000000015
9838  44.003  -64.674  37.367 0.1000000015
6178  37.906  -70.432  46.792 0.1000000015
7296  38.706  -68.484  46.443 0.1000000015
7317  39.130  -68.131  45.762 0.1000000015
6748  40.554  -70.398  45.515 0.1000000015
111156  40.932  -69.805  44.686 0.1000000015
113648  42.931  -71.523  40.213 0.1000000015
7295  39.552  -68.864  46.126 0.1000000015
7315  40.449  -69.091  44.739 0.1000000015
6791  40.950  -69.584  43.228 0.1000000015
6225  42.502  -70.652  41.901 0.1000000015
6236  43.316  -70.955  41.319 0.1000000015
5671  43.244  -71.207  40.124 0.1000000015
6260  43.360  -70.762  39.943 0.1000000015
6855  42.259  -70.061  39.138 0.1000000015
6246  43.492  -70.762  40.530 0.1000000015
6827  43.386  -69.590  40.318 0.1000000015
7397  42.110  -68.426  39.845 0.1000000015
7413  40.466  -68.959  39.049 0.1000000015
7399  40.281  -67.952  39.275 0.1000000015
7398  41.312  -68.425  39.466 0.1000000015
114964  40.886  -67.598  39.584 0.1000000015
8629  40.047  -66.895  39.490 0.1000000015
9228  39.256  -65.210  39.228 0.1000000015
10405  39.791  -63.771  39.638 0.1000000015
9222  39.803  -64.623  39.870 0.1000000015
109954  41.553  -62.403  40.022 0.1000000015
11014  40.981  -62.666  40.299 0.1000000015
11027  42.494  -62.290  40.119 0.1000000015
105474  42.647  -63.067  38.593 0.1000000015
115337  42.292  -63.477  37.995 0.1000000015
10447  43.191  -63.840  37.863 0.1000000015
108244  43.165  -64.495  37.205 0.1000000015
6206  42.365  -70.905  44.006 0.1000000015
6205  43.002  -70.851  43.850 0.1000000015
5615  38.062  -71.699  46.406 0.1000000015
100762  38.919  -70.073  46.763 0.1000000015
6177  39.685  -71.196  46.224 0.1000000015
6176  40.353  -70.917  45.735 0.1000000015
6759  41.625  -70.599  44.174 0.1000000015
6215  42.731  -70.739  42.700 0.1000000015
6214  43.444  -70.576  43.011 0.1000000015
116183  44.103  -70.145  43.051 0.1000000015
6749  39.839  -69.899  46.257 0.1000000015
6790  41.901  -70.462  43.371 0.1000000015
6801  44.081  -69.906  41.889 0.1000000015
7359  43.965  -69.193  42.146 0.1000000015
111213  42.847  -68.168  40.996 0.1000000015
6826  43.561  -70.292  40.412 0.1000000015
7382  43.715  -69.775  40.804 0.1000000015
7998  41.611  -67.760  39.907 0.1000000015
105758  40.991  -67.052  39.954 0.1000000015
8619  41.087  -66.431  40.367 0.1000000015
8628  40.534  -66.410  39.958 0.1000000015
9802  40.378  -64.365  40.517 0.1000000015
9227  39.973  -65.768  39.769 0.1000000015
10403  40.925  -63.005  40.903 0.1000000015
10404  40.380  -63.213  40.137 0.1000000015
111107  40.075  -63.908  40.209 0.1000000015
11013  41.419  -62.553  40.654 0.1000000015
11012  42.129  -62.307  40.884 0.1000000015
5108  40.220  -73.057  45.475 0.1000000015
5100  38.085  -73.084  45.648 0.1000000015
5109  39.906  -73.313  45.487 0.1000000015
5097  40.843  -72.559  45.466 0.1000000015
5623  41.582  -71.762  45.150 0.1000000015
5622  42.423  -71.230  45.091 0.1000000015
110929  37.197  -71.429  46.422 0.1000000015
110139  37.371  -72.524  46.037 0.1000000015
5613  39.957  -72.704  45.479 0.1000000015
104253  41.113  -72.152  45.252 0.1000000015
6192  41.735  -71.409  44.800 0.1000000015
6191  42.881  -70.883  44.611 0.1000000015
6204  43.829  -70.299  43.668 0.1000000015
6789  44.132  -69.470  43.442 0.1000000015
102531  44.180  -69.622  42.658 0.1000000015
7360  43.031  -68.379  42.379 0.1000000015
7987  42.210  -67.197  40.991 0.1000000015
8618  41.601  -66.406  40.861 0.1000000015
8611  41.530  -65.747  41.196 0.1000000015
110141  40.606  -65.896  40.233 0.1000000015
9210  41.307  -64.961  41.260 0.1000000015
10987  42.146  -62.659  41.688 0.1000000015
10384  40.492  -63.683  40.607 0.1000000015
102081  43.631  -62.145  41.558 0.1000000015
11011  43.111  -62.071  40.885 0.1000000015
4600  39.139  -73.789  45.590 0.1000000015
5098  40.349  -73.104  45.650 0.1000000015
5610  42.025  -71.530  45.604 0.1000000015
5110  39.085  -73.419  45.495 0.1000000015
111787  43.160  -70.458  45.375 0.1000000015
6757  43.649  -69.687  45.150 0.1000000015
7343  43.978  -68.986  43.022 0.1000000015
7333  43.654  -68.892  44.015 0.1000000015
7344  42.935  -68.407  43.332 0.1000000015
7970  42.318  -67.431  42.257 0.1000000015
8604  41.919  -66.726  42.666 0.1000000015
109200  42.082  -66.837  41.735 0.1000000015
9201  42.286  -65.211  42.447 0.1000000015
8610  41.813  -66.243  41.401 0.1000000015
9794  41.657  -64.188  41.766 0.1000000015
9209  41.823  -65.301  41.745 0.1000000015
10365  43.108  -63.556  42.641 0.1000000015
9795  40.919  -63.975  41.167 0.1000000015
10383  41.513  -63.236  41.558 0.1000000015
105393  43.656  -62.405  42.231 0.1000000015
10985  44.507  -62.135  41.990 0.1000000015
11009  46.135  -62.579  41.025 0.1000000015
4593  39.150  -74.023  45.767 0.1000000015
5099  39.851  -73.602  46.056 0.1000000015
5597  41.400  -71.607  46.974 0.1000000015
113799  42.946  -70.173  46.322 0.1000000015
4594  38.294  -74.494  46.171 0.1000000015
6174  42.517  -70.845  45.957 0.1000000015
7314  43.529  -69.138  44.994 0.1000000015
103507  42.373  -67.922  44.095 0.1000000015
7957  42.210  -67.537  43.202 0.1000000015
8588  41.928  -66.539  43.570 0.1000000015
9755  43.855  -64.924  43.672 0.1000000015
9793  42.215  -64.539  42.245 0.1000000015
9777  42.894  -64.460  42.781 0.1000000015
10364  43.839  -63.097  42.874 0.1000000015
10956  44.564  -62.596  42.714 0.1000000015
10971  45.306  -62.423  42.605 0.1000000015
116951  47.990  -62.581  43.436 0.1000000015
10969  49.145  -62.037  42.389 0.1000000015
5090  38.991  -73.485  47.557 0.1000000015
4585  39.114  -73.928  46.524 0.1000000015
5599  40.062  -72.092  48.154 0.1000000015
101854  41.722  -70.180  48.320 0.1000000015
6737  42.683  -69.443  47.115 0.1000000015
5598  40.654  -72.060  47.470 0.1000000015
6175  42.009  -71.225  46.474 0.1000000015
7294  42.941  -68.929  46.737 0.1000000015
7334  42.544  -68.203  44.996 0.1000000015
9184  42.373  -65.836  43.859 0.1000000015
9756  42.716  -65.275  43.271 0.1000000015
10333  44.056  -62.984  44.903 0.1000000015
10311  45.194  -63.896  45.591 0.1000000015
10310  46.149  -64.344  45.581 0.1000000015
9740  45.974  -64.996  45.225 0.1000000015
10934  45.010  -62.546  44.997 0.1000000015
10919  46.000  -63.267  45.420 0.1000000015
9739  46.578  -64.555  45.148 0.1000000015
111854  43.278  -62.310  44.567 0.1000000015
10935  44.136  -61.893  44.645 0.1000000015
10918  46.845  -62.905  45.437 0.1000000015
10351  47.522  -63.828  44.746 0.1000000015
10353  45.644  -64.283  43.883 0.1000000015
10354  44.549  -64.269  43.486 0.1000000015
112608  44.937  -61.350  44.861 0.1000000015
10917  47.706  -62.753  45.362 0.1000000015
10955  45.741  -62.886  43.321 0.1000000015
10932  48.482  -62.619  44.547 0.1000000015
10954  47.147  -63.017  43.728 0.1000000015
12185  47.557  -60.734  44.559 0.1000000015
115364  48.817  -62.275  43.970 0.1000000015
11626  48.935  -61.696  42.953 0.1000000015
5580  38.521  -72.004  48.660 0.1000000015
5077  39.491  -72.494  48.182 0.1000000015
5579  39.853  -71.726  48.683 0.1000000015
5578  40.479  -71.389  48.604 0.1000000015
5577  41.208  -70.933  48.279 0.1000000015
102800  40.900  -70.634  49.105 0.1000000015
6141  41.984  -69.595  48.614 0.1000000015
7284  42.782  -68.366  47.937 0.1000000015
102226  42.633  -68.378  46.166 0.1000000015
7938  42.103  -67.207  44.905 0.1000000015
9158  42.890  -65.955  45.366 0.1000000015
9157  44.948  -65.507  46.133 0.1000000015
9183  43.318  -65.379  44.126 0.1000000015
10312  43.979  -63.824  45.562 0.1000000015
9723  45.487  -65.002  46.053 0.1000000015
9156  45.523  -65.124  45.862 0.1000000015
9182  44.457  -65.281  44.492 0.1000000015
108218  43.199  -60.541  44.547 0.1000000015
11591  44.244  -60.631  44.651 0.1000000015
6145  38.104  -71.047  48.802 0.1000000015
6129  38.657  -70.371  49.102 0.1000000015
6144  39.252  -71.279  48.977 0.1000000015
6127  40.555  -70.280  49.385 0.1000000015
6126  41.145  -69.964  49.369 0.1000000015
6142  41.528  -69.965  49.005 0.1000000015
6722  42.109  -69.121  49.107 0.1000000015
6721  42.463  -68.915  48.434 0.1000000015
7905  42.831  -67.743  47.467 0.1000000015
106541  42.701  -67.133  46.730 0.1000000015
8552  42.628  -66.632  45.830 0.1000000015
117946  44.631  -65.567  46.575 0.1000000015
102507  43.886  -65.957  46.401 0.1000000015
10313  42.779  -63.865  45.536 0.1000000015
9724  44.025  -64.614  46.408 0.1000000015
9143  44.755  -65.397  46.441 0.1000000015
9166  42.777  -65.739  44.635 0.1000000015
111639  41.311  -63.206  44.709 0.1000000015
9164  45.260  -65.358  45.296 0.1000000015
10336  40.705  -62.742  44.484 0.1000000015
10936  42.526  -62.611  44.548 0.1000000015
6128  39.659  -70.474  49.325 0.1000000015
6709  39.886  -69.673  49.484 0.1000000015
6708  41.601  -69.280  49.364 0.1000000015
7278  42.615  -68.323  49.141 0.1000000015
7261  42.613  -67.945  49.375 0.1000000015
7899  43.323  -67.397  48.441 0.1000000015
8537  43.648  -66.853  47.940 0.1000000015
8536  44.078  -66.199  47.989 0.1000000015
8551  43.690  -66.423  47.212 0.1000000015
9703  44.331  -65.468  47.056 0.1000000015
9144  44.309  -65.689  47.203 0.1000000015
10335  42.138  -63.248  44.779 0.1000000015
10937  40.993  -61.861  44.272 0.1000000015
11594  41.388  -60.852  44.408 0.1000000015
114562  39.068  -69.827  49.316 0.1000000015
108696  39.961  -68.656  49.481 0.1000000015
111190  40.882  -69.390  49.574 0.1000000015
7264  40.694  -68.004  49.547 0.1000000015
119577  40.801  -68.694  49.605 0.1000000015
7878  42.116  -67.863  49.592 0.1000000015
7262  42.162  -68.519  49.422 0.1000000015
7893  43.322  -67.291  48.879 0.1000000015
8529  43.653  -66.672  48.419 0.1000000015
114194  43.806  -65.405  47.501 0.1000000015
9704  43.530  -64.867  46.997 0.1000000015
10314  41.605  -63.729  45.231 0.1000000015
9725  42.075  -64.265  45.914 0.1000000015
11595  40.416  -61.197  44.265 0.1000000015
112555  40.366  -67.228  49.388 0.1000000015
117104  41.440  -67.962  49.621 0.1000000015
7879  41.275  -67.346  49.484 0.1000000015
8505  41.565  -66.756  49.258 0.1000000015
7877  42.833  -67.356  49.243 0.1000000015
8522  42.383  -66.589  49.017 0.1000000015
8521  43.348  -66.729  48.719 0.1000000015
8520  43.869  -66.279  48.194 0.1000000015
9138  43.521  -65.675  47.972 0.1000000015
10939  39.189  -62.381  44.512 0.1000000015
10337  39.783  -62.973  44.595 0.1000000015
117040  42.622  -64.603  46.615 0.1000000015
11597  38.587  -61.815  44.585 0.1000000015
8524  40.168  -66.029  49.021 0.1000000015
107724  40.682  -66.657  49.246 0.1000000015
9140  41.023  -65.389  47.878 0.1000000015
9132  40.627  -65.718  48.526 0.1000000015
8523  41.206  -66.261  48.908 0.1000000015
9141  39.989  -65.264  47.916 0.1000000015
9130  43.021  -66.083  48.476 0.1000000015
9139  42.286  -65.482  47.947 0.1000000015
10940  38.454  -62.559  44.929 0.1000000015
10317  38.457  -63.280  45.489 0.1000000015
10315  40.535  -63.556  45.007 0.1000000015
9726  41.065  -64.179  45.743 0.1000000015
9706  40.658  -64.580  46.435 0.1000000015
111828  42.752  -65.033  47.313 0.1000000015
116481  38.055  -61.435  44.785 0.1000000015
9727  40.024  -64.101  45.743 0.1000000015
9696  39.371  -64.777  47.335 0.1000000015
9131  41.786  -65.896  48.496 0.1000000015
99611  40.297  -64.988  47.148 0.1000000015
10298  39.036  -63.976  45.925 0.1000000015
9695  41.422  -65.065  47.171 0.1000000015
9705  41.729  -64.603  46.514 0.1000000015
6298  36.388  -70.667  35.997 0.1000000015
6881  37.085  -69.862  37.014 0.1000000015
6882  36.447  -69.057  36.813 0.1000000015
110962  38.679  -65.440  35.470 0.1000000015
109109  36.219  -67.506  36.895 0.1000000015
8664  36.874  -66.227  36.758 0.1000000015
8683  35.956  -66.418  35.429 0.1000000015
5156  37.525  -72.306  40.252 0.1000000015
5675  38.679  -71.821  40.559 0.1000000015
5172  40.869  -73.085  38.924 0.1000000015
5707  39.131  -71.365  37.127 0.1000000015
5722  37.906  -71.463  36.333 0.1000000015
9842  38.977  -64.270  37.359 0.1000000015
9259  37.476  -65.746  37.165 0.1000000015
5674  39.838  -71.720  40.316 0.1000000015
5163  40.687  -72.982  39.430 0.1000000015
5705  40.978  -72.150  37.565 0.1000000015
5193  40.525  -72.671  37.136 0.1000000015
5171  41.520  -72.380  38.590 0.1000000015
5692  41.540  -71.614  38.214 0.1000000015
6867  39.307  -69.988  38.189 0.1000000015
6868  38.395  -69.474  37.991 0.1000000015
9245  37.842  -65.969  37.965 0.1000000015
5691  42.612  -71.458  39.278 0.1000000015
6275  41.261  -70.869  38.256 0.1000000015
6803  40.724  -69.535  42.474 0.1000000015
8015  37.981  -67.583  38.192 0.1000000015
8014  38.834  -67.479  38.645 0.1000000015
8645  38.282  -66.680  38.438 0.1000000015
110737  38.876  -64.840  38.674 0.1000000015
6802  41.670  -70.095  42.483 0.1000000015
6237  42.221  -70.830  41.182 0.1000000015
112317  42.870  -70.774  39.380 0.1000000015
6841  42.213  -69.168  39.550 0.1000000015
8013  39.533  -67.474  39.037 0.1000000015
9825  39.308  -64.327  39.132 0.1000000015
6760  41.186  -70.614  44.871 0.1000000015
112068  43.558  -70.717  41.016 0.1000000015
6224  43.441  -70.663  42.155 0.1000000015
6840  43.122  -69.957  39.697 0.1000000015
104312  43.724  -70.448  41.631 0.1000000015
7383  43.338  -68.929  40.750 0.1000000015
7396  42.801  -68.997  40.087 0.1000000015
7384  42.388  -68.093  40.448 0.1000000015
11032  42.882  -62.627  39.330 0.1000000015
5632  42.276  -71.155  44.553 0.1000000015
114003  42.780  -70.800  43.369 0.1000000015
113403  38.718  -71.022  46.620 0.1000000015
6193  41.008  -71.429  45.110 0.1000000015
7372  43.414  -68.683  41.485 0.1000000015
7988  41.678  -67.172  40.444 0.1000000015
9221  40.418  -65.204  40.345 0.1000000015
10986  42.902  -62.307  41.603 0.1000000015
11026  43.639  -62.463  39.924 0.1000000015
5624  40.530  -72.700  45.454 0.1000000015
6190  43.558  -70.391  44.487 0.1000000015
6778  43.944  -69.564  44.293 0.1000000015
10972  42.908  -62.754  42.299 0.1000000015
11010  44.227  -62.131  40.949 0.1000000015
5087  41.019  -72.571  46.161 0.1000000015
5088  40.400  -72.904  46.426 0.1000000015
6758  43.268  -69.675  46.067 0.1000000015
106841  41.933  -66.028  42.117 0.1000000015
99613  42.049  -65.890  42.981 0.1000000015
10382  42.277  -63.481  42.209 0.1000000015
9776  43.650  -64.119  43.097 0.1000000015
10984  45.771  -62.234  41.964 0.1000000015
10970  46.697  -62.399  42.897 0.1000000015
10983  47.529  -62.566  41.729 0.1000000015
5089  39.829  -72.944  47.212 0.1000000015
105083  42.413  -70.366  46.898 0.1000000015
7939  41.942  -67.116  44.086 0.1000000015
118049  44.816  -63.263  43.260 0.1000000015
111083  48.565  -62.348  42.606 0.1000000015
10350  48.279  -62.848  44.243 0.1000000015
103332  49.075  -62.008  43.472 0.1000000015
6161  41.799  -70.663  47.500 0.1000000015
7923  42.319  -67.362  45.745 0.1000000015
8567  42.282  -66.370  44.596 0.1000000015
9722  46.061  -64.690  45.479 0.1000000015
9721  46.719  -64.308  45.361 0.1000000015
9753  46.259  -64.695  44.705 0.1000000015
9754  45.299  -65.002  44.415 0.1000000015
9165  43.959  -65.566  45.244 0.1000000015
10309  47.302  -63.700  45.321 0.1000000015
9752  46.935  -64.400  44.892 0.1000000015
108132  41.699  -62.455  44.438 0.1000000015
10933  45.927  -61.849  45.055 0.1000000015
10352  46.654  -64.103  44.296 0.1000000015
10331  48.070  -63.355  44.936 0.1000000015
11593  42.610  -61.636  44.430 0.1000000015
11574  47.957  -61.814  45.218 0.1000000015
11587  48.709  -61.727  44.405 0.1000000015
12208  48.212  -60.925  43.357 0.1000000015
12197  48.508  -61.152  44.060 0.1000000015
101663  44.894  -64.720  46.183 0.1000000015
100472  44.931  -65.119  46.475 0.1000000015
112509  41.788  -61.519  44.357 0.1000000015
10938  40.066  -62.156  44.279 0.1000000015
108592  39.854  -58.842  42.135 0.4000000060
12864  42.995  -59.879  39.915 0.3000000119
12865  42.391  -59.783  40.313 0.3000000119
116466  40.721  -59.406  40.793 0.3000000119
12855  39.949  -59.073  41.151 0.4000000060
13507  39.248  -58.637  41.474 0.4000000060
12867  40.904  -59.243  39.881 0.3000000119
13516  39.488  -58.503  40.364 0.4000000060
8719  44.599  -65.737  31.846 0.1000000015
9897  44.898  -64.898  31.957 0.1000000015
10487  44.771  -64.386  33.392 0.2000000030
10470  43.092  -63.438  34.980 0.3000000119
14176  38.666  -56.850  39.090 0.4000000060
12238  43.608  -60.178  40.539 0.3000000119
106536  42.517  -61.108  36.525 0.4000000060
12897  42.065  -59.772  37.096 0.4000000060
10478  43.858  -63.780  34.529 0.2000000030
11071  42.549  -62.808  35.495 0.3000000119
12268  41.822  -60.430  36.678 0.4000000060
12890  41.593  -59.136  37.453 0.4000000060
14174  39.944  -57.754  38.511 0.4000000060
8720  44.059  -66.430  31.926 0.1000000015
10488  43.988  -63.776  33.674 0.3000000119
101183  41.135  -59.740  36.895 0.4000000060
13538  40.365  -58.173  37.747 0.4000000060
14197  39.920  -57.697  38.031 0.4000000060
9316  44.322  -65.662  31.195 0.1000000015
14823  37.440  -56.424  39.944 0.5000000000
107043  44.252  -63.834  32.963 0.2000000030
11695  41.930  -62.115  35.851 0.3000000119
12898  40.779  -58.866  37.346 0.4000000060
14824  36.742  -56.081  40.470 0.4000000060
11683  41.444  -61.302  36.188 0.4000000060
107634  40.863  -60.667  36.359 0.4000000060
13539  39.578  -57.939  37.680 0.4000000060
106799  39.229  -57.501  38.054 0.4000000060
14189  38.956  -57.164  38.608 0.5000000000
109445  44.560  -65.197  30.664 0.2000000030
119251  44.679  -65.229  31.303 0.2000000030
10493  44.694  -64.305  32.509 0.2000000030
105319  41.818  -62.780  35.103 0.3000000119
106993  44.275  -65.408  30.587 0.1000000015
110827  40.143  -59.526  36.863 0.4000000060
13544  39.854  -58.714  37.299 0.4000000060
100254  37.957  -56.517  39.200 0.5000000000
14838  36.934  -55.949  39.731 0.5000000000
15557  35.522  -54.953  41.513 0.4000000060
13540  38.633  -57.834  37.651 0.4000000060
14849  38.288  -56.761  38.718 0.5000000000
14837  37.268  -56.154  39.201 0.5000000000
15564  36.438  -55.508  40.027 0.4000000060
111258  44.705  -64.656  31.104 0.2000000030
10479  42.907  -63.484  33.976 0.4000000060
10495  43.399  -63.357  32.993 0.2000000030
101478  42.269  -63.180  34.589 0.3000000119
11079  42.043  -63.118  33.912 0.4000000060
11072  41.218  -62.478  35.068 0.3000000119
14198  38.443  -57.274  38.185 0.5000000000
15573  36.639  -55.694  39.253 0.5000000000
16378  35.216  -53.988  41.678 0.4000000060
113795  35.406  -54.443  42.290 0.4000000060
11080  41.528  -62.799  34.347 0.4000000060
11696  40.454  -61.510  35.602 0.4000000060
114710  40.314  -60.203  36.484 0.4000000060
14863  37.635  -56.967  38.259 0.5000000000
108568  44.614  -64.096  31.699 0.2000000030
10494  44.159  -63.583  32.298 0.2000000030
17241  35.259  -53.142  41.849 0.4000000060
103659  41.097  -61.965  35.608 0.3000000119
115711  39.904  -60.844  35.889 0.4000000060
13545  38.821  -58.646  37.213 0.4000000060
10499  44.000  -63.372  31.488 0.2000000030
11090  42.359  -62.976  33.273 0.3000000119
17228  35.923  -53.001  43.117 0.4000000060
11081  40.763  -62.385  34.268 0.3000000119
14199  37.686  -57.623  37.672 0.5000000000
15586  36.854  -56.062  38.709 0.5000000000
18082  38.540  -52.419  43.472 0.4000000060
9323  44.499  -65.119  29.880 0.2000000030
11697  39.563  -61.351  34.971 0.4000000060
12899  39.081  -59.492  36.705 0.4000000060
15574  35.946  -55.095  39.469 0.5000000000
16392  35.280  -54.302  40.759 0.4000000060
17185  43.243  -53.477  44.133 0.4000000060
9335  44.692  -64.974  29.201 0.2000000030
10507  44.497  -63.951  30.865 0.2000000030
11101  43.460  -62.941  32.094 0.2000000030
11102  42.726  -62.685  32.480 0.2000000030
11701  40.022  -61.866  34.436 0.4000000060
14205  36.802  -57.995  36.893 0.5000000000
15603  36.347  -56.125  38.323 0.5000000000
9336  44.121  -65.315  29.241 0.2000000030
11091  41.403  -62.545  33.511 0.4000000060
13546  37.804  -58.443  37.056 0.5000000000
15565  35.759  -55.043  40.448 0.5000000000
18080  40.287  -52.802  42.985 0.4000000060
17207  41.664  -53.118  43.355 0.2000000030
18093  36.357  -52.355  42.699 0.4000000060
9905  44.631  -64.597  30.190 0.2000000030
11103  41.895  -62.397  32.715 0.4000000060
17264  34.981  -53.911  40.020 0.4000000060
10506  44.393  -63.779  30.009 0.2000000030
18091  38.213  -52.156  42.760 0.4000000060
18941  36.822  -51.724  42.269 0.4000000060
18105  35.328  -52.302  41.496 0.4000000060
12913  38.434  -60.058  35.777 0.3000000119
14864  36.019  -56.672  37.724 0.5000000000
15587  36.089  -55.571  38.641 0.5000000000
17253  34.928  -53.327  40.991 0.4000000060
117309  39.518  -61.468  34.324 0.4000000060
12280  38.283  -60.386  34.649 0.3000000119
12900  38.100  -59.259  36.449 0.4000000060
11707  40.390  -61.930  33.478 0.4000000060
14200  36.146  -57.384  37.115 0.5000000000
11113  43.806  -63.138  30.611 0.2000000030
18940  37.601  -51.777  42.337 0.4000000060
16408  35.299  -54.539  39.371 0.5000000000
16424  35.480  -54.963  38.780 0.5000000000
118790  37.924  -60.014  35.146 0.4000000060
12901  37.137  -58.869  36.118 0.5000000000
15604  35.614  -55.912  37.953 0.5000000000
14206  35.903  -57.757  36.216 0.5000000000
13532  40.498  -58.066  38.101 0.4000000060
18081  39.413  -52.594  43.268 0.4000000060
18092  37.186  -52.180  42.893 0.4000000060
12262  45.147  -60.427  37.608 0.3000000119
12256  44.501  -59.918  38.054 0.3000000119
114636  42.778  -59.377  38.535 0.2000000030
12877  41.487  -59.112  39.204 0.2000000030
104639  46.224  -61.379  37.203 0.2000000030
11671  44.688  -60.813  37.086 0.3000000119
12267  43.865  -60.726  36.979 0.3000000119
12263  43.345  -60.147  37.224 0.3000000119
11057  45.052  -62.176  36.510 0.2000000030
11058  43.939  -62.145  36.405 0.2000000030
109380  44.359  -61.331  36.720 0.2000000030
109916  44.637  -64.215  34.170 0.2000000030
8771  43.536  -66.022  27.860 0.1000000015
8785  43.550  -66.552  27.205 0.1000000015
110566  43.468  -60.638  29.077 0.1000000015
12247  45.842  -60.624  39.035 0.1000000015
12249  43.593  -60.049  39.569 0.2000000030
12874  44.020  -59.925  38.767 0.2000000030
12255  45.558  -60.366  38.158 0.2000000030
11660  47.379  -61.447  38.915 0.1000000015
11669  46.911  -61.655  37.468 0.1000000015
12261  46.199  -60.839  37.670 0.2000000030
11668  47.735  -62.232  37.875 0.1000000015
11042  47.378  -62.552  37.246 0.1000000015
11121  43.886  -62.821  29.747 0.1000000015
11736  43.232  -62.030  30.431 0.1000000015
12311  42.226  -60.794  31.151 0.1000000015
11120  44.649  -63.528  29.265 0.1000000015
11743  43.553  -61.732  29.432 0.1000000015
11737  42.688  -61.186  30.657 0.1000000015
12322  42.978  -61.011  29.916 0.1000000015
12947  41.960  -59.848  30.841 0.1000000015
12313  41.006  -59.774  31.843 0.1000000015
12948  41.399  -59.417  31.302 0.1000000015
12949  40.808  -59.041  31.663 0.1000000015
12254  46.478  -60.846  38.408 0.2000000030
11666  47.154  -61.391  38.065 0.1000000015
12285  39.019  -61.091  34.274 0.3000000119
10521  44.812  -64.282  29.498 0.1000000015
11108  43.289  -62.617  31.302 0.1000000015
11720  42.273  -62.081  32.049 0.1000000015
12297  41.298  -61.227  32.287 0.2000000030
12290  39.297  -60.921  33.364 0.3000000119
108008  38.015  -59.979  33.907 0.3000000119
13565  36.624  -58.458  34.736 0.3000000119
9354  44.022  -65.604  27.641 0.1000000015
9918  44.950  -64.519  29.056 0.1000000015
11731  42.643  -61.763  31.325 0.1000000015
11723  39.947  -60.690  32.733 0.2000000030
12932  38.410  -59.626  33.306 0.3000000119
116112  45.098  -64.022  29.001 0.1000000015
12312  41.531  -60.405  31.666 0.1000000015
106838  39.685  -59.132  32.446 0.2000000030
13571  38.283  -58.700  33.167 0.3000000119
13584  40.241  -58.668  32.081 0.1000000015
13585  39.620  -58.327  32.439 0.2000000030
14231  38.247  -57.712  33.123 0.4000000060
13596  41.307  -58.528  31.140 0.1000000015
14241  40.134  -57.804  32.034 0.1000000015
14242  39.555  -57.435  32.431 0.3000000119
12189  42.756  -59.724  44.532 0.1000000015
12830  44.371  -59.458  44.009 0.1000000015
16439  35.277  -55.288  38.187 0.4000000060
14873  35.468  -56.996  36.722 0.4000000060
12915  37.036  -59.132  35.105 0.3000000119
14212  36.173  -58.159  35.380 0.4000000060
14884  35.358  -57.091  35.703 0.4000000060
13573  36.876  -58.033  33.994 0.4000000060
14897  35.497  -56.249  34.577 0.4000000060
14232  37.471  -57.448  33.489 0.4000000060
14914  37.451  -56.521  33.469 0.5000000000
14243  38.918  -57.088  32.793 0.3000000119
14913  38.205  -56.788  33.166 0.5000000000
14256  41.241  -57.641  30.995 0.2000000030
13597  40.721  -58.171  31.596 0.1000000015
14926  38.812  -56.246  32.819 0.4000000060
13606  42.372  -58.289  29.968 0.1000000015
13607  41.876  -57.939  30.415 0.1000000015
14257  40.604  -57.323  31.519 0.2000000030
14924  40.016  -56.972  31.994 0.2000000030
102880  43.829  -58.562  28.270 0.1000000015
13627  43.013  -58.069  29.208 0.1000000015
14938  41.178  -56.731  30.845 0.2000000030
12992  44.290  -58.820  27.510 0.1000000015
13626  43.712  -57.801  28.322 0.1000000015
16409  34.830  -53.997  39.282 0.4000000060
17254  34.663  -53.103  40.238 0.3000000119
104086  34.621  -54.213  38.149 0.4000000060
15632  34.960  -56.317  36.028 0.4000000060
15605  34.886  -55.492  37.438 0.4000000060
116255  35.209  -56.498  35.218 0.4000000060
16459  34.435  -54.782  36.769 0.4000000060
14896  36.015  -56.761  34.219 0.4000000060
15670  36.517  -55.381  33.702 0.4000000060
15647  35.561  -55.373  34.220 0.4000000060
15669  37.390  -55.689  33.477 0.5000000000
15668  38.149  -55.945  33.240 0.4000000060
15680  39.949  -56.148  31.942 0.3000000119
14925  39.447  -56.596  32.425 0.4000000060
15682  38.701  -55.434  32.839 0.4000000060
102807  43.639  -56.888  28.246 0.2000000030
14268  42.790  -57.145  29.333 0.2000000030
14939  40.536  -56.494  31.470 0.2000000030
11813  45.265  -61.189  23.693 0.1000000015
18126  34.443  -52.653  39.015 0.4000000060
18116  34.537  -52.467  39.860 0.4000000060
17296  34.289  -53.322  37.134 0.4000000060
16472  34.635  -54.262  35.215 0.4000000060
105569  34.258  -53.878  36.564 0.4000000060
15648  34.942  -54.874  34.746 0.4000000060
15671  36.048  -54.783  33.800 0.4000000060
16488  35.456  -54.516  34.149 0.4000000060
111634  37.297  -55.009  33.447 0.3000000119
16526  38.553  -54.495  32.799 0.4000000060
16527  37.599  -54.327  33.260 0.4000000060
111274  40.540  -55.744  31.437 0.3000000119
15693  40.089  -55.172  31.787 0.3000000119
15681  39.370  -55.762  32.409 0.4000000060
14284  43.578  -55.851  28.044 0.2000000030
14954  42.068  -55.909  30.013 0.2000000030
102305  41.203  -55.843  30.831 0.2000000030
103342  44.009  -56.819  27.396 0.2000000030
11219  44.797  -62.283  23.034 0.1000000015
11828  45.081  -61.567  23.302 0.1000000015
11802  45.112  -60.870  23.898 0.1000000015
18949  36.548  -51.274  41.579 0.3000000119
18969  34.548  -51.731  39.322 0.4000000060
18959  35.482  -50.936  40.556 0.3000000119
18140  34.389  -52.676  37.642 0.4000000060
19002  34.567  -51.802  36.464 0.4000000060
18152  34.389  -52.559  36.834 0.4000000060
17326  34.736  -53.580  34.785 0.4000000060
117416  34.345  -53.160  36.434 0.4000000060
17325  35.243  -53.746  34.130 0.4000000060
111483  36.876  -53.949  33.435 0.4000000060
16511  36.049  -54.016  33.689 0.3000000119
17367  40.515  -53.362  31.400 0.3000000119
17351  39.629  -53.478  31.983 0.3000000119
16525  39.239  -54.143  32.384 0.3000000119
17353  38.087  -53.648  32.898 0.3000000119
15735  43.261  -54.435  27.893 0.2000000030
14965  43.495  -54.860  28.131 0.2000000030
16537  42.253  -53.796  30.150 0.3000000119
16539  39.881  -54.258  31.884 0.3000000119
111170  39.305  -54.909  32.426 0.3000000119
14299  43.710  -56.165  27.223 0.2000000030
15707  42.193  -54.901  30.064 0.2000000030
14313  43.897  -56.704  26.592 0.2000000030
18948  37.542  -51.314  41.663 0.3000000119
109860  38.392  -51.333  41.432 0.3000000119
19785  37.067  -50.623  41.012 0.3000000119
18950  35.767  -51.424  41.320 0.3000000119
119029  35.153  -50.584  38.174 0.3000000119
19808  36.069  -49.758  39.025 0.4000000060
19001  34.859  -51.083  36.151 0.4000000060
19830  35.314  -50.630  37.467 0.4000000060
18977  34.767  -51.164  37.836 0.4000000060
19013  34.626  -51.722  35.412 0.4000000060
18168  34.459  -52.574  35.983 0.4000000060
19024  34.962  -51.318  33.974 0.3000000119
106634  34.908  -52.900  34.234 0.4000000060
18182  34.558  -52.717  35.065 0.4000000060
18228  39.532  -51.700  31.582 0.3000000119
18215  38.596  -51.903  32.099 0.2000000030
18216  37.681  -52.322  32.579 0.2000000030
119183  36.237  -51.915  32.862 0.2000000030
18198  35.899  -52.464  33.217 0.3000000119
17335  35.550  -53.120  33.651 0.3000000119
103739  41.060  -52.350  30.864 0.3000000119
18214  39.354  -52.619  31.955 0.3000000119
107692  38.391  -52.879  32.540 0.2000000030
107438  37.695  -53.028  32.872 0.2000000030
18197  36.876  -52.635  32.950 0.2000000030
15736  43.065  -54.592  27.663 0.2000000030
17376  42.820  -52.844  28.852 0.3000000119
17377  42.497  -52.705  29.525 0.3000000119
17366  41.593  -53.024  30.552 0.3000000119
18103  39.896  -52.401  41.682 0.3000000119
18090  39.673  -52.620  42.493 0.3000000119
18104  39.075  -52.287  42.161 0.3000000119
19850  35.410  -50.244  35.302 0.3000000119
19894  36.537  -50.158  32.360 0.2000000030
20730  36.059  -49.692  33.137 0.2000000030
103198  35.326  -50.745  33.688 0.2000000030
19864  35.138  -50.583  34.421 0.2000000030
19913  37.521  -50.052  31.724 0.2000000030
19893  37.070  -50.934  32.117 0.2000000030
103491  36.296  -51.116  32.680 0.2000000030
19051  35.799  -50.498  33.129 0.2000000030
111035  40.998  -52.964  42.964 0.2000000030
13006  44.747  -58.470  26.271 0.1000000015
13643  44.242  -57.583  27.194 0.1000000015
17412  42.902  -53.261  28.585 0.3000000119
14979  43.530  -56.221  26.939 0.2000000030
12884  42.626  -59.254  38.032 0.3000000119
12888  43.755  -59.791  37.736 0.3000000119
12822  42.229  -59.149  44.419 0.1000000015
12248  44.288  -60.333  39.712 0.2000000030
12876  42.369  -59.488  39.379 0.2000000030
11109  42.881  -62.392  31.851 0.1000000015
114808  39.604  -61.510  33.811 0.3000000119
17227  40.802  -52.972  42.478 0.3000000119
102153  35.200  -51.698  40.893 0.3000000119
11706  41.112  -62.010  32.772 0.3000000119
11708  39.881  -61.349  33.210 0.2000000030
102105  44.215  -60.274  37.439 0.3000000119
11680  45.796  -61.695  36.827 0.1000000015
11681  45.096  -61.325  36.816 0.2000000030
12323  42.536  -60.325  30.388 0.1000000015
106646  44.908  -60.324  38.840 0.2000000030
11732  41.949  -61.354  31.792 0.1000000015
12940  40.292  -59.672  32.276 0.1000000015
11721  41.687  -61.846  32.301 0.2000000030
12291  38.604  -60.423  33.659 0.3000000119
12298  40.824  -60.489  32.286 0.2000000030
12931  39.214  -60.002  32.817 0.3000000119
13572  37.588  -58.377  33.579 0.4000000060
14223  36.157  -57.640  34.561 0.4000000060
12941  38.967  -59.014  32.758 0.3000000119
13586  38.953  -58.024  32.767 0.3000000119
16440  34.669  -54.817  37.747 0.4000000060
103549  34.953  -55.742  35.107 0.4000000060
14269  41.919  -56.918  30.099 0.2000000030
18135  34.410  -52.877  38.315 0.4000000060
15633  34.629  -55.044  35.698 0.4000000060
14953  43.078  -55.864  29.056 0.2000000030
18978  34.447  -51.969  38.318 0.4000000060
16538  40.879  -54.130  31.166 0.3000000119
15692  41.142  -54.962  30.946 0.2000000030
105643  43.228  -54.832  29.077 0.2000000030
18968  34.947  -50.890  39.638 0.4000000060
19796  36.307  -50.325  40.484 0.4000000060
104669  34.743  -51.036  38.713 0.4000000060
115972  40.172  -52.748  31.534 0.3000000119
15724  43.395  -54.111  28.328 0.2000000030
15706  43.161  -53.957  29.199 0.2000000030
20643  37.130  -49.859  40.218 0.4000000060
19865  34.825  -51.267  34.662 0.4000000060
19038  35.594  -51.436  33.301 0.2000000030
19063  39.224  -51.127  31.577 0.2000000030
19064  38.260  -50.814  31.711 0.2000000030
19050  37.665  -51.572  32.240 0.2000000030
19037  36.905  -51.776  32.533 0.2000000030
103076  36.390  -49.847  39.801 0.3000000119
19784  38.013  -50.810  41.080 0.2000000030
20654  37.587  -49.550  39.574 0.3000000119
102229  39.152  -51.699  41.465 0.2000000030
18946  39.987  -51.778  41.044 0.2000000030
11069  44.466  -63.055  36.090 0.1000000015
10468  45.054  -63.827  35.622 0.1000000015
104258  45.278  -60.580  40.051 0.1000000015
9882  45.415  -64.679  34.481 0.1000000015
10469  44.040  -63.590  35.389 0.1000000015
10477  44.705  -64.131  34.956 0.1000000015
17206  42.662  -53.354  43.285 0.1000000015
104844  42.118  -53.348  42.631 0.1000000015
17224  43.691  -53.829  42.244 0.1000000015
106052  42.911  -53.572  42.299 0.1000000015
17240  40.941  -53.095  41.965 0.1000000015
117805  42.121  -53.320  41.430 0.1000000015
18102  40.599  -52.329  41.132 0.1000000015
18101  41.139  -52.810  41.364 0.1000000015
18955  40.713  -51.722  40.656 0.1000000015
18957  38.809  -50.994  40.984 0.1000000015
19794  38.457  -50.320  40.592 0.2000000030
19792  40.161  -50.988  40.597 0.1000000015
19791  40.979  -50.904  40.253 0.2000000030
20668  36.755  -49.654  38.317 0.2000000030
19807  40.350  -50.179  39.907 0.2000000030
20652  39.521  -49.739  39.737 0.2000000030
20653  38.264  -49.497  39.462 0.2000000030
20655  36.901  -49.540  39.282 0.2000000030
20651  40.744  -49.840  38.879 0.2000000030
20665  39.454  -49.474  38.901 0.2000000030
20667  37.683  -49.446  38.661 0.2000000030
20681  36.673  -49.973  37.378 0.2000000030
19829  35.957  -50.333  37.075 0.2000000030
19837  35.834  -50.185  36.210 0.2000000030
19849  35.974  -49.662  35.385 0.1000000015
19806  41.301  -50.384  39.519 0.2000000030
20680  37.486  -49.787  37.653 0.2000000030
106573  37.451  -49.958  36.810 0.2000000030
111662  36.481  -50.025  36.761 0.1000000015
20698  37.365  -49.561  36.058 0.1000000015
20689  36.582  -49.747  36.188 0.1000000015
17226  41.426  -53.223  42.400 0.1000000015
17184  44.182  -53.638  44.073 0.1000000015
17205  43.651  -53.552  43.134 0.1000000015
118482  44.424  -53.768  43.340 0.1000000015
17238  42.713  -53.525  41.499 0.1000000015
17252  42.479  -53.217  40.951 0.1000000015
19793  39.374  -50.381  40.475 0.2000000030
20678  39.272  -49.711  37.902 0.2000000030
17400  42.461  -52.647  28.783 0.2000000030
17378  42.007  -52.018  29.997 0.2000000030
18239  42.286  -52.067  29.088 0.2000000030
16572  42.590  -53.334  28.394 0.2000000030
111725  41.988  -51.977  28.869 0.2000000030
18227  41.320  -51.485  30.267 0.2000000030
18259  41.660  -51.733  29.192 0.2000000030
18240  41.677  -51.599  29.563 0.2000000030
17401  42.021  -52.651  28.620 0.2000000030
106986  40.417  -51.769  31.173 0.2000000030
19075  41.092  -51.027  29.750 0.1000000015
19097  41.055  -51.327  29.425 0.2000000030
19061  40.824  -50.953  30.415 0.2000000030
19062  40.144  -50.814  31.009 0.2000000030
19098  40.649  -51.035  29.437 0.1000000015
19923  40.421  -50.491  29.667 0.1000000015
19924  40.162  -49.882  29.888 0.1000000015
19076  39.766  -51.192  29.446 0.1000000015
18242  38.482  -52.023  30.221 0.1000000015
18967  41.785  -50.978  39.997 0.1000000015
99841  39.469  -50.314  31.161 0.1000000015
19939  39.864  -49.829  29.653 0.1000000015
105598  40.128  -50.103  30.483 0.1000000015
19099  39.763  -50.302  29.495 0.1000000015
19077  38.763  -50.916  29.672 0.1000000015
19925  38.314  -50.088  29.569 0.1000000015
19926  36.947  -50.648  29.808 0.1000000015
19816  41.583  -50.171  38.379 0.1000000015
18976  43.582  -51.163  38.725 0.1000000015
19805  42.163  -50.577  39.224 0.1000000015
19912  38.766  -49.723  31.172 0.1000000015
20751  39.618  -49.540  29.922 0.1000000015
20752  38.994  -49.211  30.405 0.1000000015
19940  39.344  -49.710  29.622 0.1000000015
19078  37.631  -51.109  30.073 0.1000000015
19941  37.232  -49.714  29.409 0.1000000015
118570  43.108  -50.784  38.278 0.1000000015
20664  40.092  -49.634  38.419 0.1000000015
21565  37.561  -47.577  31.160 0.1000000015
20754  37.123  -49.447  31.870 0.1000000015
23256  37.673  -46.553  29.930 0.1000000015
20764  38.093  -48.418  30.438 0.1000000015
20753  37.952  -49.098  31.199 0.1000000015
22428  37.601  -47.391  29.764 0.1000000015
116283  37.718  -47.677  30.364 0.1000000015
98900  37.283  -47.751  28.907 0.1000000015
21588  37.660  -48.146  29.554 0.1000000015
20778  39.281  -49.408  29.765 0.1000000015
20763  38.982  -49.000  29.976 0.1000000015
21605  36.850  -48.278  28.247 0.1000000015
22441  37.175  -47.507  28.182 0.1000000015
20792  37.104  -48.523  28.862 0.1000000015
101775  41.999  -50.588  37.523 0.1000000015
20676  40.735  -49.889  37.941 0.1000000015
20742  36.686  -49.248  32.510 0.1000000015
110069  37.486  -46.742  28.282 0.1000000015
100505  37.456  -47.020  29.002 0.1000000015
22453  37.383  -47.189  27.460 0.1000000015
102049  36.403  -49.016  33.253 0.1000000015
113239  41.361  -52.098  29.003 0.1000000015
18261  40.589  -51.661  29.358 0.1000000015
20779  37.582  -48.801  29.301 0.1000000015
20780  36.714  -49.531  28.887 0.1000000015
21566  37.330  -48.531  31.724 0.1000000015
10565  41.747  -63.820  26.638 0.1000000015
10549  41.222  -63.545  27.331 0.1000000015
9943  41.312  -64.463  26.330 0.1000000015
9956  41.635  -64.771  25.580 0.1000000015
9405  41.026  -65.772  24.868 0.1000000015
8835  40.850  -66.593  23.101 0.1000000015
8198  40.242  -67.219  22.748 0.1000000015
10548  42.142  -63.099  26.939 0.1000000015
11163  41.608  -62.730  27.574 0.1000000015
9386  41.203  -65.313  25.390 0.1000000015
9385  41.925  -65.128  24.639 0.1000000015
11141  41.176  -62.356  28.087 0.1000000015
11761  41.117  -61.573  28.361 0.1000000015
11776  42.491  -61.258  27.001 0.1000000015
11162  42.350  -62.236  27.033 0.1000000015
110454  42.548  -63.361  26.120 0.1000000015
9930  40.633  -64.101  27.240 0.1000000015
12358  41.991  -59.838  27.440 0.1000000015
12357  42.697  -60.017  26.575 0.1000000015
11164  40.806  -63.018  28.008 0.1000000015
104049  40.684  -60.990  28.835 0.1000000015
113014  39.766  -61.200  29.270 0.1000000015
11143  39.389  -62.478  28.837 0.1000000015
11762  40.131  -61.709  28.892 0.1000000015
11745  39.339  -61.830  29.177 0.1000000015
107679  41.805  -61.887  27.705 0.1000000015
109311  39.581  -67.773  22.318 0.1000000015
4586  38.206  -74.340  46.967 0.1000000015
4592  39.794  -73.477  45.571 0.1000000015
4601  38.283  -74.335  45.695 0.1000000015
4666  40.306  -73.439  38.609 0.1000000015
4668  38.799  -73.810  38.770 0.1000000015
5152  41.484  -72.400  39.771 0.1000000015
5161  42.222  -72.029  39.333 0.1000000015
5165  38.823  -73.264  39.974 0.1000000015
5195  39.719  -72.769  35.767 0.1000000015
5611  41.529  -72.020  45.825 0.1000000015
5612  40.585  -71.999  45.338 0.1000000015
5614  38.959  -72.137  46.074 0.1000000015
5661  43.284  -71.077  40.606 0.1000000015
5677  37.145  -71.571  40.662 0.1000000015
6143  40.220  -71.049  49.154 0.1000000015
6160  42.168  -69.835  47.835 0.1000000015
6223  43.950  -70.279  42.404 0.1000000015
6261  43.064  -71.220  39.719 0.1000000015
6761  40.361  -69.489  45.440 0.1000000015
6779  41.066  -69.684  44.044 0.1000000015
6815  43.791  -70.292  41.115 0.1000000015
6819  37.951  -69.755  41.787 0.1000000015
7263  41.487  -68.578  49.585 0.1000000015
7371  43.844  -69.502  41.379 0.1000000015
7439  35.265  -68.568  36.152 0.1000000015
7958  39.155  -67.954  44.251 0.1000000015
7977  42.613  -67.806  41.525 0.1000000015
8023  36.752  -67.612  37.362 0.1000000015
8504  42.125  -67.152  49.426 0.1000000015
8654  36.636  -66.873  37.169 0.1000000015
8681  38.283  -65.970  34.926 0.1000000015
8834  41.373  -66.081  23.339 0.1000000015
9137  44.184  -65.917  47.716 0.1000000015
9211  40.798  -64.839  40.839 0.1000000015
9220  41.077  -65.645  40.723 0.1000000015
9841  40.619  -63.985  36.912 0.1000000015
9927  45.102  -63.932  27.127 0.1000000015
9928  44.811  -64.519  27.709 0.1000000015
9929  41.089  -64.157  26.890 0.1000000015
9942  42.106  -64.107  25.871 0.1000000015
10308  47.968  -63.370  45.110 0.1000000015
10316  39.434  -63.528  45.207 0.1000000015
10332  47.357  -64.067  45.087 0.1000000015
10334  43.070  -63.194  44.868 0.1000000015
10338  39.003  -63.024  44.834 0.1000000015
10435  41.816  -63.012  38.497 0.1000000015
10952  48.891  -62.123  44.116 0.1000000015
10953  48.905  -62.195  43.416 0.1000000015
10988  41.576  -62.661  41.162 0.1000000015
11028  40.829  -62.728  39.650 0.1000000015
11035  40.677  -62.918  38.956 0.1000000015
11073  40.621  -62.160  35.019 0.3000000119
11142  40.403  -62.404  28.473 0.1000000015
11201  45.352  -61.685  23.644 0.1000000015
11202  44.930  -61.537  23.259 0.1000000015
11462  46.146  -61.920  54.422 0.1000000015
11483  45.922  -62.422  53.304 0.1000000015
11575  47.079  -61.762  45.275 0.1000000015
11592  43.490  -61.370  44.537 0.1000000015
11596  39.438  -61.495  44.315 0.1000000015
11608  48.953  -61.765  43.814 0.1000000015
11670  45.545  -60.991  37.163 0.2000000030
11722  40.521  -61.354  32.765 0.2000000030
11744  40.229  -60.661  29.148 0.2000000030
11789  45.627  -60.764  24.965 0.1000000015
11814  45.058  -61.275  23.471 0.1000000015
12080  47.484  -60.545  52.051 0.1000000015
12083  42.289  -60.538  52.233 0.1000000015
12100  44.701  -60.907  51.335 0.1000000015
12116  47.605  -60.338  50.908 0.2000000030
12122  41.616  -60.407  50.781 0.1000000015
12190  41.849  -59.837  44.616 0.1000000015
12198  47.688  -60.590  43.977 0.1000000015
12236  46.252  -60.669  40.956 0.1000000015
12269  39.440  -60.222  36.228 0.4000000060
12279  39.024  -60.764  35.338 0.3000000119
12331  39.595  -60.530  29.462 0.1000000015
12344  41.364  -60.539  28.292 0.2000000030
12369  45.334  -60.194  24.726 0.2000000030
12725  47.978  -59.998  51.371 0.2000000030
12744  45.504  -59.398  50.477 0.2000000030
12745  43.825  -59.931  50.578 0.1000000015
12825  38.290  -59.897  44.737 0.1000000015
12831  43.683  -59.251  43.932 0.2000000030
12866  41.595  -59.588  40.292 0.3000000119
12875  43.226  -59.644  39.028 0.2000000030
12883  43.463  -59.571  38.196 0.2000000030
12914  37.657  -59.570  35.543 0.4000000060
12933  37.768  -59.276  33.737 0.3000000119
13376  49.280  -58.249  51.263 0.2000000030
13474  41.844  -58.766  44.217 0.2000000030
13475  41.087  -58.611  44.233 0.2000000030
13547  36.465  -58.365  36.040 0.5000000000
13555  36.655  -58.646  35.479 0.4000000060
13564  37.215  -58.860  34.252 0.3000000119
13630  38.656  -58.614  29.832 0.1000000015
14058  41.232  -58.338  50.265 0.4000000060
14072  38.732  -58.219  49.459 0.2000000030
14084  37.385  -57.691  48.540 0.3000000119
14159  39.107  -57.792  39.810 0.5000000000
14175  39.337  -57.337  39.000 0.5000000000
14188  39.482  -57.493  38.437 0.4000000060
14213  35.738  -57.593  35.298 0.4000000060
14224  35.550  -57.025  34.868 0.4000000060
14233  36.703  -57.144  33.836 0.4000000060
14273  36.024  -57.525  30.575 0.1000000015
14286  38.931  -57.708  29.620 0.1000000015
14301  41.102  -57.004  28.215 0.3000000119
14314  43.522  -56.702  26.535 0.2000000030
14726  50.272  -56.322  51.270 0.1000000015
14749  38.758  -56.644  49.404 0.4000000060
14788  36.767  -56.042  45.566 0.5000000000
14801  37.432  -57.085  43.641 0.5000000000
14802  36.617  -56.433  43.387 0.6000000238
14850  37.529  -56.458  38.708 0.5000000000
14851  36.908  -56.550  38.306 0.5000000000
14865  35.182  -56.223  37.138 0.4000000060
14915  36.645  -56.265  33.733 0.5000000000
14980  43.241  -55.385  27.512 0.2000000030
15413  49.302  -55.774  52.511 0.2000000030
15461  48.650  -54.809  50.184 0.1000000015
15556  36.100  -55.661  40.959 0.4000000060
15620  34.730  -55.613  36.497 0.4000000060
15646  35.952  -56.019  33.983 0.4000000060
15710  37.174  -55.488  30.623 0.1000000015
16249  43.008  -54.820  49.096 0.5000000000
16298  47.325  -54.257  45.931 0.1000000015
16301  44.564  -53.844  46.334 0.3000000119
16346  35.897  -54.247  43.958 0.5000000000
16425  34.924  -54.412  38.783 0.5000000000
16489  34.991  -54.207  34.579 0.4000000060
16509  38.014  -55.146  33.203 0.4000000060
16510  36.758  -54.576  33.561 0.3000000119
16552  42.988  -53.260  29.174 0.3000000119
16571  43.170  -53.474  28.595 0.3000000119
16583  43.116  -53.895  28.118 0.3000000119
17034  51.357  -54.180  52.274 0.1000000015
17046  52.325  -53.368  51.701 0.1000000015
17047  51.979  -53.399  52.002 0.1000000015
17111  47.381  -53.508  48.407 0.2000000030
17132  38.777  -53.659  47.064 0.5000000000
17150  46.986  -53.775  46.684 0.2000000030
17153  41.483  -53.790  46.840 0.5000000000
17157  37.459  -53.911  46.619 0.5000000000
17170  38.276  -53.024  45.888 0.5000000000
17188  40.532  -52.836  44.584 0.5000000000
17204  44.297  -53.921  42.578 0.1000000015
17225  42.103  -53.480  41.972 0.1000000015
17229  35.478  -53.561  42.581 0.4000000060
17239  41.565  -53.238  41.691 0.1000000015
17265  34.610  -53.304  39.528 0.4000000060
17274  34.581  -53.579  38.714 0.4000000060
17283  34.423  -53.475  37.897 0.4000000060
17312  34.434  -53.502  35.704 0.4000000060
17333  37.307  -53.496  33.174 0.2000000030
17334  36.454  -53.311  33.353 0.3000000119
17352  38.871  -53.565  32.476 0.3000000119
17382  36.517  -52.943  30.624 0.1000000015
17383  35.693  -52.929  30.366 0.1000000015
17959  52.397  -52.704  51.546 0.1000000015
17979  53.028  -52.389  50.836 0.1000000015
18069  39.034  -52.486  44.178 0.5000000000
18089  40.359  -52.806  42.224 0.3000000119
18094  35.704  -52.639  42.350 0.4000000060
18100  41.806  -52.961  41.091 0.1000000015
18115  34.805  -52.409  40.664 0.3000000119
18181  35.168  -52.178  33.742 0.3000000119
18260  41.371  -51.597  29.196 0.1000000015
18844  52.526  -51.706  50.840 0.1000000015
18947  38.340  -51.770  41.966 0.3000000119
18956  39.483  -51.199  40.907 0.2000000030
18958  36.207  -50.848  41.063 0.4000000060
18960  34.796  -51.624  40.222 0.3000000119
18988  34.864  -51.172  37.001 0.4000000060
18989  34.502  -51.866  37.353 0.4000000060
19012  34.942  -50.877  35.291 0.4000000060
19025  34.746  -51.992  34.449 0.4000000060
19074  41.425  -51.457  29.537 0.1000000015
19795  37.745  -50.291  40.639 0.2000000030
19804  42.919  -50.842  38.997 0.1000000015
19809  35.674  -50.248  39.782 0.4000000060
19815  42.472  -50.534  38.339 0.1000000015
19817  35.860  -50.090  38.041 0.3000000119
19818  35.326  -50.335  38.900 0.4000000060
19838  35.357  -50.657  36.666 0.4000000060
19910  40.588  -50.354  30.077 0.2000000030
19911  39.663  -49.723  30.449 0.1000000015
20641  38.779  -49.756  40.069 0.2000000030
20642  38.000  -49.808  40.156 0.3000000119
20666  38.639  -49.430  38.670 0.2000000030
20677  40.001  -49.991  37.674 0.1000000015
21553  36.870  -48.464  32.701 0.1000000015
21576  38.581  -48.809  29.793 0.1000000015
21577  38.183  -48.303  29.978 0.1000000015
21606  36.713  -48.989  28.444 0.1000000015
23286  37.776  -46.445  27.595 0.1000000015
98816  34.337  -54.108  37.389 0.4000000060
100341  48.795  -58.543  50.747 0.2000000030
100523  36.016  -51.838  42.052 0.4000000060
100543  37.252  -59.748  45.675 0.1000000015
100741  36.834  -57.224  37.737 0.5000000000
101021  43.042  -67.951  48.822 0.1000000015
101212  47.071  -60.960  51.088 0.1000000015
101485  39.047  -69.240  46.626 0.1000000015
102713  45.089  -62.257  41.321 0.1000000015
103175  35.497  -54.571  39.980 0.4000000060
103187  40.074  -49.665  39.213 0.2000000030
103522  36.012  -55.832  42.886 0.5000000000
103576  38.932  -49.498  39.421 0.2000000030
103625  42.254  -72.040  39.814 0.1000000015
103933  38.155  -73.029  40.093 0.1000000015
104280  34.962  -54.789  38.361 0.5000000000
105524  45.725  -62.075  52.673 0.1000000015
105693  41.626  -60.448  53.161 0.1000000015
106243  45.579  -61.864  24.290 0.1000000015
107274  39.481  -53.309  46.572 0.5000000000
108911  42.288  -60.630  44.509 0.1000000015
109126  47.173  -55.472  50.149 0.2000000030
109400  38.728  -66.667  34.474 0.1000000015
109997  47.789  -59.194  52.453 0.2000000030
110910  35.280  -50.596  35.955 0.2000000030
110930  38.538  -49.284  29.582 0.1000000015
111768  39.920  -69.200  42.517 0.1000000015
112437  48.315  -62.603  45.105 0.1000000015
113029  48.586  -62.360  44.670 0.1000000015
113290  34.397  -54.307  35.968 0.4000000060
113318  48.473  -61.914  44.928 0.1000000015
113675  43.334  -69.288  45.781 0.1000000015
114308  38.995  -52.467  42.756 0.4000000060
114701  46.675  -63.852  45.508 0.1000000015
115642  42.974  -67.745  49.160 0.1000000015
116226  42.994  -64.416  46.292 0.1000000015
117795  35.574  -68.633  36.359 0.1000000015
118094  34.777  -55.674  35.807 0.4000000060
118102  37.628  -59.670  34.589 0.3000000119
118392  40.673  -59.794  50.288 0.1000000015
118809  48.396  -62.986  44.944 0.1000000015
119064  40.585  -52.714  41.672 0.1000000015
119176  40.228  -61.142  29.087 0.1000000015
119287  40.783  -53.200  45.837 0.5000000000
119347  39.262  -72.074  48.616 0.1000000015
119610  38.461  -71.359  36.769 0.1000000015
