#!ascii label  , from subject sub-01 vox2ras=TkReg
258
15485  38.586  -55.296  48.695 0.0000000000
115711  39.904  -60.844  35.889 0.0000000000
13482  42.147  -58.671  44.001 0.0000000000
103940  38.158  -57.808  41.106 0.0000000000
12262  45.147  -60.427  37.608 0.0000000000
12237  44.501  -60.393  40.785 0.0000000000
11659  48.428  -61.886  39.486 0.0000000000
14197  39.920  -57.697  38.031 0.0000000000
15564  36.438  -55.508  40.027 0.0000000000
14123  37.592  -57.272  45.627 0.0000000000
12844  40.660  -59.220  42.092 0.0000000000
12877  41.487  -59.112  39.204 0.0000000000
112953  42.632  -60.281  36.906 0.0000000000
10468  45.054  -63.827  35.622 0.0000000000
14055  43.194  -56.956  50.188 0.0000000000
103383  38.393  -57.381  49.348 0.0000000000
12810  37.929  -59.172  45.232 0.0000000000
17190  36.429  -53.698  44.496 0.0000000000
105057  47.303  -60.930  41.123 0.0000000000
13544  39.854  -58.714  37.299 0.0000000000
14198  38.443  -57.274  38.185 0.0000000000
13476  39.335  -58.117  44.814 0.0000000000
13495  41.214  -58.686  43.266 0.0000000000
106646  44.908  -60.324  38.840 0.0000000000
12864  42.995  -59.879  39.915 0.0000000000
12256  44.501  -59.918  38.054 0.0000000000
102565  43.064  -59.591  37.666 0.0000000000
12267  43.865  -60.726  36.979 0.0000000000
10470  43.092  -63.438  34.980 0.0000000000
13434  38.289  -58.702  49.113 0.0000000000
13450  36.923  -58.636  47.393 0.0000000000
12791  37.098  -59.465  47.630 0.0000000000
115127  37.752  -57.558  43.067 0.0000000000
14808  36.474  -56.446  42.314 0.0000000000
17264  34.981  -53.911  40.020 0.0000000000
17241  35.259  -53.142  41.849 0.0000000000
12841  44.259  -59.496  43.436 0.0000000000
12842  43.344  -59.396  43.034 0.0000000000
12224  44.756  -60.210  41.818 0.0000000000
101061  46.184  -60.751  39.946 0.0000000000
11666  47.154  -61.391  38.065 0.0000000000
105683  38.755  -57.218  39.511 0.0000000000
107670  37.025  -56.625  40.821 0.0000000000
100254  37.957  -56.517  39.200 0.0000000000
15586  36.854  -56.062  38.709 0.0000000000
117309  39.518  -61.468  34.324 0.0000000000
14770  37.001  -56.404  47.860 0.0000000000
14132  38.325  -57.511  43.920 0.0000000000
13507  39.248  -58.637  41.474 0.0000000000
12853  42.223  -59.766  41.295 0.0000000000
116466  40.721  -59.406  40.793 0.0000000000
13515  40.237  -58.903  40.062 0.0000000000
13525  41.198  -58.562  38.363 0.0000000000
12890  41.593  -59.136  37.453 0.0000000000
107634  40.863  -60.667  36.359 0.0000000000
11057  45.052  -62.176  36.510 0.0000000000
11058  43.939  -62.145  36.405 0.0000000000
11695  41.930  -62.115  35.851 0.0000000000
103659  41.097  -61.965  35.608 0.0000000000
116249  43.285  -56.051  49.797 0.0000000000
15469  40.087  -55.685  49.408 0.0000000000
99771  40.271  -57.188  49.938 0.0000000000
14757  37.962  -56.706  49.001 0.0000000000
14098  36.978  -57.271  47.932 0.0000000000
13468  38.473  -58.155  45.350 0.0000000000
12824  39.873  -58.754  44.675 0.0000000000
12191  40.884  -60.113  44.581 0.0000000000
12822  42.229  -59.149  44.419 0.0000000000
15548  35.630  -55.121  42.536 0.0000000000
15484  39.523  -55.108  48.882 0.0000000000
16266  39.927  -54.553  48.347 0.0000000000
16267  38.923  -54.619  48.327 0.0000000000
114710  40.314  -60.203  36.484 0.0000000000
13545  38.821  -58.646  37.213 0.0000000000
100229  40.244  -58.347  44.335 0.0000000000
13484  40.793  -58.401  43.861 0.0000000000
13483  41.574  -58.558  43.914 0.0000000000
12255  45.558  -60.366  38.158 0.0000000000
12874  44.020  -59.925  38.767 0.0000000000
102105  44.215  -60.274  37.439 0.0000000000
11671  44.688  -60.813  37.086 0.0000000000
10488  43.988  -63.776  33.674 0.0000000000
112709  37.112  -58.854  48.051 0.0000000000
14139  37.682  -57.715  42.013 0.0000000000
14807  37.097  -57.086  42.674 0.0000000000
14814  36.995  -56.959  41.645 0.0000000000
17253  34.928  -53.327  40.991 0.0000000000
12211  44.953  -59.826  42.898 0.0000000000
12223  45.845  -60.338  42.176 0.0000000000
12245  47.784  -61.388  39.798 0.0000000000
12235  47.037  -60.999  40.338 0.0000000000
12246  46.725  -61.022  39.355 0.0000000000
11660  47.379  -61.447  38.915 0.0000000000
14174  39.944  -57.754  38.511 0.0000000000
14176  38.666  -56.850  39.090 0.0000000000
14189  38.956  -57.164  38.608 0.0000000000
14863  37.635  -56.967  38.259 0.0000000000
15603  36.347  -56.125  38.323 0.0000000000
15587  36.089  -55.571  38.641 0.0000000000
14114  36.906  -56.805  47.236 0.0000000000
14787  36.972  -56.451  46.276 0.0000000000
13498  38.536  -58.040  43.063 0.0000000000
108592  39.854  -58.842  42.135 0.0000000000
12225  44.021  -60.137  41.444 0.0000000000
99162  42.610  -59.532  42.279 0.0000000000
12852  43.248  -59.858  41.673 0.0000000000
12876  42.369  -59.488  39.379 0.0000000000
12865  42.391  -59.783  40.313 0.0000000000
12867  40.904  -59.243  39.881 0.0000000000
104330  40.721  -58.626  39.179 0.0000000000
13524  42.063  -59.090  38.498 0.0000000000
113289  42.696  -59.823  37.253 0.0000000000
12889  42.333  -59.389  37.574 0.0000000000
12897  42.065  -59.772  37.096 0.0000000000
101183  41.135  -59.740  36.895 0.0000000000
12268  41.822  -60.430  36.678 0.0000000000
9297  45.865  -65.919  35.013 0.0000000000
9870  45.524  -64.418  35.177 0.0000000000
11069  44.466  -63.055  36.090 0.0000000000
11071  42.549  -62.808  35.495 0.0000000000
105319  41.818  -62.780  35.103 0.0000000000
11072  41.218  -62.478  35.068 0.0000000000
106349  44.002  -56.591  50.115 0.0000000000
14745  42.513  -56.238  49.832 0.0000000000
14746  41.630  -56.333  49.901 0.0000000000
106074  39.380  -57.532  49.731 0.0000000000
14748  39.692  -56.522  49.654 0.0000000000
117410  37.777  -57.313  48.958 0.0000000000
14758  37.358  -56.903  48.468 0.0000000000
99975  37.441  -58.691  45.858 0.0000000000
13463  37.130  -58.256  46.573 0.0000000000
12809  38.962  -58.785  44.915 0.0000000000
11594  41.388  -60.852  44.408 0.0000000000
99453  40.345  -59.431  44.631 0.0000000000
14824  36.742  -56.081  40.470 0.0000000000
15547  35.942  -55.790  41.932 0.0000000000
15557  35.522  -54.953  41.513 0.0000000000
17228  35.923  -53.001  43.117 0.0000000000
13539  39.578  -57.939  37.680 0.0000000000
106799  39.229  -57.501  38.054 0.0000000000
14122  38.481  -57.755  45.237 0.0000000000
14126  38.809  -57.697  44.636 0.0000000000
14125  39.595  -58.019  44.305 0.0000000000
13496  40.246  -58.497  43.158 0.0000000000
12248  44.288  -60.333  39.712 0.0000000000
12238  43.608  -60.178  40.539 0.0000000000
12249  43.593  -60.049  39.569 0.0000000000
114636  42.778  -59.377  38.535 0.0000000000
12884  42.626  -59.254  38.032 0.0000000000
12888  43.755  -59.791  37.736 0.0000000000
12263  43.345  -60.147  37.224 0.0000000000
106288  43.183  -60.651  36.834 0.0000000000
10469  44.040  -63.590  35.389 0.0000000000
10478  43.858  -63.780  34.529 0.0000000000
14083  37.931  -57.972  49.134 0.0000000000
109474  37.008  -58.131  48.035 0.0000000000
13435  37.591  -58.597  48.625 0.0000000000
12799  36.954  -59.360  46.584 0.0000000000
114199  36.165  -55.720  43.641 0.0000000000
15538  35.790  -55.089  43.430 0.0000000000
15565  35.759  -55.043  40.448 0.0000000000
16378  35.216  -53.988  41.678 0.0000000000
16392  35.280  -54.302  40.759 0.0000000000
12832  42.743  -58.921  43.890 0.0000000000
13494  42.014  -58.786  43.538 0.0000000000
12851  44.106  -59.803  42.400 0.0000000000
101885  45.290  -60.464  41.158 0.0000000000
104258  45.278  -60.580  40.051 0.0000000000
12247  45.842  -60.624  39.035 0.0000000000
12254  46.478  -60.846  38.408 0.0000000000
14160  38.425  -57.484  40.272 0.0000000000
14161  37.630  -57.194  40.758 0.0000000000
14822  38.183  -56.869  39.728 0.0000000000
14823  37.440  -56.424  39.944 0.0000000000
14838  36.934  -55.949  39.731 0.0000000000
14849  38.288  -56.761  38.718 0.0000000000
14837  37.268  -56.154  39.201 0.0000000000
15573  36.639  -55.694  39.253 0.0000000000
15574  35.946  -55.095  39.469 0.0000000000
16408  35.299  -54.539  39.371 0.0000000000
11697  39.563  -61.351  34.971 0.0000000000
116260  37.854  -55.527  48.451 0.0000000000
15498  37.235  -55.477  47.813 0.0000000000
14779  36.812  -55.893  47.140 0.0000000000
13508  38.540  -58.251  41.836 0.0000000000
112799  42.878  -59.928  40.742 0.0000000000
12854  41.348  -59.571  41.375 0.0000000000
12855  39.949  -59.073  41.151 0.0000000000
13516  39.488  -58.503  40.364 0.0000000000
13517  38.759  -58.167  40.744 0.0000000000
13526  39.905  -58.115  39.298 0.0000000000
104569  40.451  -58.176  38.600 0.0000000000
13532  40.498  -58.066  38.101 0.0000000000
13537  41.855  -58.903  37.923 0.0000000000
101633  41.091  -58.524  37.816 0.0000000000
13538  40.365  -58.173  37.747 0.0000000000
12898  40.779  -58.866  37.346 0.0000000000
110827  40.143  -59.526  36.863 0.0000000000
11669  46.911  -61.655  37.468 0.0000000000
9869  46.142  -65.043  35.103 0.0000000000
11056  46.138  -62.624  36.583 0.0000000000
11680  45.796  -61.695  36.827 0.0000000000
11681  45.096  -61.325  36.816 0.0000000000
109380  44.359  -61.331  36.720 0.0000000000
11682  43.486  -61.252  36.619 0.0000000000
11070  43.463  -62.893  35.835 0.0000000000
11059  42.963  -62.061  36.237 0.0000000000
106536  42.517  -61.108  36.525 0.0000000000
11683  41.444  -61.302  36.188 0.0000000000
11696  40.454  -61.510  35.602 0.0000000000
11701  40.022  -61.866  34.436 0.0000000000
111427  43.379  -55.364  49.485 0.0000000000
15465  44.005  -55.741  49.779 0.0000000000
15466  42.725  -55.496  49.460 0.0000000000
15467  41.973  -55.570  49.465 0.0000000000
15468  41.083  -55.571  49.496 0.0000000000
14057  41.968  -58.099  50.333 0.0000000000
14069  42.238  -57.117  50.213 0.0000000000
14747  40.662  -56.385  49.867 0.0000000000
15470  39.121  -55.833  49.241 0.0000000000
110059  38.253  -56.007  48.941 0.0000000000
15486  37.515  -56.148  48.460 0.0000000000
108383  37.171  -57.294  46.485 0.0000000000
105552  36.896  -57.724  47.324 0.0000000000
13469  37.689  -57.797  45.819 0.0000000000
99742  40.612  -58.788  44.525 0.0000000000
12823  41.313  -59.137  44.556 0.0000000000
13473  42.393  -58.888  44.152 0.0000000000
14815  36.506  -56.301  41.357 0.0000000000
16361  35.561  -54.328  43.083 0.0000000000
113795  35.406  -54.443  42.290 0.0000000000
17209  35.735  -53.671  43.362 0.0000000000
11073  40.621  -62.160  35.019 0.0000000000
11670  45.545  -60.991  37.163 0.0000000000
12236  46.252  -60.669  40.956 0.0000000000
12269  39.440  -60.222  36.228 0.0000000000
12831  43.683  -59.251  43.932 0.0000000000
12866  41.595  -59.588  40.292 0.0000000000
12875  43.226  -59.644  39.028 0.0000000000
12883  43.463  -59.571  38.196 0.0000000000
12899  39.081  -59.492  36.705 0.0000000000
13474  41.844  -58.766  44.217 0.0000000000
13475  41.087  -58.611  44.233 0.0000000000
13497  39.317  -58.469  42.591 0.0000000000
14058  41.232  -58.338  50.265 0.0000000000
14072  38.732  -58.219  49.459 0.0000000000
14084  37.385  -57.691  48.540 0.0000000000
14159  39.107  -57.792  39.810 0.0000000000
14175  39.337  -57.337  39.000 0.0000000000
14188  39.482  -57.493  38.437 0.0000000000
14749  38.758  -56.644  49.404 0.0000000000
14850  37.529  -56.458  38.708 0.0000000000
14851  36.908  -56.550  38.306 0.0000000000
15556  36.100  -55.661  40.959 0.0000000000
16346  35.897  -54.247  43.958 0.0000000000
17229  35.478  -53.561  42.581 0.0000000000
103175  35.497  -54.571  39.980 0.0000000000
103522  36.012  -55.832  42.886 0.0000000000
