#!ascii label  , from subject sub-01 vox2ras=TkReg
253
53594  28.824  -11.163  5.298 0.0000000000
45326  26.293  -20.298  9.996 0.0000000000
99496  25.627  -6.397  3.616 0.0000000000
65757  22.988  3.953  -0.028 0.0000000000
113863  24.607  -21.048  10.873 0.0000000000
60201  27.774  -3.608  3.147 0.0000000000
104832  26.489  -0.788  2.394 0.0000000000
52719  26.453  -12.635  6.257 0.0000000000
49915  27.708  -15.909  7.129 0.0000000000
51739  29.355  -14.113  5.925 0.0000000000
56198  30.425  -9.469  3.278 0.0000000000
53591  32.121  -12.826  4.064 0.0000000000
56189  27.264  -8.728  4.920 0.0000000000
115967  29.584  -6.596  2.692 0.0000000000
64191  23.511  1.048  0.632 0.0000000000
64188  26.436  1.422  1.478 0.0000000000
113862  29.021  -19.552  8.777 0.0000000000
61002  25.786  -2.185  2.960 0.0000000000
102055  24.899  -0.983  2.477 0.0000000000
52725  27.245  -11.834  6.132 0.0000000000
51740  28.346  -13.262  6.176 0.0000000000
103029  29.398  -12.208  5.132 0.0000000000
45318  25.907  -20.822  10.403 0.0000000000
57042  26.400  -7.543  4.299 0.0000000000
57054  28.817  -7.526  4.203 0.0000000000
57813  27.557  -5.924  4.222 0.0000000000
61013  28.435  -2.570  1.509 0.0000000000
59427  29.120  -4.211  1.886 0.0000000000
65776  21.981  3.483  -1.265 0.0000000000
63438  22.298  0.684  -0.408 0.0000000000
64984  23.550  2.714  0.621 0.0000000000
67436  26.900  5.283  -0.768 0.0000000000
65765  26.929  3.790  -0.502 0.0000000000
65742  26.234  3.143  0.726 0.0000000000
64992  27.143  2.457  -0.081 0.0000000000
64200  27.259  1.433  0.647 0.0000000000
113657  28.732  -16.971  7.330 0.0000000000
48180  28.016  -17.456  7.681 0.0000000000
105804  24.010  -21.868  11.420 0.0000000000
59405  26.607  -4.658  3.565 0.0000000000
60988  26.902  -3.233  3.345 0.0000000000
100956  27.450  -1.823  2.525 0.0000000000
62570  28.282  -1.062  0.959 0.0000000000
49928  26.229  -14.972  7.234 0.0000000000
50819  27.174  -14.306  6.900 0.0000000000
112523  28.862  -15.490  6.594 0.0000000000
109883  29.721  -16.175  6.746 0.0000000000
54445  29.922  -10.653  4.296 0.0000000000
52736  30.347  -11.827  4.401 0.0000000000
53604  30.821  -11.212  3.683 0.0000000000
54439  26.670  -10.687  5.610 0.0000000000
55339  26.088  -9.704  4.722 0.0000000000
55337  28.014  -10.018  5.457 0.0000000000
117200  29.188  -9.381  4.694 0.0000000000
57053  29.682  -7.991  3.639 0.0000000000
57081  30.265  -7.169  1.894 0.0000000000
58580  28.913  -4.783  2.706 0.0000000000
58593  29.679  -5.492  1.284 0.0000000000
63419  23.517  0.293  0.790 0.0000000000
66595  24.358  4.836  0.484 0.0000000000
65744  24.778  3.155  1.219 0.0000000000
64190  24.649  1.730  1.588 0.0000000000
62559  25.171  0.152  2.022 0.0000000000
63416  26.870  0.642  1.539 0.0000000000
62571  27.884  -0.296  0.896 0.0000000000
47295  25.831  -18.668  9.014 0.0000000000
49047  26.193  -16.131  7.585 0.0000000000
51749  31.092  -13.651  4.860 0.0000000000
50816  31.052  -15.664  6.200 0.0000000000
115276  24.320  -1.441  2.107 0.0000000000
53587  27.622  -11.108  5.825 0.0000000000
99986  28.579  -11.650  5.568 0.0000000000
53586  29.565  -11.723  4.849 0.0000000000
43407  23.172  -22.769  12.205 0.0000000000
43406  24.083  -23.122  11.854 0.0000000000
57814  26.008  -6.976  4.000 0.0000000000
57804  26.985  -6.773  4.464 0.0000000000
104831  26.507  -6.093  4.048 0.0000000000
61024  28.718  -2.616  0.406 0.0000000000
98748  29.012  -3.250  0.857 0.0000000000
65766  22.518  3.473  -0.578 0.0000000000
64995  22.213  2.613  -0.758 0.0000000000
64994  22.856  2.051  -0.153 0.0000000000
64985  22.965  3.031  -0.083 0.0000000000
64993  26.824  3.143  0.062 0.0000000000
106682  27.345  2.222  -0.848 0.0000000000
48178  29.868  -17.502  7.754 0.0000000000
48179  29.139  -17.974  7.741 0.0000000000
46289  24.651  -19.841  10.166 0.0000000000
60202  26.150  -3.965  3.366 0.0000000000
60214  25.535  -3.669  2.925 0.0000000000
61745  26.654  -1.490  2.705 0.0000000000
61001  26.747  -2.362  3.047 0.0000000000
61756  28.044  -1.547  1.753 0.0000000000
61744  27.325  -0.889  2.139 0.0000000000
66610  22.062  4.411  -1.926 0.0000000000
104006  26.329  -13.634  6.616 0.0000000000
118881  26.387  -13.183  6.433 0.0000000000
50818  28.328  -14.439  6.472 0.0000000000
50817  29.757  -15.327  6.326 0.0000000000
44281  24.850  -21.801  11.219 0.0000000000
43417  24.501  -22.533  11.547 0.0000000000
55345  30.326  -10.236  3.642 0.0000000000
118133  30.411  -10.788  3.820 0.0000000000
54454  30.684  -10.503  3.417 0.0000000000
53595  25.695  -11.049  5.208 0.0000000000
56190  26.266  -8.300  4.302 0.0000000000
55346  26.184  -9.029  4.427 0.0000000000
55338  27.051  -9.451  5.271 0.0000000000
56188  28.230  -9.370  5.178 0.0000000000
56200  28.608  -8.557  4.712 0.0000000000
57811  28.886  -6.582  3.692 0.0000000000
107328  29.483  -7.216  3.442 0.0000000000
57069  30.019  -7.618  2.778 0.0000000000
101559  27.044  -3.944  3.494 0.0000000000
59404  27.598  -4.444  3.509 0.0000000000
59403  28.275  -4.326  3.164 0.0000000000
59417  29.397  -4.911  1.869 0.0000000000
57849  30.085  -6.135  0.615 0.0000000000
64202  22.950  1.191  -0.016 0.0000000000
63439  21.881  0.178  -0.430 0.0000000000
63428  22.952  0.428  0.112 0.0000000000
62572  22.995  -0.355  0.265 0.0000000000
67437  26.291  5.397  -0.113 0.0000000000
66594  25.239  4.479  0.582 0.0000000000
65754  25.115  3.687  0.937 0.0000000000
64970  26.089  2.342  1.309 0.0000000000
64971  25.147  2.441  1.503 0.0000000000
64189  25.524  1.625  1.679 0.0000000000
63417  24.852  0.976  1.878 0.0000000000
112558  25.899  0.653  1.891 0.0000000000
63437  27.534  0.944  0.012 0.0000000000
63427  27.443  0.604  0.918 0.0000000000
62586  27.801  0.126  0.070 0.0000000000
62585  28.222  -0.811  -0.054 0.0000000000
47303  24.958  -17.987  8.693 0.0000000000
49916  26.686  -15.600  7.389 0.0000000000
49917  25.733  -15.467  7.359 0.0000000000
49046  27.291  -16.455  7.480 0.0000000000
48171  28.700  -18.420  7.965 0.0000000000
48172  27.365  -17.816  8.111 0.0000000000
47300  28.006  -18.752  8.365 0.0000000000
117763  27.554  -18.949  8.628 0.0000000000
52735  30.966  -12.634  4.403 0.0000000000
51748  32.160  -13.617  4.540 0.0000000000
103306  25.349  -3.016  2.747 0.0000000000
61758  24.928  -1.884  2.558 0.0000000000
61757  25.718  -1.242  2.704 0.0000000000
52718  27.511  -12.634  6.274 0.0000000000
52724  28.422  -12.352  5.871 0.0000000000
51751  29.259  -13.030  5.572 0.0000000000
44295  25.449  -21.318  10.780 0.0000000000
44280  25.885  -22.080  11.087 0.0000000000
44294  26.399  -21.533  10.701 0.0000000000
44279  26.523  -21.974  11.157 0.0000000000
56211  30.786  -8.861  2.421 0.0000000000
55355  30.673  -9.961  3.202 0.0000000000
57055  25.656  -7.838  3.767 0.0000000000
57041  27.440  -7.708  4.638 0.0000000000
57812  28.020  -6.654  4.460 0.0000000000
101488  28.357  -5.961  3.907 0.0000000000
99917  28.197  -3.045  2.412 0.0000000000
60212  28.531  -3.871  2.580 0.0000000000
104516  28.747  -3.437  1.764 0.0000000000
60235  29.354  -3.958  0.364 0.0000000000
64212  22.430  1.365  -0.435 0.0000000000
115394  23.523  1.841  0.597 0.0000000000
66601  27.144  4.473  -0.985 0.0000000000
65753  26.389  3.832  0.162 0.0000000000
108063  25.767  3.790  0.617 0.0000000000
64983  26.740  2.531  0.656 0.0000000000
64982  27.118  2.027  0.468 0.0000000000
64211  27.349  1.728  -0.181 0.0000000000
108393  27.511  1.218  -0.795 0.0000000000
43418  23.608  -22.304  11.720 0.0000000000
44296  23.974  -21.214  11.152 0.0000000000
45319  24.879  -20.533  10.505 0.0000000000
46288  25.407  -20.172  10.172 0.0000000000
58569  25.175  -5.910  3.228 0.0000000000
58568  26.060  -5.515  3.629 0.0000000000
59406  25.665  -4.950  3.219 0.0000000000
60213  26.056  -3.069  3.239 0.0000000000
61000  27.540  -2.691  2.854 0.0000000000
60999  27.973  -2.294  2.264 0.0000000000
61773  28.411  -1.907  0.853 0.0000000000
106643  28.398  -1.534  0.240 0.0000000000
65777  21.415  3.687  -1.762 0.0000000000
66604  22.472  4.244  -0.752 0.0000000000
50820  26.258  -14.323  6.929 0.0000000000
50810  27.013  -14.984  7.239 0.0000000000
51741  27.198  -13.411  6.533 0.0000000000
49927  27.942  -15.224  6.842 0.0000000000
49926  28.784  -16.141  6.884 0.0000000000
49053  29.795  -16.790  7.177 0.0000000000
49045  30.449  -16.818  7.358 0.0000000000
54446  29.017  -10.664  5.108 0.0000000000
53593  29.759  -11.266  4.627 0.0000000000
53605  30.402  -11.311  4.150 0.0000000000
53592  31.092  -11.938  4.122 0.0000000000
54453  31.399  -10.938  3.224 0.0000000000
53603  31.949  -11.900  3.578 0.0000000000
52742  33.158  -12.865  3.898 0.0000000000
53588  26.335  -11.333  5.731 0.0000000000
54438  27.847  -10.581  5.632 0.0000000000
54447  26.862  -10.052  5.550 0.0000000000
113300  29.130  -10.050  4.893 0.0000000000
55336  29.855  -9.891  4.054 0.0000000000
118631  29.268  -8.270  4.218 0.0000000000
56199  29.712  -8.911  3.993 0.0000000000
56212  30.289  -8.531  3.021 0.0000000000
57068  30.613  -8.028  2.180 0.0000000000
58567  27.099  -5.236  3.835 0.0000000000
58566  28.226  -5.134  3.571 0.0000000000
58565  28.947  -5.741  3.181 0.0000000000
58579  29.434  -5.616  2.252 0.0000000000
101736  29.921  -6.307  1.600 0.0000000000
62561  23.559  -0.526  1.030 0.0000000000
66603  23.056  4.781  -0.166 0.0000000000
67428  23.691  5.082  0.193 0.0000000000
66596  23.634  4.403  0.392 0.0000000000
65756  23.577  3.563  0.551 0.0000000000
64972  24.274  2.439  1.251 0.0000000000
65743  25.490  3.090  1.149 0.0000000000
119678  23.997  1.649  1.206 0.0000000000
103392  24.087  1.033  1.395 0.0000000000
63418  24.150  0.255  1.675 0.0000000000
62560  24.260  -0.632  1.978 0.0000000000
62558  25.784  -0.374  2.328 0.0000000000
62543  26.657  -0.145  1.939 0.0000000000
64187  27.032  1.236  1.190 0.0000000000
102575  27.371  -0.122  1.519 0.0000000000
99628  26.641  -19.680  9.495 0.0000000000
48182  25.720  -16.638  7.806 0.0000000000
48181  26.733  -16.895  7.801 0.0000000000
48173  26.204  -17.332  8.137 0.0000000000
47301  26.761  -18.298  8.558 0.0000000000
47294  27.152  -19.161  8.974 0.0000000000
117272  30.087  -12.192  4.615 0.0000000000
52723  30.108  -12.818  4.894 0.0000000000
51750  30.188  -13.831  5.376 0.0000000000
50827  31.829  -14.639  4.836 0.0000000000
50828  31.251  -14.670  5.352 0.0000000000
50829  30.504  -14.926  5.759 0.0000000000
49925  30.687  -16.187  6.739 0.0000000000
59418  25.289  -4.413  2.727 0.0000000000
60226  29.250  -3.843  1.193 0.0000000000
62557  27.865  -0.743  1.516 0.0000000000
64201  26.865  1.876  1.058 0.0000000000
65745  24.116  3.199  1.019 0.0000000000
66602  26.621  4.576  -0.284 0.0000000000
115058  27.422  1.713  -0.826 0.0000000000
118272  25.195  -2.498  2.649 0.0000000000
119021  31.488  -15.370  5.767 0.0000000000
