#!ascii label  , from subject sub-01 vox2ras=TkReg
645
39664  21.694  -26.182  16.261 0.1428571492
104267  20.140  -26.281  16.916 0.1428571492
116611  21.213  -25.747  14.833 0.1428571492
110437  22.323  -26.282  16.972 0.1428571492
39685  22.255  -26.340  15.281 0.2857142985
39686  20.867  -26.059  15.992 0.1428571492
39663  22.848  -26.339  16.117 0.1428571492
40638  22.303  -25.323  13.841 0.5714285970
39696  23.498  -26.622  14.631 0.1428571492
40613  24.987  -26.144  14.971 0.2857142985
40625  24.139  -26.115  14.309 0.2857142985
40624  25.685  -25.451  14.860 0.1428571492
108930  26.518  -22.653  13.651 0.2857142985
114940  26.101  -22.855  13.284 0.1428571492
42482  25.983  -23.273  13.777 0.2857142985
119019  27.055  -21.619  11.266 0.2857142985
44261  26.891  -22.031  13.326 0.2857142985
45304  27.513  -20.846  10.201 0.2857142985
45305  27.030  -21.442  10.662 0.2857142985
46285  28.552  -19.789  9.230 0.2857142985
48179  29.139  -17.974  7.741 0.8571428657
47292  29.038  -19.131  8.430 0.4285714328
46271  28.447  -19.749  10.002 0.2857142985
109883  29.721  -16.175  6.746 0.7142857313
49045  30.449  -16.818  7.358 0.7142857313
48178  29.868  -17.502  7.754 0.7142857313
48171  28.700  -18.420  7.965 0.7142857313
50816  31.052  -15.664  6.200 0.8571428657
49925  30.687  -16.187  6.739 0.5714285970
50817  29.757  -15.327  6.326 0.8571428657
49053  29.795  -16.790  7.177 0.7142857313
113657  28.732  -16.971  7.330 0.7142857313
51748  32.160  -13.617  4.540 0.4285714328
50828  31.251  -14.670  5.352 0.7142857313
50829  30.504  -14.926  5.759 0.8571428657
53602  33.448  -12.228  3.536 0.2857142985
53603  31.949  -11.900  3.578 0.5714285970
53591  32.121  -12.826  4.064 0.7142857313
51749  31.092  -13.651  4.860 0.8571428657
54462  32.491  -10.698  2.632 0.1428571492
53607  33.749  -11.525  3.068 0.1428571492
53592  31.092  -11.938  4.122 0.5714285970
52735  30.966  -12.634  4.403 0.8571428657
56219  31.891  -8.477  1.184 0.1428571492
55353  33.105  -9.958  2.062 0.1428571492
55354  31.866  -9.770  2.252 0.1428571492
54463  31.203  -10.189  2.899 0.4285714328
57086  31.792  -7.391  -0.157 0.1428571492
106742  32.260  -7.870  0.479 0.1428571492
57079  31.519  -7.788  0.816 0.1428571492
56210  31.449  -9.071  1.911 0.1428571492
56211  30.786  -8.861  2.421 0.4285714328
55355  30.673  -9.961  3.202 0.5714285970
54454  30.684  -10.503  3.417 0.7142857313
53605  30.402  -11.311  4.150 0.8571428657
57087  31.072  -7.219  0.359 0.1428571492
57848  30.571  -6.647  0.008 0.1428571492
57080  30.883  -7.556  1.317 0.1428571492
57068  30.613  -8.028  2.180 0.5714285970
56198  30.425  -9.469  3.278 0.8571428657
118133  30.411  -10.788  3.820 0.8571428657
55345  30.326  -10.236  3.642 0.8571428657
58605  30.227  -5.946  -0.416 0.1428571492
58606  29.756  -5.400  0.283 0.2857142985
57840  30.539  -6.800  0.998 0.1428571492
101736  29.921  -6.307  1.600 0.8571428657
56212  30.289  -8.531  3.021 0.8571428657
57053  29.682  -7.991  3.639 0.8571428657
60235  29.354  -3.958  0.364 0.1428571492
60247  29.282  -4.218  -0.675 0.1428571492
58593  29.679  -5.492  1.284 0.4285714328
58579  29.434  -5.616  2.252 0.8571428657
107328  29.483  -7.216  3.442 0.8571428657
59426  29.481  -4.621  0.987 0.4285714328
58565  28.947  -5.741  3.181 0.8571428657
115967  29.584  -6.596  2.692 0.8571428657
101488  28.357  -5.961  3.907 0.8571428657
60236  29.054  -3.383  -0.169 0.1428571492
61024  28.718  -2.616  0.406 0.2857142985
104516  28.747  -3.437  1.764 0.8571428657
59427  29.120  -4.211  1.886 0.8571428657
58580  28.913  -4.783  2.706 0.8571428657
59403  28.275  -4.326  3.164 0.8571428657
58566  28.226  -5.134  3.571 0.8571428657
102786  28.539  -2.114  0.024 0.2857142985
98748  29.012  -3.250  0.857 0.5714285970
61013  28.435  -2.570  1.509 0.8571428657
60201  27.774  -3.608  3.147 0.8571428657
60988  26.902  -3.233  3.345 0.8571428657
59404  27.598  -4.444  3.509 0.8571428657
61773  28.411  -1.907  0.853 0.8571428657
61756  28.044  -1.547  1.753 0.8571428657
61000  27.540  -2.691  2.854 0.8571428657
61001  26.747  -2.362  3.047 0.7142857313
62570  28.282  -1.062  0.959 0.8571428657
61744  27.325  -0.889  2.139 0.8571428657
100956  27.450  -1.823  2.525 0.8571428657
104832  26.489  -0.788  2.394 0.8571428657
62543  26.657  -0.145  1.939 0.8571428657
61745  26.654  -1.490  2.705 0.7142857313
63427  27.443  0.604  0.918 0.7142857313
102575  27.371  -0.122  1.519 0.8571428657
64187  27.032  1.236  1.190 0.8571428657
64188  26.436  1.422  1.478 0.8571428657
64970  26.089  2.342  1.309 0.7142857313
63416  26.870  0.642  1.539 0.8571428657
119214  27.351  2.400  -2.800 0.1428571492
64200  27.259  1.433  0.647 0.8571428657
64982  27.118  2.027  0.468 0.7142857313
64983  26.740  2.531  0.656 0.7142857313
105847  27.366  3.902  -2.663 0.1428571492
64993  26.824  3.143  0.062 0.5714285970
65765  26.929  3.790  -0.502 0.5714285970
67437  26.291  5.397  -0.113 0.5714285970
66601  27.144  4.473  -0.985 0.1428571492
67464  27.364  5.423  -3.583 0.1428571492
107908  27.269  6.687  -4.036 0.1428571492
69084  27.070  7.241  -4.320 0.1428571492
67448  27.182  5.956  -1.542 0.1428571492
69085  26.757  7.842  -4.704 0.1428571492
67436  26.900  5.283  -0.768 0.5714285970
69080  27.212  7.178  -3.473 0.1428571492
69075  26.870  7.695  -2.844 0.1428571492
69840  26.504  8.532  -5.232 0.1428571492
69837  26.565  8.421  -3.145 0.1428571492
111606  21.720  -26.907  18.073 0.1428571492
38832  20.978  -26.998  17.986 0.1428571492
105975  22.999  -26.651  15.072 0.2857142985
39684  23.671  -26.665  15.432 0.1428571492
39695  24.304  -26.641  15.067 0.2857142985
42481  26.813  -23.162  14.382 0.2857142985
42471  26.097  -23.856  14.401 0.1428571492
46286  28.074  -20.371  9.715 0.2857142985
48170  29.532  -18.489  8.124 0.4285714328
113862  29.021  -19.552  8.777 0.5714285970
113325  32.178  -15.256  5.615 0.2857142985
52734  33.318  -13.369  4.469 0.1428571492
52723  30.108  -12.818  4.894 0.8571428657
53604  30.821  -11.212  3.683 0.7142857313
57847  31.244  -6.834  -0.502 0.1428571492
57081  30.265  -7.169  1.894 0.8571428657
57069  30.019  -7.618  2.778 0.8571428657
56199  29.712  -8.911  3.993 0.8571428657
57811  28.886  -6.582  3.692 0.8571428657
106643  28.398  -1.534  0.240 0.8571428657
62571  27.884  -0.296  0.896 0.8571428657
64992  27.143  2.457  -0.081 0.7142857313
65764  27.288  3.661  -1.324 0.2857142985
101113  27.234  5.064  -1.420 0.1428571492
69088  26.397  7.672  -5.929 0.1428571492
38833  20.126  -27.065  17.891 0.1428571492
40626  23.286  -26.283  13.963 0.4285714328
41500  24.598  -25.228  13.896 0.2857142985
40637  23.035  -25.572  13.611 0.2857142985
41499  25.445  -24.685  14.294 0.1428571492
43392  27.221  -22.416  14.082 0.2857142985
44260  27.341  -21.372  13.122 0.2857142985
44272  26.786  -21.884  12.194 0.2857142985
115897  26.206  -22.403  11.681 0.2857142985
56218  32.655  -8.454  0.937 0.1428571492
57852  31.987  -6.729  -0.944 0.1428571492
99056  29.862  -5.274  -0.546 0.1428571492
59458  29.670  -4.874  -1.084 0.1428571492
55336  29.855  -9.891  4.054 0.8571428657
60248  28.889  -3.751  -1.227 0.1428571492
61035  28.712  -2.765  -0.694 0.1428571492
61785  28.431  -1.830  -0.719 0.2857142985
62585  28.222  -0.811  -0.054 0.5714285970
62586  27.801  0.126  0.070 0.5714285970
63437  27.534  0.944  0.012 0.5714285970
64211  27.349  1.728  -0.181 0.7142857313
108775  27.209  3.014  -0.733 0.4285714328
64223  27.465  1.671  -1.493 0.2857142985
65006  27.380  2.714  -1.821 0.2857142985
65775  27.368  3.555  -2.127 0.1428571492
66609  27.356  4.369  -1.903 0.1428571492
68257  26.633  6.818  -1.201 0.2857142985
101005  27.405  4.696  -2.896 0.1428571492
69074  27.210  7.011  -2.616 0.1428571492
105467  26.747  7.361  -1.996 0.1428571492
69831  26.336  8.209  -2.142 0.1428571492
102791  27.276  6.003  -4.216 0.1428571492
69839  26.652  8.525  -4.117 0.1428571492
70520  26.373  9.188  -3.538 0.1428571492
70526  26.187  9.323  -5.749 0.1428571492
62595  28.263  -1.039  -1.241 0.4285714328
106595  28.004  -0.270  -0.746 0.4285714328
104800  27.720  0.448  -0.777 0.4285714328
63447  27.576  0.763  -1.551 0.4285714328
108393  27.511  1.218  -0.795 0.5714285970
106682  27.345  2.222  -0.848 0.5714285970
40614  21.354  -26.057  15.334 0.1428571492
109826  20.823  -26.263  16.726 0.1428571492
39644  19.705  -26.566  17.367 0.1428571492
39698  21.946  -26.095  14.680 0.4285714328
40615  20.457  -25.544  15.436 0.2857142985
39697  22.780  -26.469  14.526 0.5714285970
39683  24.507  -26.869  15.777 0.1428571492
40636  23.798  -25.598  13.590 0.1428571492
49926  28.784  -16.141  6.884 0.7142857313
50827  31.829  -14.639  4.836 0.8571428657
51750  30.188  -13.831  5.376 0.8571428657
52742  33.158  -12.865  3.898 0.5714285970
54453  31.399  -10.938  3.224 0.5714285970
56220  31.195  -8.313  1.651 0.2857142985
55357  32.449  -9.129  1.548 0.1428571492
110432  30.987  -9.554  2.673 0.1428571492
57849  30.085  -6.135  0.615 0.5714285970
59417  29.397  -4.911  1.869 0.8571428657
99917  28.197  -3.045  2.412 0.8571428657
60212  28.531  -3.871  2.580 0.8571428657
101559  27.044  -3.944  3.494 0.8571428657
60999  27.973  -2.294  2.264 0.8571428657
65784  27.188  3.144  -2.921 0.1428571492
65753  26.389  3.832  0.162 0.5714285970
113430  26.980  5.737  -4.988 0.1428571492
67449  26.633  6.060  -0.652 0.4285714328
68263  27.279  6.384  -2.353 0.1428571492
68273  26.774  7.215  -5.101 0.1428571492
68272  26.996  6.531  -4.884 0.1428571492
67457  27.368  5.680  -2.603 0.1428571492
68256  27.091  6.744  -1.901 0.1428571492
69081  26.903  7.837  -3.750 0.1428571492
42470  27.555  -23.572  14.796 0.1428571492
44279  26.523  -21.974  11.157 0.5714285970
69819  26.173  7.606  -1.417 0.1428571492
44280  25.885  -22.080  11.087 0.5714285970
44281  24.850  -21.801  11.219 0.5714285970
44282  23.213  -21.466  11.451 0.2857142985
45318  25.907  -20.822  10.403 0.5714285970
45319  24.879  -20.533  10.505 0.5714285970
43419  22.735  -21.999  11.965 0.4285714328
44295  25.449  -21.318  10.780 0.5714285970
45307  22.617  -20.763  11.293 0.2857142985
45320  23.944  -20.480  10.740 0.4285714328
46287  27.402  -20.511  9.837 0.4285714328
45326  26.293  -20.298  9.996 0.5714285970
46289  24.651  -19.841  10.166 0.5714285970
46303  24.278  -19.119  9.771 0.4285714328
47294  27.152  -19.161  8.974 0.5714285970
47295  25.831  -18.668  9.014 0.5714285970
46302  25.370  -19.467  9.702 0.4285714328
47301  26.761  -18.298  8.558 0.7142857313
47302  25.611  -17.754  8.469 0.4285714328
117295  24.294  -20.124  10.443 0.4285714328
45321  22.919  -20.085  10.755 0.2857142985
47296  24.686  -18.539  9.186 0.4285714328
117763  27.554  -18.949  8.628 0.7142857313
48181  26.733  -16.895  7.801 0.7142857313
49048  25.265  -16.077  7.549 0.4285714328
49916  26.686  -15.600  7.389 0.7142857313
49928  26.229  -14.972  7.234 0.5714285970
50820  26.258  -14.323  6.929 0.7142857313
48180  28.016  -17.456  7.681 0.5714285970
49046  27.291  -16.455  7.480 0.5714285970
50819  27.174  -14.306  6.900 0.7142857313
118881  26.387  -13.183  6.433 0.7142857313
52718  27.511  -12.634  6.274 0.7142857313
52719  26.453  -12.635  6.257 0.7142857313
51742  25.785  -13.073  6.185 0.4285714328
52726  25.877  -12.038  5.826 0.4285714328
112523  28.862  -15.490  6.594 0.5714285970
49927  27.942  -15.224  6.842 0.5714285970
50818  28.328  -14.439  6.472 0.5714285970
51740  28.346  -13.262  6.176 0.5714285970
52725  27.245  -11.834  6.132 0.7142857313
54438  27.847  -10.581  5.632 0.7142857313
53588  26.335  -11.333  5.731 0.7142857313
53595  25.695  -11.049  5.208 0.5714285970
54447  26.862  -10.052  5.550 0.5714285970
103029  29.398  -12.208  5.132 0.5714285970
52724  28.422  -12.352  5.871 0.5714285970
53586  29.565  -11.723  4.849 0.7142857313
99986  28.579  -11.650  5.568 0.7142857313
54446  29.017  -10.664  5.108 0.8571428657
53589  25.352  -11.725  5.374 0.4285714328
55337  28.014  -10.018  5.457 0.7142857313
55338  27.051  -9.451  5.271 0.7142857313
56188  28.230  -9.370  5.178 0.7142857313
55339  26.088  -9.704  4.722 0.5714285970
55346  26.184  -9.029  4.427 0.7142857313
117272  30.087  -12.192  4.615 0.5714285970
53587  27.622  -11.108  5.825 0.7142857313
113300  29.130  -10.050  4.893 0.8571428657
56189  27.264  -8.728  4.920 0.7142857313
56190  26.266  -8.300  4.302 0.5714285970
57815  25.173  -7.193  3.405 0.2857142985
54445  29.922  -10.653  4.296 0.7142857313
56200  28.608  -8.557  4.712 0.7142857313
99496  25.627  -6.397  3.616 0.7142857313
117200  29.188  -9.381  4.694 0.7142857313
57041  27.440  -7.708  4.638 0.8571428657
58567  27.099  -5.236  3.835 0.8571428657
57814  26.008  -6.976  4.000 0.5714285970
104831  26.507  -6.093  4.048 0.8571428657
58568  26.060  -5.515  3.629 0.8571428657
58569  25.175  -5.910  3.228 0.7142857313
57054  28.817  -7.526  4.203 0.8571428657
57813  27.557  -5.924  4.222 0.8571428657
59406  25.665  -4.950  3.219 0.8571428657
59405  26.607  -4.658  3.565 0.8571428657
60202  26.150  -3.965  3.366 0.7142857313
102055  24.899  -0.983  2.477 0.7142857313
62558  25.784  -0.374  2.328 0.5714285970
115276  24.320  -1.441  2.107 0.7142857313
62559  25.171  0.152  2.022 0.7142857313
112558  25.899  0.653  1.891 0.7142857313
64190  24.649  1.730  1.588 0.7142857313
63418  24.150  0.255  1.675 0.7142857313
64972  24.274  2.439  1.251 0.7142857313
64984  23.550  2.714  0.621 0.7142857313
115394  23.523  1.841  0.597 0.5714285970
64971  25.147  2.441  1.503 0.7142857313
65744  24.778  3.155  1.219 0.7142857313
65755  24.394  3.921  0.805 0.4285714328
65756  23.577  3.563  0.551 0.5714285970
64985  22.965  3.031  -0.083 0.5714285970
65743  25.490  3.090  1.149 0.5714285970
64994  22.856  2.051  -0.153 0.5714285970
66595  24.358  4.836  0.484 0.5714285970
66596  23.634  4.403  0.392 0.5714285970
65757  22.988  3.953  -0.028 0.5714285970
64995  22.213  2.613  -0.758 0.4285714328
106333  22.174  1.818  -0.615 0.4285714328
66604  22.472  4.244  -0.752 0.5714285970
65766  22.518  3.473  -0.578 0.5714285970
67428  23.691  5.082  0.193 0.5714285970
65008  21.098  3.006  -1.506 0.4285714328
64214  21.249  1.398  -0.789 0.4285714328
65777  21.415  3.687  -1.762 0.5714285970
65776  21.981  3.483  -1.265 0.5714285970
108280  21.062  4.868  -2.484 0.4285714328
51751  29.259  -13.030  5.572 0.5714285970
66617  21.801  4.998  -2.533 0.2857142985
119371  21.109  4.158  -2.150 0.4285714328
66612  20.604  4.320  -1.939 0.2857142985
43417  24.501  -22.533  11.547 0.5714285970
43406  24.083  -23.122  11.854 0.5714285970
45317  26.928  -21.037  10.311 0.2857142985
44294  26.399  -21.533  10.701 0.4285714328
105804  24.010  -21.868  11.420 0.5714285970
46290  23.781  -19.675  10.316 0.4285714328
47303  24.958  -17.987  8.693 0.5714285970
46291  22.906  -19.177  10.241 0.2857142985
46304  23.538  -18.953  9.873 0.2857142985
48182  25.720  -16.638  7.806 0.5714285970
49037  30.245  -17.066  7.764 0.2857142985
49918  24.906  -15.471  7.209 0.2857142985
104006  26.329  -13.634  6.616 0.7142857313
118631  29.268  -8.270  4.218 0.8571428657
57042  26.400  -7.543  4.299 0.7142857313
61002  25.786  -2.185  2.960 0.7142857313
61757  25.718  -1.242  2.704 0.7142857313
61758  24.928  -1.884  2.558 0.7142857313
119678  23.997  1.649  1.206 0.7142857313
64212  22.430  1.365  -0.435 0.5714285970
65007  21.460  2.793  -1.283 0.2857142985
65742  26.234  3.143  0.726 0.5714285970
65754  25.115  3.687  0.937 0.5714285970
108063  25.767  3.790  0.617 0.5714285970
66594  25.239  4.479  0.582 0.5714285970
67441  22.648  5.064  -1.036 0.2857142985
51739  29.355  -14.113  5.925 0.7142857313
49915  27.708  -15.909  7.129 0.5714285970
52736  30.347  -11.827  4.401 0.7142857313
53593  29.759  -11.266  4.627 0.7142857313
57812  28.020  -6.654  4.460 0.7142857313
64189  25.524  1.625  1.679 0.8571428657
47300  28.006  -18.752  8.365 0.5714285970
48172  27.365  -17.816  8.111 0.5714285970
60214  25.535  -3.669  2.925 0.7142857313
113863  24.607  -21.048  10.873 0.5714285970
44296  23.974  -21.214  11.152 0.5714285970
43418  23.608  -22.304  11.720 0.5714285970
45306  23.305  -20.796  11.068 0.4285714328
46288  25.407  -20.172  10.172 0.5714285970
43407  23.172  -22.769  12.205 0.5714285970
99628  26.641  -19.680  9.495 0.5714285970
47297  23.775  -18.432  9.303 0.4285714328
48173  26.204  -17.332  8.137 0.5714285970
110698  25.393  -17.087  8.057 0.4285714328
49047  26.193  -16.131  7.585 0.7142857313
49917  25.733  -15.467  7.359 0.5714285970
49038  24.918  -16.652  7.796 0.4285714328
50810  27.013  -14.984  7.239 0.7142857313
49929  25.380  -14.629  6.823 0.2857142985
51741  27.198  -13.411  6.533 0.7142857313
54439  26.670  -10.687  5.610 0.7142857313
53594  28.824  -11.163  5.298 0.5714285970
109150  25.369  -10.069  4.349 0.2857142985
57055  25.656  -7.838  3.767 0.5714285970
112529  25.068  -7.894  3.373 0.2857142985
57804  26.985  -6.773  4.464 0.8571428657
63417  24.852  0.976  1.878 0.7142857313
66603  23.056  4.781  -0.166 0.7142857313
66610  22.062  4.411  -1.926 0.5714285970
65778  20.872  3.567  -1.784 0.4285714328
48167  23.155  -17.778  8.891 0.1428571492
48175  24.117  -17.721  8.578 0.4285714328
40629  20.814  -25.214  14.630 0.4285714328
45282  27.786  -20.664  13.074 0.1428571492
113449  27.465  -20.874  11.162 0.1428571492
117242  27.882  -20.086  11.504 0.1428571492
47284  28.948  -19.438  9.225 0.1428571492
100797  29.210  -19.056  8.631 0.1428571492
45294  27.778  -20.305  12.305 0.1428571492
48159  28.989  -18.367  9.649 0.1428571492
100847  28.199  -19.527  11.255 0.1428571492
48166  29.500  -18.249  8.641 0.1428571492
49036  30.674  -16.534  7.310 0.2857142985
49924  31.379  -15.839  6.645 0.1428571492
60213  26.056  -3.069  3.239 0.5714285970
71177  25.660  10.811  -5.283 0.1428571492
59418  25.289  -4.413  2.727 0.4285714328
71174  25.405  10.995  -4.074 0.1428571492
105468  24.052  -2.331  1.630 0.4285714328
61759  23.689  -1.393  1.318 0.4285714328
69821  23.922  8.431  -1.693 0.2857142985
106060  23.576  6.324  -0.867 0.2857142985
67427  24.280  5.552  0.120 0.2857142985
68248  24.025  7.023  -0.752 0.2857142985
61027  21.139  -2.168  0.748 0.1428571492
62561  23.559  -0.526  1.030 0.5714285970
103392  24.087  1.033  1.395 0.5714285970
68258  23.112  6.859  -1.511 0.2857142985
67426  25.047  5.357  0.350 0.4285714328
62573  22.434  -0.802  0.066 0.4285714328
63428  22.952  0.428  0.112 0.5714285970
67450  22.941  5.923  -1.446 0.2857142985
62587  21.863  -0.376  -0.231 0.4285714328
63440  21.402  0.165  -0.418 0.2857142985
67458  21.826  5.746  -2.510 0.1428571492
67451  22.305  5.335  -2.204 0.1428571492
63429  20.782  0.221  -0.307 0.1428571492
67459  21.277  5.714  -2.603 0.1428571492
68264  21.321  6.477  -2.668 0.1428571492
69076  21.344  7.196  -2.810 0.1428571492
99924  21.029  0.790  -0.661 0.2857142985
102071  20.359  5.080  -2.059 0.2857142985
67443  19.219  5.224  -0.462 0.1428571492
67460  20.792  5.715  -2.364 0.1428571492
67452  20.344  5.794  -1.835 0.1428571492
68266  20.671  6.339  -2.240 0.1428571492
68265  20.938  6.486  -2.570 0.1428571492
68260  20.477  6.465  -1.697 0.1428571492
40639  21.808  -24.837  13.842 0.4285714328
42486  21.375  -23.357  13.414 0.2857142985
44271  27.339  -21.099  12.235 0.1428571492
47272  28.476  -18.768  11.099 0.1428571492
48165  29.875  -17.773  8.182 0.1428571492
61014  24.222  -3.365  1.590 0.2857142985
68246  25.505  6.500  -0.310 0.2857142985
69066  22.286  7.369  -2.433 0.2857142985
69064  24.434  7.788  -1.101 0.2857142985
42487  20.659  -22.995  13.697 0.2857142985
99823  26.936  -24.026  14.774 0.1428571492
41498  26.307  -24.695  14.775 0.1428571492
43391  27.625  -21.804  13.856 0.1428571492
62575  20.577  -0.274  0.087 0.1428571492
60215  24.886  -3.810  2.210 0.4285714328
61776  21.293  -1.238  0.275 0.2857142985
64202  22.950  1.191  -0.016 0.5714285970
67425  25.717  5.148  0.279 0.4285714328
69822  22.451  8.281  -2.513 0.2857142985
69065  23.449  7.639  -1.671 0.2857142985
69052  24.924  7.199  -0.598 0.2857142985
69063  25.395  7.764  -1.066 0.2857142985
70497  24.616  9.104  -1.751 0.2857142985
70509  25.353  9.557  -2.227 0.1428571492
70510  24.164  9.808  -2.125 0.1428571492
70508  26.150  9.056  -2.597 0.1428571492
69077  20.912  7.205  -2.853 0.2857142985
70521  25.909  9.801  -3.042 0.1428571492
49923  32.196  -15.427  6.083 0.2857142985
68245  26.199  6.543  -0.577 0.4285714328
70498  23.285  9.113  -2.205 0.2857142985
114300  25.779  8.206  -1.517 0.1428571492
41515  21.611  -24.154  13.614 0.4285714328
40628  21.650  -25.455  14.284 0.4285714328
49044  30.923  -16.494  7.051 0.4285714328
66593  26.064  4.578  0.263 0.4285714328
67438  25.641  5.788  0.061 0.2857142985
69051  25.841  7.116  -0.784 0.2857142985
62560  24.260  -0.632  1.978 0.5714285970
63419  23.517  0.293  0.790 0.5714285970
64191  23.511  1.048  0.632 0.5714285970
68233  24.925  6.054  0.039 0.2857142985
66611  21.511  4.440  -2.234 0.4285714328
66613  19.915  4.577  -1.459 0.2857142985
103306  25.349  -3.016  2.747 0.5714285970
63438  22.298  0.684  -0.408 0.5714285970
67440  23.453  5.574  -0.447 0.2857142985
113686  28.660  -18.831  10.184 0.1428571492
46261  28.277  -19.514  12.415 0.1428571492
61015  23.514  -2.985  1.036 0.2857142985
67439  24.193  6.196  -0.353 0.2857142985
68247  24.722  6.611  -0.351 0.2857142985
103406  21.827  -1.691  0.282 0.2857142985
110314  23.095  -1.185  0.415 0.4285714328
68259  22.191  6.395  -2.350 0.1428571492
112647  22.389  -0.078  -0.161 0.4285714328
61775  21.905  -1.032  0.045 0.2857142985
62572  22.995  -0.355  0.265 0.5714285970
63439  21.881  0.178  -0.430 0.5714285970
98725  21.563  0.719  -0.602 0.4285714328
41516  20.877  -23.801  13.876 0.2857142985
49032  29.611  -17.394  8.977 0.1428571492
60228  23.636  -3.831  1.257 0.2857142985
69820  25.016  8.423  -1.379 0.2857142985
69832  25.671  8.848  -1.841 0.2857142985
71154  25.016  10.296  -2.577 0.1428571492
106043  25.938  -10.366  5.012 0.4285714328
56201  25.453  -8.523  3.739 0.2857142985
104767  20.553  8.968  -3.232 0.1428571492
70512  20.846  9.645  -3.355 0.1428571492
69055  20.637  7.209  -1.675 0.1428571492
69823  20.994  8.365  -3.204 0.1428571492
69833  21.641  9.019  -2.962 0.1428571492
69067  20.729  7.900  -2.751 0.1428571492
69824  20.512  8.572  -2.828 0.1428571492
69834  20.653  8.619  -3.132 0.1428571492
70499  20.419  9.045  -3.166 0.1428571492
119519  20.438  9.404  -3.198 0.1428571492
100328  20.890  7.898  -3.042 0.1428571492
70488  21.370  9.183  -1.403 0.1428571492
69810  20.848  8.538  -1.671 0.1428571492
108157  20.359  9.671  -2.810 0.1428571492
71157  20.686  10.412  -3.472 0.1428571492
47293  28.353  -19.488  8.760 0.2857142985
113769  21.408  7.805  -2.929 0.1428571492
70511  22.643  9.809  -2.621 0.1428571492
70489  20.480  8.953  -2.666 0.1428571492
46301  27.840  -19.958  9.320 0.4285714328
42497  24.499  -23.788  12.129 0.4285714328
42483  25.318  -23.796  13.144 0.1428571492
42507  24.958  -23.246  11.708 0.2857142985
42496  25.171  -23.630  12.206 0.1428571492
43416  25.394  -22.600  11.442 0.2857142985
41525  24.004  -24.370  12.546 0.2857142985
64213  21.810  1.278  -0.688 0.4285714328
42498  23.603  -23.624  12.306 0.4285714328
43405  25.651  -22.905  11.840 0.1428571492
43394  25.706  -23.124  12.851 0.1428571492
41511  24.962  -24.521  13.441 0.1428571492
43404  25.984  -22.463  11.360 0.2857142985
42484  24.702  -24.225  12.645 0.2857142985
42485  22.150  -23.757  13.089 0.2857142985
42499  22.673  -23.272  12.629 0.2857142985
48174  24.811  -17.283  8.227 0.2857142985
49049  24.520  -16.108  7.545 0.2857142985
51743  25.395  -13.622  6.210 0.1428571492
51753  25.124  -12.918  5.633 0.1428571492
52727  25.114  -12.355  5.458 0.2857142985
117770  25.326  -10.751  4.775 0.1428571492
57056  24.734  -8.116  3.311 0.1428571492
57070  24.483  -7.416  2.916 0.1428571492
58581  24.688  -6.005  2.700 0.1428571492
57826  24.201  -6.544  2.428 0.1428571492
58582  24.441  -5.636  2.144 0.1428571492
58594  23.888  -6.019  1.808 0.1428571492
60238  22.325  -3.274  0.889 0.1428571492
61760  23.293  -2.069  0.720 0.1428571492
61026  22.052  -2.442  0.528 0.1428571492
61025  22.849  -2.641  0.656 0.1428571492
64996  21.566  1.986  -0.871 0.1428571492
64224  21.084  2.244  -1.125 0.1428571492
64215  20.857  1.545  -0.782 0.1428571492
65009  20.736  2.930  -1.329 0.1428571492
65010  20.212  2.977  -0.936 0.1428571492
41501  21.096  -24.631  14.142 0.2857142985
41513  23.517  -24.893  13.163 0.1428571492
105729  24.962  -5.272  2.660 0.2857142985
59428  24.107  -5.190  1.651 0.1428571492
61774  22.513  -1.673  0.306 0.1428571492
118704  20.613  -24.716  14.491 0.2857142985
49039  24.154  -16.784  7.939 0.2857142985
52728  24.663  -12.569  5.364 0.1428571492
54456  24.716  -10.111  4.143 0.1428571492
110020  25.518  -9.278  4.026 0.1428571492
56214  23.652  -7.799  2.855 0.1428571492
56213  23.920  -7.717  2.772 0.1428571492
107881  23.554  -7.200  2.391 0.1428571492
57827  23.033  -6.995  1.936 0.1428571492
60227  24.237  -4.280  1.629 0.1428571492
60239  21.488  -3.097  1.061 0.1428571492
41514  22.508  -24.635  13.440 0.2857142985
52737  24.798  -12.028  5.242 0.1428571492
118657  25.105  -6.578  3.313 0.1428571492
63441  20.463  0.975  -0.329 0.1428571492
59419  24.675  -4.793  2.092 0.1428571492
42500  21.849  -22.932  12.953 0.2857142985
49050  23.873  -16.093  7.572 0.1428571492
57072  22.948  -7.714  1.515 0.1428571492
41503  19.852  -23.945  14.727 0.1428571492
42472  20.232  -23.462  14.232 0.1428571492
42474  19.297  -22.699  14.910 0.1428571492
43408  22.277  -22.465  12.476 0.1428571492
50826  32.684  -14.966  5.564 0.1428571492
107293  32.766  -14.869  5.734 0.1428571492
40616  19.708  -24.967  15.558 0.1428571492
43396  20.535  -22.133  13.414 0.1428571492
43409  21.509  -22.233  12.787 0.1428571492
43395  21.168  -22.609  13.251 0.1428571492
44283  22.420  -21.322  11.703 0.1428571492
62596  27.841  -0.215  -1.654 0.1428571492
45322  22.113  -20.198  11.125 0.1428571492
41489  20.157  -24.748  14.881 0.1428571492
51747  32.847  -14.400  5.323 0.1428571492
42473  19.704  -23.253  14.620 0.1428571492
44273  21.838  -21.635  12.240 0.1428571492
39643  20.563  -26.616  17.407 0.1428571492
40627  22.531  -26.011  14.087 0.5714285970
41502  20.461  -24.214  14.377 0.1428571492
41526  23.078  -24.141  12.781 0.1428571492
43393  26.242  -22.531  12.696 0.2857142985
49021  29.173  -17.347  9.759 0.1428571492
49052  30.452  -16.636  7.064 0.4285714328
49933  32.457  -15.324  5.781 0.2857142985
49934  31.998  -15.539  6.005 0.2857142985
50814  32.609  -15.130  5.791 0.2857142985
50815  32.661  -14.965  6.045 0.1428571492
51752  25.538  -12.596  5.810 0.2857142985
51758  32.980  -14.282  4.992 0.1428571492
53608  32.512  -11.431  3.195 0.4285714328
57825  24.764  -6.648  2.993 0.1428571492
59444  29.555  -4.716  -0.114 0.2857142985
60226  29.250  -3.843  1.193 0.5714285970
61003  24.751  -2.837  2.252 0.2857142985
62557  27.865  -0.743  1.516 0.8571428657
62588  21.275  -0.477  -0.111 0.4285714328
64201  26.865  1.876  1.058 0.8571428657
65745  24.116  3.199  1.019 0.7142857313
66602  26.621  4.576  -0.284 0.5714285970
68269  27.333  6.360  -3.269 0.1428571492
102304  30.767  -6.380  -0.658 0.1428571492
102645  27.368  5.168  -2.054 0.1428571492
104613  26.122  6.088  -0.252 0.4285714328
115058  27.422  1.713  -0.826 0.5714285970
115992  24.969  -25.499  14.480 0.2857142985
116509  23.489  -6.705  2.148 0.1428571492
116988  32.989  -8.803  1.232 0.1428571492
118272  25.195  -2.498  2.649 0.7142857313
118330  25.542  -23.930  13.954 0.1428571492
118552  21.053  -22.133  13.078 0.1428571492
119021  31.488  -15.370  5.767 0.8571428657
